507418.82525274524	3881203.4882977377	70
507418.82525274524	3881203.4882977377	70
507418.82525274524	3881203.4882977377	70
507418.82525274524	3881203.4882977377	70
507418.82525274524	3881203.4882977377	70
507418.83436974	3881203.4883051785	70
507418.84349578514	3881203.4772228613	70
507418.84349578514	3881203.4772228613	70
507418.84349578514	3881203.4772228613	70
507418.84349578514	3881203.4772228613	70
507418.84349578514	3881203.4772228613	70
507418.8526218303	3881203.466140542	70
507418.8526218303	3881203.466140542	70
507418.8526218303	3881203.466140542	70
507418.8526218303	3881203.466140542	70
507418.8526308808	3881203.455050785	70
507418.8526308808	3881203.455050785	70
507418.85264898173	3881203.4328712677	70
507418.85264898173	3881203.4328712677	70
507418.8526580322	3881203.421781509	70
507418.8526670827	3881203.4106917507	70
507418.8526580322	3881203.421781509	70
507418.86181122664	3881203.3774299165	70
507418.86181122664	3881203.3774299165	70
507418.86181122664	3881203.3774299165	70
507418.8618202771	3881203.366340158	70
507418.86184742855	3881203.3330708826	70
507418.86184742855	3881203.3330708826	70
507418.85274853697	3881203.3108839253	70
507418.85274853697	3881203.3108839253	70
507418.83454169857	3881203.27759977	70
507418.83454169857	3881203.27759977	70
507418.80721786275	3881203.244308173	70
507418.80721786275	3881203.244308173	70
507418.80721786275	3881203.244308173	70
507418.7616690895	3881203.1999119376	70
507418.7616690895	3881203.1999119376	70
507418.7161203134	3881203.1555157024	70
507418.7161203134	3881203.1555157024	70
507418.6523375491	3881203.1111045866	70
507418.6523375491	3881203.1111045866	70
507418.5976808271	3881203.0556111536	70
507418.5976808271	3881203.0556111536	70
507418.53390711156	3881203.0001102807	70
507418.46101639763	3881202.9446019665	70
507418.46101639763	3881202.9446019665	70
507418.46101639763	3881202.9446019665	70
507418.3881347351	3881202.8780038967	70
507418.3881347351	3881202.8780038967	70
507418.3061451236	3881202.800308629	70
507418.3061451236	3881202.800308629	70
507418.2150294655	3881202.7336956803	70
507418.2150294655	3881202.7336956803	70
507418.1239138061	3881202.667082732	70
507418.1239138061	3881202.667082732	70
507418.0328071948	3881202.5893800273	70
507418.0328071948	3881202.5893800273	70
507417.93257453694	3881202.5227596415	70
507417.8232248842	3881202.4561318173	70
507417.8232248842	3881202.4561318173	70
507417.8232248842	3881202.4561318173	70
507417.722992221	3881202.3895114325	70
507417.61364256515	3881202.3228836125	70
507417.722992221	3881202.3895114325	70
507417.61364256515	3881202.3228836125	70
507417.50430195185	3881202.2451660335	70
507417.50430195185	3881202.2451660335	70
507417.3949522926	3881202.178538214	70
507417.3949522926	3881202.178538214	70
507417.2856116757	3881202.1008206373	70
507417.2856116757	3881202.1008206373	70
507417.17627106153	3881202.0231030635	70
507417.17627106153	3881202.0231030635	70
507417.0760383889	3881201.956482688	70
507416.9666977689	3881201.878765115	70
507416.9666977689	3881201.878765115	70
507416.9666977689	3881201.878765115	70
507416.857348099	3881201.812137303	70
507416.857348099	3881201.812137303	70
507416.7479984275	3881201.745509492	70
507416.7479984275	3881201.745509492	70
507416.6295317579	3881201.6788742435	70
507416.6295317579	3881201.6788742435	70
507416.5201820831	3881201.612246435	70
507416.5201820831	3881201.612246435	70
507416.4108324068	3881201.5456186286	70
507416.4108324068	3881201.5456186286	70
507416.30148272886	3881201.478990823	70
507416.30148272886	3881201.478990823	70
507416.1921420965	3881201.40127326	70
507416.1921420965	3881201.40127326	70
507416.0827924152	3881201.3346454576	70
507416.0827924152	3881201.3346454576	70
507415.9734427323	3881201.2680176552	70
507415.9734427323	3881201.2680176552	70
507415.8549670017	3881201.212472176	70
507415.8549670017	3881201.212472176	70
507415.74561731797	3881201.1458443766	70
507415.74561731797	3881201.1458443766	70
507415.62714158674	3881201.0902989004	70
507415.62714158674	3881201.0902989004	70
507415.5177918975	3881201.023671104	70
507415.5177918975	3881201.023671104	70
507415.39931616327	3881200.968125631	70
507415.39931616327	3881200.968125631	70
507415.28996647097	3881200.901497838	70
507415.28996647097	3881200.901497838	70
507415.17149977974	3881200.834862609	70
507415.17149977974	3881200.834862609	70
507415.06215008185	3881200.768234819	70
507415.06215008185	3881200.768234819	70
507414.952800387	3881200.7016070285	70
507414.952800387	3881200.7016070285	70
507414.8434506859	3881200.6349792397	70
507414.72499303566	3881200.5572542604	70
507414.72499303566	3881200.5572542604	70
507414.72499303566	3881200.5572542604	70
507414.61563428584	3881200.501716232	70
507414.61563428584	3881200.501716232	70
507414.5062936297	3881200.4239986907	70
507414.5062936297	3881200.4239986907	70
507414.396943922	3881200.3573709084	70
507414.396943922	3881200.3573709084	70
507414.2967112152	3881200.290750563	70
507414.1873615044	3881200.2241227827	70
507414.1873615044	3881200.2241227827	70
507414.1873615044	3881200.2241227827	70
507414.07802084123	3881200.146405245	70
507414.07802084123	3881200.146405245	70
507413.96866208257	3881200.090867227	70
507413.96866208257	3881200.090867227	70
507413.8593123716	3881200.0242394498	70
507413.7499626543	3881199.9576116754	70
507413.8593123716	3881200.0242394498	70
507413.6497299384	3881199.8909913376	70
507413.7499626543	3881199.9576116754	70
507413.6497299384	3881199.8909913376	70
507413.5494881747	3881199.8354607574	70
507413.4401384553	3881199.7688329876	70
507413.4401384553	3881199.7688329876	70
507413.4401384553	3881199.7688329876	70
507413.339896689	3881199.7133024097	70
507413.339896689	3881199.7133024097	70
507413.23966396507	3881199.6466820766	70
507413.1394221962	3881199.591151503	70
507413.1394221962	3881199.591151503	70
507413.0391894695	3881199.524531172	70
507413.0391894695	3881199.524531172	70
507413.0391894695	3881199.524531172	70
507412.9207137006	3881199.46898573	70
507412.9207137006	3881199.46898573	70
507412.8113458859	3881199.424537484	70
507412.69287011435	3881199.368992046	70
507412.8113458859	3881199.424537484	70
507412.56526829733	3881199.3245289335	70
507412.69287011435	3881199.368992046	70
507412.43766648136	3881199.2800658233	70
507412.43766648136	3881199.2800658233	70
507412.43766648136	3881199.2800658233	70
507412.3100556217	3881199.246692472	70
507412.1824447611	3881199.2133191237	70
507412.3100556217	3881199.246692472	70
507412.1824447611	3881199.2133191237	70
507412.0639508986	3881199.17995321	70
507412.0639508986	3881199.17995321	70
507411.93634003616	3881199.146579866	70
507411.93634003616	3881199.146579866	70
507411.8178280881	3881199.1353934715	70
507411.8178280881	3881199.1353934715	70
507411.6902081801	3881199.113109888	70
507411.6902081801	3881199.113109888	70
507411.58081323275	3881199.1019309303	70
507411.58081323275	3881199.1019309303	70
507411.47141828045	3881199.0907519744	70
507411.47141828045	3881199.0907519744	70
507411.3620323716	3881199.068483261	70
507411.2526464621	3881199.0462145507	70
507411.2526464621	3881199.0462145507	70
507411.2526464621	3881199.0462145507	70
507411.1432605522	3881199.02394584	70
507411.0338746417	3881199.0016771317	70
507411.0338746417	3881199.0016771317	70
507411.0338746417	3881199.0016771317	70
507410.9244977714	3881198.968318666	70
507410.8242378997	3881198.9349676333	70
507410.8242378997	3881198.9349676333	70
507410.8242378997	3881198.9349676333	70
507410.7148700707	3881198.890519412	70
507410.60549319565	3881198.8571609505	70
507410.60549319565	3881198.8571609505	70
507410.60549319565	3881198.8571609505	70
507410.49611632444	3881198.823802489	70
507410.38674848794	3881198.779354272	70
507410.38674848794	3881198.779354272	70
507410.27738969494	3881198.7238162984	70
507410.27738969494	3881198.7238162984	70
507410.27738969494	3881198.7238162984	70
507410.16802185617	3881198.6793680834	70
507410.0495370191	3881198.6349124378	70
507410.0495370191	3881198.6349124378	70
507410.0495370191	3881198.6349124378	70
507409.94017822	3881198.5793744675	70
507409.94017822	3881198.5793744675	70
507409.82170241995	3881198.523829067	70
507409.82170241995	3881198.523829067	70
507409.71234361816	3881198.4682910987	70
507409.71234361816	3881198.4682910987	70
507409.5938587761	3881198.4238354587	70
507409.4844909304	3881198.379387253	70
507409.4844909304	3881198.379387253	70
507409.37513212714	3881198.3238492906	70
507409.37513212714	3881198.3238492906	70
507409.37513212714	3881198.3238492906	70
507409.2657642791	3881198.2794010853	70
507409.2657642791	3881198.2794010853	70
507409.1564054733	3881198.223863124	70
507409.1564054733	3881198.223863124	70
507409.04705570004	3881198.157235406	70
507409.04705570004	3881198.157235406	70
507408.9468138915	3881198.101704879	70
507408.83745507937	3881198.046166921	70
507408.9468138915	3881198.101704879	70
507408.83745507937	3881198.046166921	70
507408.737213266	3881197.990636396	70
507408.737213266	3881197.990636396	70
507408.62785445125	3881197.935098442	70
507408.62785445125	3881197.935098442	70
507408.5185046729	3881197.8684707303	70
507408.40914585534	3881197.8129327777	70
507408.5185046729	3881197.8684707303	70
507408.40914585534	3881197.8129327777	70
507408.299796074	3881197.746305069	70
507408.299796074	3881197.746305069	70
507408.190446291	3881197.6796773616	70
507408.190446291	3881197.6796773616	70
507408.0719795059	3881197.613042225	70
507407.96262971964	3881197.54641452	70
507407.96262971964	3881197.54641452	70
507407.96262971964	3881197.54641452	70
507407.8532708948	3881197.4908765755	70
507407.8532708948	3881197.4908765755	70
507407.7439211055	3881197.4242488733	70
507407.62545431376	3881197.3576137424	70
507407.62545431376	3881197.3576137424	70
507407.62545431376	3881197.3576137424	70
507407.5161045189	3881197.290986044	70
507407.5161045189	3881197.290986044	70
507407.40674569056	3881197.2354481043	70
507407.40674569056	3881197.2354481043	70
507407.29739589256	3881197.1688204077	70
507407.29739589256	3881197.1688204077	70
507407.17892909655	3881197.102185284	70
507407.17892909655	3881197.102185284	70
507407.06957929535	3881197.0355575895	70
507407.06957929535	3881197.0355575895	70
507406.96022949717	3881196.9689298975	70
507406.96022949717	3881196.9689298975	70
507406.85087969276	3881196.902302205	70
507406.85087969276	3881196.902302205	70
507406.732403852	3881196.8467568457	70
507406.732403852	3881196.8467568457	70
507406.6230540491	3881196.780129158	70
507406.6230540491	3881196.780129158	70
507406.5137042399	3881196.7135014697	70
507406.5137042399	3881196.7135014697	70
507406.40434539854	3881196.6579635413	70
507406.40434539854	3881196.6579635413	70
507406.29499558633	3881196.591335857	70
507406.29499558633	3881196.591335857	70
507406.1856457771	3881196.5247081746	70
507406.1856457771	3881196.5247081746	70
507406.0762959617	3881196.458080492	70
507406.0762959617	3881196.458080492	70
507405.96693711454	3881196.40254257	70
507405.96693711454	3881196.40254257	70
507405.8666952656	3881196.347012076	70
507405.8666952656	3881196.347012076	70
507405.7573454457	3881196.280384398	70
507405.7573454457	3881196.280384398	70
507405.6479865945	3881196.2248464795	70
507405.6479865945	3881196.2248464795	70
507405.5386277373	3881196.1693085628	70
507405.5386277373	3881196.1693085628	70
507405.4383858855	3881196.1137780733	70
507410.9896728982	3881197.304906954	70
507410.9896728982	3881197.304906954	70
507410.8803140865	3881197.2493689726	70
507410.8803140865	3881197.2493689726	70
507410.7709643187	3881197.182741234	70
507410.7709643187	3881197.182741234	70
507410.7709643187	3881197.182741234	70
507410.6707315481	3881197.116120929	70
507410.6707315481	3881197.116120929	70
507410.57048973563	3881197.060590383	70
507410.57048973563	3881197.060590383	70
507410.46113092074	3881197.005052406	70
507410.46113092074	3881197.005052406	70
507410.35177210456	3881196.949514431	70
507410.35177210456	3881196.949514431	70
507410.24241328705	3881196.8939764574	70
507410.1330454283	3881196.849528243	70
507410.1330454283	3881196.849528243	70
507410.03279456997	3881196.805087462	70
507410.03279456997	3881196.805087462	70
507409.92343574646	3881196.7495494904	70
507410.03279456997	3881196.805087462	70
507409.92343574646	3881196.7495494904	70
507409.8232029672	3881196.6829291955	70
507409.8232029672	3881196.6829291955	70
507409.7138441432	3881196.6273912285	70
507409.7138441432	3881196.6273912285	70
507409.6044853179	3881196.571853262	70
507409.6044853179	3881196.571853262	70
507409.4951264913	3881196.5163152968	70
507409.4951264913	3881196.5163152968	70
507409.3857767022	3881196.4496875764	70
507409.2764178728	3881196.394149613	70
507409.2764178728	3881196.394149613	70
507409.2764178728	3881196.394149613	70
507409.167059042	3881196.338611652	70
507409.06682625035	3881196.271991365	70
507409.06682625035	3881196.271991365	70
507409.06682625035	3881196.271991365	70
507408.9574674168	3881196.216453407	70
507408.9574674168	3881196.216453407	70
507408.8481176202	3881196.149825691	70
507408.8481176202	3881196.149825691	70
507408.73876782204	3881196.083197978	70
507408.73876782204	3881196.083197978	70
507408.62941802223	3881196.016570266	70
507408.520059183	3881195.9610323114	70
507408.62941802223	3881196.016570266	70
507408.520059183	3881195.9610323114	70
507408.4107093801	3881195.8944046027	70
507408.4107093801	3881195.8944046027	70
507408.3013505381	3881195.838866651	70
507408.3013505381	3881195.838866651	70
507408.1919916947	3881195.783328703	70
507408.1919916947	3881195.783328703	70
507408.0917588921	3881195.7167084254	70
507408.0917588921	3881195.7167084254	70
507407.9915170462	3881195.661177909	70
507407.9915170462	3881195.661177909	70
507407.88215819874	3881195.6056399634	70
507407.77280838694	3881195.5390122617	70
507407.77280838694	3881195.5390122617	70
507407.77280838694	3881195.5390122617	70
507407.6725665395	3881195.4834817485	70
507407.46297487454	3881195.361323537	70
507407.46297487454	3881195.361323537	70
507407.46297487454	3881195.361323537	70
507407.3536069862	3881195.3168753553	70
507407.3536069862	3881195.3168753553	70
507407.2533651314	3881195.2613448477	70
507407.14400627697	3881195.2058069105	70
507407.14400627697	3881195.2058069105	70
507407.14400627697	3881195.2058069105	70
507407.0437734557	3881195.139186646	70
507407.0437734557	3881195.139186646	70
507406.93442363216	3881195.0725589534	70
507406.93442363216	3881195.0725589534	70
507406.825073807	3881195.0059312633	70
507406.825073807	3881195.0059312633	70
507406.7157239802	3881194.9393035737	70
507406.6063741519	3881194.8726758854	70
507406.7157239802	3881194.9393035737	70
507406.6063741519	3881194.8726758854	70
507406.4970243219	3881194.8060481995	70
507406.4970243219	3881194.8060481995	70
507406.3785574869	3881194.739413086	70
507406.2600816174	3881194.683867732	70
507406.2600816174	3881194.683867732	70
507406.2600816174	3881194.683867732	70
507406.15073178033	3881194.61724005	70
507406.15073178033	3881194.61724005	70
507406.0413729115	3881194.5617021257	70
507406.0413729115	3881194.5617021257	70
507405.92290606763	3881194.495067019	70
507405.92290606763	3881194.495067019	70
507405.80443922436	3881194.428431913	70
507405.80443922436	3881194.428431913	70
507405.685972377	3881194.3617968084	70
507405.5766135023	3881194.3062588903	70
507405.5766135023	3881194.3062588903	70
507405.5766135023	3881194.3062588903	70
507405.45813761756	3881194.2507135477	70
507405.45813761756	3881194.2507135477	70
507405.3487877741	3881194.184085875	70
507405.3487877741	3881194.184085875	70
507405.23031188874	3881194.1285405355	70
507405.23031188874	3881194.1285405355	70
507405.1118450333	3881194.0619054376	70
507405.1118450333	3881194.0619054376	70
507405.0024861514	3881194.0063675283	70
507405.0024861514	3881194.0063675283	70
507404.8840192928	3881193.9397324338	70
507404.8840192928	3881193.9397324338	70
507404.774669439	3881193.873104768	70
507404.64708557713	3881193.8064622506	70
507404.64708557713	3881193.8064622506	70
507404.4010438782	3881193.662094889	70
507404.64708557713	3881193.8064622506	70
507404.4010438782	3881193.662094889	70
507404.2734509758	3881193.6065421365	70
507404.2734509758	3881193.6065421365	70
507404.13675009954	3881193.5398922004	70
507404.13675009954	3881193.5398922004	70
507404.01828322845	3881193.473257118	70
507404.01828322845	3881193.473257118	70
507403.89980732574	3881193.417711795	70
507403.7813494857	3881193.339986958	70
507403.7813494857	3881193.339986958	70
507403.7813494857	3881193.339986958	70
507403.66288261174	3881193.273351879	70
507403.66288261174	3881193.273351879	70
507403.544415736	3881193.2067168034	70
507403.42594885855	3881193.1400817283	70
507403.544415736	3881193.2067168034	70
507403.30748197937	3881193.0734466556	70
507403.30748197937	3881193.0734466556	70
507403.30748197937	3881193.0734466556	70
507403.18901509617	3881193.006811584	70
507403.07053918234	3881192.951266271	70
507403.07053918234	3881192.951266271	70
507402.9520723004	3881192.8846312016	70
507402.9520723004	3881192.8846312016	70
507402.9520723004	3881192.8846312016	70
507402.8427224175	3881192.8180035604	70
507402.8427224175	3881192.8180035604	70
507402.7242555299	3881192.7513684942	70
507402.7242555299	3881192.7513684942	70
507402.6057886405	3881192.6847334304	70
507402.6057886405	3881192.6847334304	70
507402.4873217494	3881192.618098368	70
507402.4873217494	3881192.618098368	70
507402.3779718645	3881192.5514707314	70
507402.25950496766	3881192.484835671	70
507402.25950496766	3881192.484835671	70
507402.25950496766	3881192.484835671	70
507402.1410380714	3881192.418200614	70
507402.1410380714	3881192.418200614	70
507402.0134451377	3881192.3626478924	70
507402.0134451377	3881192.3626478924	70
507401.9040862142	3881192.30711002	70
507401.803844293	3881192.2515795715	70
507401.803844293	3881192.2515795715	70
507401.6944853692	3881192.1960417004	70
507401.6944853692	3881192.1960417004	70
507401.6944853692	3881192.1960417004	70
507401.5851354688	3881192.129414073	70
507401.5851354688	3881192.129414073	70
507401.47578557144	3881192.0627864473	70
507401.36644469696	3881191.9850690654	70
507401.36644469696	3881191.9850690654	70
507401.36644469696	3881191.9850690654	70
507401.24797778996	3881191.918434019	70
507401.24797778996	3881191.918434019	70
507401.138627883	3881191.851806397	70
507401.138627883	3881191.851806397	70
507401.02015194163	3881191.7962611113	70
507401.02015194163	3881191.7962611113	70
507400.9108020361	3881191.729633493	70
507400.9108020361	3881191.729633493	70
507400.79232608946	3881191.67408821	70
507400.79232608946	3881191.67408821	70
507400.6829761808	3881191.607460594	70
507400.6829761808	3881191.607460594	70
507400.5645092593	3881191.5408255565	70
507400.5645092593	3881191.5408255565	70
507400.45515031705	3881191.4852877003	70
507400.45515031705	3881191.4852877003	70
507400.3458004014	3881191.418660089	70
507400.3458004014	3881191.418660089	70
507400.2364504841	3881191.352032477	70
507400.2364504841	3881191.352032477	70
507400.12710056524	3881191.285404868	70
507400.12710056524	3881191.285404868	70
507400.0086426652	3881191.20768008	70
507400.0086426652	3881191.20768008	70
507399.8992837156	3881191.1521422314	70
507399.8992837156	3881191.1521422314	70
507399.7808167847	3881191.0855072034	70
507399.7808167847	3881191.0855072034	70
507399.6623498521	3881191.0188721786	70
507399.6623498521	3881191.0188721786	70
507399.5438829178	3881190.952237155	70
507399.5438829178	3881190.952237155	70
507399.4254159817	3881190.885602133	70
507399.4254159817	3881190.885602133	70
507399.30694904155	3881190.818967112	70
507399.30694904155	3881190.818967112	70
507399.1793650946	3881190.7523246724	70
507399.1793650946	3881190.7523246724	70
507399.05178114574	3881190.685682234	70
507398.9241881689	3881190.630129556	70
507398.9241881689	3881190.630129556	70
507398.9241881689	3881190.630129556	70
507398.66902026214	3881190.496844689	70
507398.66902026214	3881190.496844689	70
507398.54143630597	3881190.430202257	70
507398.54143630597	3881190.430202257	70
507398.4047443633	3881190.3524626507	70
507398.2771604055	3881190.2858202225	70
507398.2771604055	3881190.2858202225	70
507398.2771604055	3881190.2858202225	70
507398.1495854663	3881190.2080880385	70
507398.01290254196	3881190.11925868	70
507398.01290254196	3881190.11925868	70
507398.01290254196	3881190.11925868	70
507397.885318578	3881190.052616258	70
507397.885318578	3881190.052616258	70
507397.7577436346	3881189.974884081	70
507397.7577436346	3881189.974884081	70
507397.6301596621	3881189.9082416627	70
507397.6301596621	3881189.9082416627	70
507397.5025756901	3881189.841599246	70
507397.5025756901	3881189.841599246	70
507397.3750007404	3881189.763867073	70
507397.3750007404	3881189.763867073	70
507397.2474167645	3881189.697224661	70
507397.2474167645	3881189.697224661	70
507397.11984180834	3881189.619492492	70
507397.11984180834	3881189.619492492	70
507396.99225782853	3881189.552850084	70
507396.86468287045	3881189.4751179176	70
507396.86468287045	3881189.4751179176	70
507396.86468287045	3881189.4751179176	70
507396.74622491666	3881189.397393173	70
507396.61863191	3881189.3418405275	70
507396.74622491666	3881189.397393173	70
507396.61863191	3881189.3418405275	70
507396.5001649316	3881189.2752055433	70
507396.5001649316	3881189.2752055433	70
507396.3725899654	3881189.197473385	70
507396.3725899654	3881189.197473385	70
507396.2450059719	3881189.130830987	70
507396.1265480107	3881189.053106249	70
507396.1265480107	3881189.053106249	70
507396.1265480107	3881189.053106249	70
507395.9989730382	3881188.9753740956	70
507395.9989730382	3881188.9753740956	70
507395.87138903886	3881188.9087317027	70
507395.7438140622	3881188.8309995537	70
507395.7438140622	3881188.8309995537	70
507395.6253560951	3881188.7532748226	70
507395.6253560951	3881188.7532748226	70
507395.5068981213	3881188.675550094	70
507395.5068981213	3881188.675550094	70
507395.3884311261	3881188.608915124	70
507395.3884311261	3881188.608915124	70
507395.3884311261	3881188.608915124	70
507395.27909918444	3881188.5201080563	70
507395.16063218314	3881188.45347309	70
507395.16063218314	3881188.45347309	70
507395.16063218314	3881188.45347309	70
507395.04217420385	3881188.375748368	70
507395.04217420385	3881188.375748368	70
507394.9237162225	3881188.2980236467	70
507394.9237162225	3881188.2980236467	70
507394.81437524915	3881188.2203063425	70
507394.69591726153	3881188.142581625	70
507394.69591726153	3881188.142581625	70
507394.69591726153	3881188.142581625	70
507394.5774502557	3881188.075946666	70
507394.5774502557	3881188.075946666	70
507394.4589922665	3881187.99822195	70
507394.4589922665	3881187.99822195	70
507394.22206726164	3881187.8538622833	70
507394.22206726164	3881187.8538622833	70
507394.1036002463	3881187.787227331	70
507394.1036002463	3881187.787227331	70
507393.98512420675	3881187.7316821376	70
507393.98512420675	3881187.7316821376	70
507393.8666571881	3881187.6650471888	70
507393.74819918745	3881187.587322483	70
507393.74819918745	3881187.587322483	70
507393.6388491758	3881187.5206949515	70
507393.74819918745	3881187.587322483	70
507393.5203911737	3881187.4429702475	70
507393.6388491758	3881187.5206949515	70
507393.5203911737	3881187.4429702475	70
507393.4110501757	3881187.365252961	70
507393.4110501757	3881187.365252961	70
507393.2834661372	3881187.2986106058	70
507393.2834661372	3881187.2986106058	70
507393.1741251378	3881187.2208933216	70
507393.1741251378	3881187.2208933216	70
507393.0556581065	3881187.154258383	70
507393.0556581065	3881187.154258383	70
507392.9280740624	3881187.087616031	70
507392.9280740624	3881187.087616031	70
507392.80961604393	3881187.0098913372	70
507392.80961604393	3881187.0098913372	70
507392.68203199597	3881186.9432489895	70
507392.68203199597	3881186.9432489895	70
507392.54533995315	3881186.8655094714	70
507392.54533995315	3881186.8655094714	70
507392.41776491946	3881186.78777737	70
507392.2901808632	3881186.7211350263	70
507392.2901808632	3881186.7211350263	70
507392.2901808632	3881186.7211350263	70
507392.1626058253	3881186.6434029276	70
507392.0350217674	3881186.5767605887	70
507392.1626058253	3881186.6434029276	70
507392.0350217674	3881186.5767605887	70
507391.8983206961	3881186.5101108374	70
507391.8983206961	3881186.5101108374	70
507391.7707456495	3881186.4323787442	70
507391.7707456495	3881186.4323787442	70
507391.6431615859	3881186.365736411	70
507391.6431615859	3881186.365736411	70
507391.51558653975	3881186.2880043206	70
507391.51558653975	3881186.2880043206	70
507391.3880114891	3881186.2102722325	70
507391.3880114891	3881186.2102722325	70
507391.25131941965	3881186.1325327335	70
507391.1237443669	3881186.0548006506	70
507391.25131941965	3881186.1325327335	70
507391.1237443669	3881186.0548006506	70
507390.9870522951	3881185.9770611557	70
507390.9870522951	3881185.9770611557	70
507390.8503512071	3881185.9104114207	70
507390.8503512071	3881185.9104114207	70
507390.7227761455	3881185.8326793415	70
507390.5860750533	3881185.7660296108	70
507390.5860750533	3881185.7660296108	70
507390.5860750533	3881185.7660296108	70
507390.4584909694	3881185.6993872942	70
507390.4584909694	3881185.6993872942	70
507390.33090688585	3881185.6327449786	70
507390.33090688585	3881185.6327449786	70
507390.2033318159	3881185.5550129074	70
507390.2033318159	3881185.5550129074	70
507390.07574773085	3881185.488370596	70
507389.95728966716	3881185.410645939	70
507389.95728966716	3881185.410645939	70
507389.95728966716	3881185.410645939	70
507389.8297145909	3881185.332913874	70
507389.8297145909	3881185.332913874	70
507389.7021395125	3881185.2551818094	70
507389.58368144266	3881185.177457159	70
507389.7021395125	3881185.2551818094	70
507389.4469893469	3881185.099717688	70
507389.4469893469	3881185.099717688	70
507389.3194052475	3881185.0330753867	70
507389.3194052475	3881185.0330753867	70
507389.3194052475	3881185.0330753867	70
507389.19182114635	3881184.966433088	70
507389.19182114635	3881184.966433088	70
507389.07336307067	3881184.8887084424	70
507389.07336307067	3881184.8887084424	70
507388.9457879796	3881184.810976389	70
507388.9457879796	3881184.810976389	70
507388.8182128863	3881184.7332443376	70
507388.8182128863	3881184.7332443376	70
507388.69975480204	3881184.655519698	70
507388.5721797045	3881184.57778765	70
507388.5721797045	3881184.57778765	70
507388.5721797045	3881184.57778765	70
507388.43547857774	3881184.5111379516	70
507388.298777449	3881184.444488255	70
507388.298777449	3881184.444488255	70
507388.17118431913	3881184.3889357275	70
507388.17118431913	3881184.3889357275	70
507388.0436001982	3881184.3222934455	70
507388.0436001982	3881184.3222934455	70
507388.0436001982	3881184.3222934455	70
507387.9160250903	3881184.2445614072	70
507387.9160250903	3881184.2445614072	70
507387.7884499803	3881184.1668293695	70
507387.7884499803	3881184.1668293695	70
507387.6608658534	3881184.100187093	70
507387.6608658534	3881184.100187093	70
507387.5424077534	3881184.0224624686	70
507387.4148326394	3881183.944730437	70
507387.4148326394	3881183.944730437	70
507387.4148326394	3881183.944730437	70
507387.27814050426	3881183.866990998	70
507387.27814050426	3881183.866990998	70
507387.15055636945	3881183.8003487284	70
507387.0320982635	3881183.72262411	70
507387.0320982635	3881183.72262411	70
507387.0320982635	3881183.72262411	70
507386.9136401532	3881183.644899493	70
507386.7951820385	3881183.567174879	70
507386.9136401532	3881183.644899493	70
507386.7951820385	3881183.567174879	70
507386.6676159206	3881183.4783531	70
507386.54915780626	3881183.400628489	70
507386.54915780626	3881183.400628489	70
507386.54915780626	3881183.400628489	70
507386.4306996853	3881183.3229038785	70
507386.4306996853	3881183.3229038785	70
507386.3031245497	3881183.2451718617	70
507386.3031245497	3881183.2451718617	70
507386.1664233863	3881183.178522198	70
507386.1664233863	3881183.178522198	70
507386.0297132106	3881183.122962294	70
507385.75630186417	3881183.0007527345	70
507386.0297132106	3881183.122962294	70
507385.75630186417	3881183.0007527345	70
507385.6104746634	3881182.9451854303	70
507385.6104746634	3881182.9451854303	70
507385.4646474678	3881182.889618127	70
507385.4646474678	3881182.889618127	70
507385.31882026803	3881182.8340508267	70
507385.1730020712	3881182.767393771	70
507385.31882026803	3881182.8340508267	70
507385.1730020712	3881182.767393771	70
507385.0363008924	3881182.7007441246	70
507385.0363008924	3881182.7007441246	70
507384.8904736871	3881182.645176831	70
507384.7537725044	3881182.5785271884	70
507384.8904736871	3881182.645176831	70
507384.7537725044	3881182.5785271884	70
507384.61707131733	3881182.511877548	70
507384.61707131733	3881182.511877548	70
507384.4712621234	3881182.434130745	70
507384.34367795027	3881182.367488515	70
507384.34367795027	3881182.367488515	70
507384.0794105961	3881182.2120171376	70
507384.34367795027	3881182.367488515	70
507384.0794105961	3881182.2120171376	70
507383.9518444327	3881182.123195397	70
507383.9518444327	3881182.123195397	70
507383.81515224295	3881182.045456011	70
507383.81515224295	3881182.045456011	70
507383.68757706706	3881181.9677240313	70
507383.68757706706	3881181.9677240313	70
507383.5508938801	3881181.8788948916	70
507383.5508938801	3881181.8788948916	70
507383.41420168325	3881181.8011555104	70
507383.41420168325	3881181.8011555104	70
507383.27750948176	3881181.723416133	70
507383.27750948176	3881181.723416133	70
507383.1408172802	3881181.6456767563	70
507383.1408172802	3881181.6456767563	70
507383.0041250741	3881181.5679373816	70
507382.8765498869	3881181.490205414	70
507383.0041250741	3881181.5679373816	70
507382.7489746953	3881181.4124734486	70
507382.7489746953	3881181.4124734486	70
507382.7489746953	3881181.4124734486	70
507382.6213994991	3881181.334741483	70
507382.4847072861	3881181.257002118	70
507382.6213994991	3881181.334741483	70
507382.33889805153	3881181.1792553505	70
507382.33889805153	3881181.1792553505	70
507382.33889805153	3881181.1792553505	70
507382.20218782243	3881181.1236955044	70
507382.0654865972	3881181.057045902	70
507382.0654865972	3881181.057045902	70
507382.0654865972	3881181.057045902	70
507381.92879437533	3881180.979306545	70
507381.92879437533	3881180.979306545	70
507381.79210215114	3881180.9015671876	70
507381.79210215114	3881180.9015671876	70
507381.65540992457	3881180.823827835	70
507381.65540992457	3881180.823827835	70
507381.51871769107	3881180.746088483	70
507381.51871769107	3881180.746088483	70
507381.3911424774	3881180.6683565355	70
507381.2544502439	3881180.590617188	70
507381.2544502439	3881180.590617188	70
507381.2544502439	3881180.590617188	70
507381.1177580081	3881180.512877843	70
507380.99929079897	3881180.446243062	70
507380.99929079897	3881180.446243062	70
507380.99929079897	3881180.446243062	70
507380.87170657486	3881180.37960088	70
507380.87170657486	3881180.37960088	70
507380.7350053264	3881180.312951299	70
507380.6074301023	3881180.235219363	70
507380.6074301023	3881180.235219363	70
507380.4798548737	3881180.1574874287	70
507380.6074301023	3881180.235219363	70
507380.4798548737	3881180.1574874287	70
507380.3522796405	3881180.0797554962	70
507380.23383042903	3881179.9909412097	70
507380.23383042903	3881179.9909412097	70
507380.23383042903	3881179.9909412097	70
507380.0971381755	3881179.9132018797	70
507380.0971381755	3881179.9132018797	70
507379.969562938	3881179.8354699537	70
507379.969562938	3881179.8354699537	70
507379.8328616748	3881179.768820385	70
507379.8328616748	3881179.768820385	70
507379.705286433	3881179.691088462	70
507379.705286433	3881179.691088462	70
507379.577711189	3881179.61335654	70
507379.577711189	3881179.61335654	70
507379.4501359429	3881179.5356246214	70
507379.33168671315	3881179.4468103475	70
507379.33168671315	3881179.4468103475	70
507379.33168671315	3881179.4468103475	70
507379.2041114626	3881179.3690784317	70
507379.2041114626	3881179.3690784317	70
507379.07653620985	3881179.291346517	70
507379.07653620985	3881179.291346517	70
507378.9398439359	3881179.2136072046	70
507378.9398439359	3881179.2136072046	70
507378.8122686764	3881179.1358752945	70
507378.684693417	3881179.058143385	70
507378.684693417	3881179.058143385	70
507378.55712715903	3881178.9693217203	70
507378.55712715903	3881178.9693217203	70
507378.4295518951	3881178.8915898157	70
507378.4295518951	3881178.8915898157	70
507378.3019676258	3881178.8249476715	70
507378.4295518951	3881178.8915898157	70
507378.3019676258	3881178.8249476715	70
507378.1652753383	3881178.7472083704	70
507378.1652753383	3881178.7472083704	70
507378.02858304605	3881178.669469072	70
507378.02858304605	3881178.669469072	70
507377.90099877305	3881178.6028269315	70
507377.90099877305	3881178.6028269315	70
507377.7642974784	3881178.5361773944	70
507377.7642974784	3881178.5361773944	70
507377.6367221994	3881178.458445501	70
507377.6367221994	3881178.458445501	70
507377.5091379205	3881178.391803368	70
507377.5091379205	3881178.391803368	70
507377.38156264194	3881178.314071476	70
507377.38156264194	3881178.314071476	70
507377.25397835916	3881178.247429345	70
507377.25397835916	3881178.247429345	70
507377.1172770545	3881178.1807798184	70
507377.1172770545	3881178.1807798184	70
507376.9805667439	3881178.1252200524	70
507376.9805667439	3881178.1252200524	70
507376.84387443453	3881178.0474807704	70
507376.84387443453	3881178.0474807704	70
507376.71629014413	3881177.980838647	70
507376.71629014413	3881177.980838647	70
507376.5887058518	3881177.914196527	70
507376.5887058518	3881177.914196527	70
507376.470238578	3881177.847561805	70
507376.470238578	3881177.847561805	70
507376.3335372616	3881177.7809122903	70
507376.3335372616	3881177.7809122903	70
507376.21506098576	3881177.7253673305	70
507376.21506098576	3881177.7253673305	70
507376.0874766862	3881177.658725217	70
507375.9690094031	3881177.5920905015	70
507376.0874766862	3881177.658725217	70
507375.9690094031	3881177.5920905015	70
507375.8414340978	3881177.514358633	70
507375.8414340978	3881177.514358633	70
507375.71385879035	3881177.4366267673	70
507375.71385879035	3881177.4366267673	70
507375.58628347836	3881177.3588949023	70
507375.4495911456	3881177.2811556417	70
507375.4495911456	3881177.2811556417	70
507375.4495911456	3881177.2811556417	70
507375.3220068342	3881177.214513538	70
507375.18531449704	3881177.136774284	70
507375.3220068342	3881177.214513538	70
507375.18531449704	3881177.136774284	70
507375.04861316056	3881177.0701247877	70
507375.04861316056	3881177.0701247877	70
507374.9210378378	3881176.9923929335	70
507374.9210378378	3881176.9923929335	70
507374.7934625151	3881176.9146610782	70
507374.7934625151	3881176.9146610782	70
507374.65676117246	3881176.8480115887	70
507374.65676117246	3881176.8480115887	70
507374.5291858455	3881176.7702797386	70
507374.5291858455	3881176.7702797386	70
507374.40160152025	3881176.7036376484	70
507374.40160152025	3881176.7036376484	70
507374.2740351828	3881176.614816045	70
507374.1373338318	3881176.548166563	70
507374.1373338318	3881176.548166563	70
507374.1373338318	3881176.548166563	70
507374.00975849625	3881176.47043472	70
507373.882192154	3881176.381613122	70
507374.00975849625	3881176.47043472	70
507373.76373383583	3881176.303888677	70
507373.76373383583	3881176.303888677	70
507373.64528451086	3881176.2150744777	70
507373.64528451086	3881176.2150744777	70
507373.64528451086	3881176.2150744777	70
507373.5268261861	3881176.1373500363	70
507373.5268261861	3881176.1373500363	70
507373.3992508396	3881176.0596182034	70
507373.3992508396	3881176.0596182034	70
507373.27168448566	3881175.970796613	70
507373.27168448566	3881175.970796613	70
507373.14410913456	3881175.893064783	70
507373.14410913456	3881175.893064783	70
507373.0256508037	3881175.815340349	70
507373.0256508037	3881175.815340349	70
507372.89807544835	3881175.7376085217	70
507372.89807544835	3881175.7376085217	70
507372.77960811916	3881175.6709738495	70
507372.77960811916	3881175.6709738495	70
507372.6520327574	3881175.593242026	70
507372.6520327574	3881175.593242026	70
507372.5244484019	3881175.5265999613	70
507372.5244484019	3881175.5265999613	70
507372.4059900633	3881175.4488755376	70
507372.4059900633	3881175.4488755376	70
507372.2784057039	3881175.3822334763	70
507372.15083033376	3881175.30450166	70
507372.15083033376	3881175.30450166	70
507372.15083033376	3881175.30450166	70
507372.0232549638	3881175.226769846	70
507372.0232549638	3881175.226769846	70
507371.89567059855	3881175.160127791	70
507371.89567059855	3881175.160127791	70
507371.76809522434	3881175.08239598	70
507371.76809522434	3881175.08239598	70
507371.6314028225	3881175.0046567777	70
507371.6314028225	3881175.0046567777	70
507371.50382744387	3881174.926924971	70
507371.50382744387	3881174.926924971	70
507371.3762610555	3881174.8381034085	70
507371.3762610555	3881174.8381034085	70
507371.23045162554	3881174.7603568197	70
507371.10287624004	3881174.6826250185	70
507371.10287624004	3881174.6826250185	70
507370.96618382883	3881174.6048858254	70
507370.96618382883	3881174.6048858254	70
507370.8386084366	3881174.527154028	70
507370.8386084366	3881174.527154028	70
507370.8386084366	3881174.527154028	70
507370.70190702676	3881174.460504598	70
507370.70190702676	3881174.460504598	70
507370.5743316349	3881174.382772804	70
507370.5743316349	3881174.382772804	70
507370.4467562385	3881174.305041013	70
507370.4467562385	3881174.305041013	70
507370.3282798793	3881174.2494961293	70
507370.1915784639	3881174.182846706	70
507370.3282798793	3881174.2494961293	70
507370.1915784639	3881174.182846706	70
507370.0548770465	3881174.1161972866	70
507370.0548770465	3881174.1161972866	70
507369.9364096754	3881174.049562651	70
507369.9364096754	3881174.049562651	70
507369.81794230023	3881173.982928016	70
507369.81794230023	3881173.982928016	70
507369.6903579014	3881173.916285993	70
507369.6903579014	3881173.916285993	70
507369.562782491	3881173.8385542133	70
507369.562782491	3881173.8385542133	70
507369.4351980859	3881173.771912194	70
507369.4351980859	3881173.771912194	70
507369.3167307081	3881173.705277565	70
507369.3167307081	3881173.705277565	70
507369.1891463017	3881173.6386355497	70
507369.1891463017	3881173.6386355497	70
507369.05244486884	3881173.5719861444	70
507369.05244486884	3881173.5719861444	70
507368.9248514668	3881173.5164338895	70
507368.9248514668	3881173.5164338895	70
507368.8063840796	3881173.4497992676	70
507368.8063840796	3881173.4497992676	70
507368.67879966594	3881173.3831572584	70
507368.67879966594	3881173.3831572584	70
507368.54210721445	3881173.305418103	70
507368.54210721445	3881173.305418103	70
507368.4145227945	3881173.2387760985	70
507368.4145227945	3881173.2387760985	70
507368.28694736364	3881173.1610443364	70
507368.28694736364	3881173.1610443364	70
507368.150245917	3881173.094394943	70
507368.150245917	3881173.094394943	70
507368.02266149345	3881173.027752944	70
507368.02266149345	3881173.027752944	70
507367.895086054	3881172.950021189	70
507367.895086054	3881172.950021189	70
507367.7675016266	3881172.883379193	70
507367.7675016266	3881172.883379193	70
507367.6399171973	3881172.8167371973	70
507367.6399171973	3881172.8167371973	70
507367.52145878173	3881172.7390128355	70
507367.52145878173	3881172.7390128355	70
507367.3938833339	3881172.6612810865	70
507367.3938833339	3881172.6612810865	70
507367.2571818732	3881172.59463171	70
507367.1295974362	3881172.527989721	70
507367.1295974362	3881172.527989721	70
507367.1295974362	3881172.527989721	70
507367.01113002066	3881172.461355124	70
507367.01113002066	3881172.461355124	70
507366.88354557997	3881172.3947131406	70
507366.88354557997	3881172.3947131406	70
507366.76507816324	3881172.3280785456	70
507366.76507816324	3881172.3280785456	70
507366.6283766929	3881172.261429177	70
507366.6283766929	3881172.261429177	70
507366.50078325777	3881172.205876957	70
507366.50078325777	3881172.205876957	70
507366.37319880974	3881172.13923498	70
507366.23649733374	3881172.0725856186	70
507366.23649733374	3881172.0725856186	70
507366.23649733374	3881172.0725856186	70
507366.09980484174	3881171.9948464995	70
507365.97222937364	3881171.91711477	70
507365.97222937364	3881171.91711477	70
507365.84464491537	3881171.850472801	70
507365.97222937364	3881171.91711477	70
507365.84464491537	3881171.850472801	70
507365.70795241673	3881171.772733688	70
507365.70795241673	3881171.772733688	70
507365.5803769422	3881171.695001965	70
507365.5803769422	3881171.695001965	70
507365.4528014655	3881171.6172702424	70
507365.3252259843	3881171.539538523	70
507365.3252259843	3881171.539538523	70
507365.18853347655	3881171.4617994195	70
507365.18853347655	3881171.4617994195	70
507365.0609579932	3881171.3840677016	70
507365.0609579932	3881171.3840677016	70
507365.0609579932	3881171.3840677016	70
507364.93338250776	3881171.306335988	70
507364.93338250776	3881171.306335988	70
507364.79668100865	3881171.2396866474	70
507364.6691055166	3881171.1619549366	70
507364.79668100865	3881171.2396866474	70
507364.5415210405	3881171.095312986	70
507364.5415210405	3881171.095312986	70
507364.41394554655	3881171.017581278	70
507364.41394554655	3881171.017581278	70
507364.2863700504	3881170.9398495737	70
507364.2863700504	3881170.9398495737	70
507364.2863700504	3881170.9398495737	70
507364.15879454976	3881170.8621178702	70
507364.15879454976	3881170.8621178702	70
507364.0221020218	3881170.784378783	70
507363.8945175357	3881170.7177368416	70
507363.8945175357	3881170.7177368416	70
507363.8945175357	3881170.7177368416	70
507363.7578160202	3881170.651087516	70
507363.7578160202	3881170.651087516	70
507363.6211234857	3881170.573348435	70
507363.6211234857	3881170.573348435	70
507363.4935389914	3881170.5067064986	70
507363.4935389914	3881170.5067064986	70
507363.3659634802	3881170.4289748077	70
507363.3659634802	3881170.4289748077	70
507363.229270939	3881170.3512357315	70
507363.10169542336	3881170.2735040444	70
507363.10169542336	3881170.2735040444	70
507363.10169542336	3881170.2735040444	70
507362.9650028776	3881170.1957649733	70
507362.9650028776	3881170.1957649733	70
507362.83742735523	3881170.1180332885	70
507362.83742735523	3881170.1180332885	70
507362.70073480485	3881170.040294222	70
507362.70073480485	3881170.040294222	70
507362.56404225214	3881169.962555157	70
507362.56404225214	3881169.962555157	70
507362.4182416503	3881169.8737189523	70
507362.4182416503	3881169.8737189523	70
507362.28154010896	3881169.807069649	70
507362.28154010896	3881169.807069649	70
507362.1448475492	3881169.72933059	70
507362.1448475492	3881169.72933059	70
507362.00815498707	3881169.6515915347	70
507362.00815498707	3881169.6515915347	70
507361.87147140346	3881169.5627627224	70
507361.87147140346	3881169.5627627224	70
507361.7347788365	3881169.4850236694	70
507361.7347788365	3881169.4850236694	70
507361.59808626486	3881169.4072846193	70
507361.59808626486	3881169.4072846193	70
507361.45226768166	3881169.340627946	70
507361.45226768166	3881169.340627946	70
507361.30645807885	3881169.2628815165	70
507361.30645807885	3881169.2628815165	70
507361.16064847354	3881169.1851350907	70
507361.16064847354	3881169.1851350907	70
507361.0239558948	3881169.107396049	70
507361.0239558948	3881169.107396049	70
507360.8872543318	3881169.0407467685	70
507360.8872543318	3881169.0407467685	70
507360.7414447193	3881168.9630003483	70
507360.7414447193	3881168.9630003483	70
507360.5956351044	3881168.8852539314	70
507360.5956351044	3881168.8852539314	70
507360.45894251636	3881168.8075148975	70
507360.45894251636	3881168.8075148975	70
507360.322249926	3881168.7297758674	70
507360.322249926	3881168.7297758674	70
507360.1764403014	3881168.652029456	70
507360.1764403014	3881168.652029456	70
507360.03974770627	3881168.5742904283	70
507359.8939380791	3881168.4965440235	70
507360.03974770627	3881168.5742904283	70
507359.7572454792	3881168.4188050013	70
507359.7572454792	3881168.4188050013	70
507359.7572454792	3881168.4188050013	70
507359.62966990453	3881168.341073361	70
507359.62966990453	3881168.341073361	70
507359.4929773001	3881168.263334343	70
507359.4929773001	3881168.263334343	70
507359.35628469096	3881168.1855953266	70
507359.2378261443	3881168.1078710738	70
507359.2378261443	3881168.1078710738	70
507359.2378261443	3881168.1078710738	70
507359.10113353305	3881168.030132061	70
507358.9735579473	3881167.952400431	70
507359.10113353305	3881168.030132061	70
507358.9735579473	3881167.952400431	70
507358.8551083692	3881167.863586426	70
507358.8551083692	3881167.863586426	70
507358.72753278137	3881167.7858547987	70
507358.60907421954	3881167.7081305543	70
507358.72753278137	3881167.7858547987	70
507358.4814986274	3881167.63039893	70
507358.60907421954	3881167.7081305543	70
507358.4814986274	3881167.63039893	70
507358.3630310895	3881167.5637644464	70
507358.3630310895	3881167.5637644464	70
507358.2445725216	3881167.4860402085	70
507358.2445725216	3881167.4860402085	70
507358.10787989246	3881167.408301209	70
507358.10787989246	3881167.408301209	70
507357.9894213227	3881167.3305769735	70
507357.9894213227	3881167.3305769735	70
507357.87096274865	3881167.2528527384	70
507357.87096274865	3881167.2528527384	70
507357.75250417716	3881167.1751285037	70
507357.75250417716	3881167.1751285037	70
507357.634045599	3881167.0974042723	70
507357.634045599	3881167.0974042723	70
507357.5155870212	3881167.0196800423	70
507357.5155870212	3881167.0196800423	70
507357.3971284413	3881166.941955813	70
507357.3971284413	3881166.941955813	70
507357.26955283043	3881166.864224207	70
507357.26955283043	3881166.864224207	70
507357.14195926255	3881166.808672119	70
507357.14195926255	3881166.808672119	70
507357.0234917018	3881166.742037652	70
507356.9141411685	3881166.6754105655	70
507356.9141411685	3881166.6754105655	70
507356.9141411685	3881166.6754105655	70
507356.79566463205	3881166.619865859	70
507356.67719706637	3881166.553231398	70
507356.67719706637	3881166.553231398	70
507356.67719706637	3881166.553231398	70
507356.55872949655	3881166.4865969378	70
507356.55872949655	3881166.4865969378	70
507356.44027090387	3881166.4088727213	70
507356.44027090387	3881166.4088727213	70
507356.3309113883	3881166.3533353996	70
507356.2124527896	3881166.275611186	70
507356.2124527896	3881166.275611186	70
507356.09398521745	3881166.2089767326	70
507356.09398521745	3881166.2089767326	70
507356.09398521745	3881166.2089767326	70
507355.97552661254	3881166.1312525226	70
507355.97552661254	3881166.1312525226	70
507355.86617606663	3881166.064625448	70
507355.86617606663	3881166.064625448	70
507355.7477174602	3881165.9869012414	70
507355.7477174602	3881165.9869012414	70
507355.6383758841	3881165.909184413	70
507355.6383758841	3881165.909184413	70
507355.51991727145	3881165.831460208	70
507355.4196927262	3881165.7537507582	70
507355.4196927262	3881165.7537507582	70
507355.4196927262	3881165.7537507582	70
507355.3103421717	3881165.687123692	70
507355.3103421717	3881165.687123692	70
507355.2101086481	3881165.620504003	70
507355.2101086481	3881165.620504003	70
507355.11899215565	3881165.5538916914	70
507355.0369837221	3881165.4983765157	70
507355.11899215565	3881165.5538916914	70
507355.0369837221	3881165.4983765157	70
507354.9640833502	3881165.453958474	70
507354.9640833502	3881165.453958474	70
507354.8911919476	3881165.398450675	70
507354.8911919476	3881165.398450675	70
507354.8365166676	3881165.365137144	70
507354.7818503571	3881165.320733858	70
507354.7818503571	3881165.320733858	70
507354.7818503571	3881165.320733858	70
507354.7089410081	3881165.2874055747	70
507354.6725087647	3881165.2430170393	70
507354.6725087647	3881165.2430170393	70
507354.62695051596	3881165.209710887	70
507354.6725087647	3881165.2430170393	70
507354.56314025464	3881165.198569497	70
507354.62695051596	3881165.209710887	70
507354.56314025464	3881165.198569497	70
507354.462915692	3881165.1208600593	70
507354.4355915081	3881165.0875686584	70
507354.462915692	3881165.1208600593	70
507354.40825835225	3881165.0653670146	70
507354.40825835225	3881165.0653670146	70
507354.36270009936	3881165.032060864	70
507354.40825835225	3881165.0653670146	70
507354.36270009936	3881165.032060864	70
507354.27157462324	3881164.976538319	70
507354.27157462324	3881164.976538319	70
507354.2351244335	3881164.9543293	70
507354.2351244335	3881164.9543293	70
507354.2077912744	3881164.932127658	70
507354.1713321151	3881164.9210083997	70
507354.1713321151	3881164.9210083997	70
507354.1713321151	3881164.9210083997	70
507354.1348819225	3881164.898799381	70
507354.1348819225	3881164.898799381	70
507354.107539794	3881164.887687497	70
507354.107539794	3881164.887687497	70
507354.7181926228	3881165.121066586	70
507354.7181926228	3881165.121066586	70
507354.74554372433	3881165.1210887143	70
507354.74554372433	3881165.1210887143	70
507354.76377779053	3881165.1211034665	70
507354.76377779053	3881165.1211034665	70
507354.76377779053	3881165.1211034665	70
507354.7728948236	3881165.121110843	70
507354.7728948236	3881165.121110843	70
507354.7728948236	3881165.121110843	70
507354.7728948236	3881165.121110843	70
507354.7728948236	3881165.121110843	70
507354.7728948236	3881165.121110843	70
