507355.803720803	3881164.37893064	100
166021.443179331	0	100
507355.794612745	3881164.36783351	100
507355.803720803	3881164.37893064	100
507355.794612745	3881164.36783351	100
507355.785504684	3881164.35673637	100
507355.785504684	3881164.35673637	100
507355.776396622	3881164.34563924	100
507355.776396622	3881164.34563924	100
507355.758162554	3881164.34562448	100
507355.758162554	3881164.34562448	100
507355.730820423	3881164.33451259	100
507355.694361261	3881164.32339333	100
507355.694361261	3881164.32339333	100
507355.648785065	3881164.31226669	100
507355.648785065	3881164.31226669	100
507355.612334876	3881164.29005766	100
507355.612334876	3881164.29005766	100
507355.612334876	3881164.29005766	100
507355.566767653	3881164.26784126	100
507355.566767653	3881164.26784126	100
507355.530317461	3881164.24563224	100
507355.475642174	3881164.21231871	100
507355.530317461	3881164.24563224	100
507355.430083923	3881164.17901255	100
507355.430083923	3881164.17901255	100
507355.375408635	3881164.14569901	100
507355.375408635	3881164.14569901	100
507355.375408635	3881164.14569901	100
507355.311634261	3881164.09019859	100
507355.311634261	3881164.09019859	100
507355.247850911	3881164.04578792	100
507355.247850911	3881164.04578792	100
507355.184076535	3881163.9902875	100
507355.184076535	3881163.9902875	100
507355.120293184	3881163.94587683	100
507355.065626869	3881163.90147354	100
507355.120293184	3881163.94587683	100
507355.065626869	3881163.90147354	100
507355.001852489	3881163.84597312	100
507355.001852489	3881163.84597312	100
507354.938069135	3881163.80156245	100
507354.938069135	3881163.80156245	100
507354.874285784	3881163.75715179	100
507354.874285784	3881163.75715179	100
507354.819610491	3881163.72383826	100
507354.819610491	3881163.72383826	100
507354.755827139	3881163.67942759	100
507354.755827139	3881163.67942759	100
507354.70116082	3881163.63502431	100
507354.70116082	3881163.63502431	100
507354.637386433	3881163.57952389	100
507354.637386433	3881163.57952389	100
507354.573612051	3881163.52402347	100
507354.573612051	3881163.52402347	100
507354.500729602	3881163.45742591	100
507354.436955218	3881163.40192549	100
507354.436955218	3881163.40192549	100
507354.436955218	3881163.40192549	100
507354.364063795	3881163.3464177	100
507354.291163401	3881163.30199966	100
507354.364063795	3881163.3464177	100
507354.291163401	3881163.30199966	100
507354.209154942	3881163.2464845	100
507354.209154942	3881163.2464845	100
507354.118020475	3881163.20205171	100
507354.118020475	3881163.20205171	100
507354.036003046	3881163.1576263	100
507353.953976644	3881163.12429065	100
507354.036003046	3881163.1576263	100
507353.953976644	3881163.12429065	100
507353.862851144	3881163.06876811	100
507353.862851144	3881163.06876811	100
507353.780833711	3881163.0243427	100
507353.689708209	3881162.96882016	100
507353.689708209	3881162.96882016	100
507353.689708209	3881162.96882016	100
507353.607699748	3881162.913305	100
507353.607699748	3881162.913305	100
507353.525682311	3881162.86887959	100
507353.525682311	3881162.86887959	100
507353.452790879	3881162.81337181	100
507353.452790879	3881162.81337181	100
507353.370764469	3881162.78003616	100
507353.370764469	3881162.78003616	100
507353.28874703	3881162.73561076	100
507353.28874703	3881162.73561076	100
507353.206720619	3881162.70227511	100
507353.206720619	3881162.70227511	100
507353.12469421	3881162.66893947	100
507353.12469421	3881162.66893947	100
507353.051784834	3881162.6356112	100
507353.051784834	3881162.6356112	100
507352.969758421	3881162.60227556	100
507352.887740978	3881162.55785016	100
507352.887740978	3881162.55785016	100
507352.805732504	3881162.502335	100
507352.805732504	3881162.502335	100
507352.805732504	3881162.502335	100
507352.723733001	3881162.43573009	100
507352.641724524	3881162.38021494	100
507352.641724524	3881162.38021494	100
507352.559725019	3881162.31361003	100
507352.559725019	3881162.31361003	100
507352.47771654	3881162.25809487	100
507352.47771654	3881162.25809487	100
507352.47771654	3881162.25809487	100
507352.377473986	3881162.20256497	100
507352.286357439	3881162.13595269	100
507352.286357439	3881162.13595269	100
507352.286357439	3881162.13595269	100
507352.195231923	3881162.08043017	100
507352.195231923	3881162.08043017	100
507352.104097436	3881162.0359974	100
507352.104097436	3881162.0359974	100
507352.012962947	3881161.99156463	100
507351.921837428	3881161.93604211	100
507351.921837428	3881161.93604211	100
507351.82159487	3881161.88051222	100
507351.82159487	3881161.88051222	100
507351.82159487	3881161.88051222	100
507351.730478315	3881161.81389994	100
507351.730478315	3881161.81389994	100
507351.63024472	3881161.74728029	100
507351.63024472	3881161.74728029	100
507351.539119197	3881161.69175778	100
507351.539119197	3881161.69175778	100
507351.438876634	3881161.63622789	100
507351.438876634	3881161.63622789	100
507351.338625103	3881161.59178776	100
507351.238382535	3881161.53625787	100
507351.238382535	3881161.53625787	100
507351.238382535	3881161.53625787	100
507351.129022932	3881161.48072061	100
507351.129022932	3881161.48072061	100
507351.037897402	3881161.4251981	100
507350.937654831	3881161.36966821	100
507350.937654831	3881161.36966821	100
507350.937654831	3881161.36966821	100
507350.846529297	3881161.3141457	100
507350.846529297	3881161.3141457	100
507350.737178658	3881161.24751869	100
507350.737178658	3881161.24751869	100
507350.636954019	3881161.1698093	100
507350.545846413	3881161.09210727	100
507350.545846413	3881161.09210727	100
507350.545846413	3881161.09210727	100
507350.445612806	3881161.02548764	100
507350.445612806	3881161.02548764	100
507350.354487266	3881160.96996513	100
507350.354487266	3881160.96996513	100
507350.245136617	3881160.90333813	100
507350.245136617	3881160.90333813	100
507350.135777	3881160.84780088	100
507350.135777	3881160.84780088	100
507350.035534418	3881160.79227101	100
507350.035534418	3881160.79227101	100
507349.935291836	3881160.73674113	100
507349.935291836	3881160.73674113	100
507349.84416629	3881160.68121863	100
507349.84416629	3881160.68121863	100
507349.743923705	3881160.62568876	100
507349.743923705	3881160.62568876	100
507349.634573049	3881160.55906176	100
507349.53433046	3881160.5035319	100
507349.634573049	3881160.55906176	100
507349.53433046	3881160.5035319	100
507349.342962321	3881160.39247953	100
507349.342962321	3881160.39247953	100
507349.1333601	3881160.28141243	100
507349.024009433	3881160.21478544	100
507349.024009433	3881160.21478544	100
507349.024009433	3881160.21478544	100
507348.923766836	3881160.15925558	100
507348.823533207	3881160.09263596	100
507348.823533207	3881160.09263596	100
507348.823533207	3881160.09263596	100
507348.723308539	3881160.01492659	100
507348.723308539	3881160.01492659	100
507348.613966831	3881159.93720985	100
507348.613966831	3881159.93720985	100
507348.504616157	3881159.87058286	100
507348.404391481	3881159.79287349	100
507348.504616157	3881159.87058286	100
507348.304157844	3881159.72625388	100
507348.304157844	3881159.72625388	100
507348.203924204	3881159.65963427	100
507348.203924204	3881159.65963427	100
507348.094564559	3881159.60409705	100
507348.094564559	3881159.60409705	100
507348.094564559	3881159.60409705	100
507347.985213877	3881159.53747007	100
507347.866737191	3881159.48192548	100
507347.866737191	3881159.48192548	100
507347.866737191	3881159.48192548	100
507347.766494581	3881159.42639563	100
507347.766494581	3881159.42639563	100
507347.648017892	3881159.37085105	100
507347.538658238	3881159.31531383	100
507347.538658238	3881159.31531383	100
507347.420190511	3881159.24867949	100
507347.538658238	3881159.31531383	100
507347.420190511	3881159.24867949	100
507347.301713818	3881159.19313491	100
507347.183237121	3881159.13759033	100
507347.183237121	3881159.13759033	100
507347.183237121	3881159.13759033	100
507347.064760427	3881159.08204575	100
507347.064760427	3881159.08204575	100
507346.946283727	3881159.02650118	100
507346.946283727	3881159.02650118	100
507346.827798065	3881158.98204636	100
507346.709321364	3881158.92650178	100
507346.709321364	3881158.92650178	100
507346.709321364	3881158.92650178	100
507346.59995274	3881158.88205434	100
507346.490593076	3881158.82651714	100
507346.490593076	3881158.82651714	100
507346.372116371	3881158.77097257	100
507346.372116371	3881158.77097257	100
507346.372116371	3881158.77097257	100
507346.253639665	3881158.715428	100
507346.253639665	3881158.715428	100
507346.135171917	3881158.64879368	100
507346.135171917	3881158.64879368	100
507346.016704171	3881158.58215936	100
507346.016704171	3881158.58215936	100
507345.907353462	3881158.5155324	100
507345.907353462	3881158.5155324	100
507345.788885709	3881158.44889808	100
507345.788885709	3881158.44889808	100
507345.670408997	3881158.39335352	100
507345.670408997	3881158.39335352	100
507345.56105828	3881158.32672658	100
507345.451698606	3881158.27118939	100
507345.451698606	3881158.27118939	100
507345.451698606	3881158.27118939	100
507345.342347886	3881158.20456244	100
507345.342347886	3881158.20456244	100
507345.223880127	3881158.13792813	100
507345.105412368	3881158.07129382	100
507345.105412368	3881158.07129382	100
507344.986944603	3881158.00465951	100
507344.986944603	3881158.00465951	100
507344.868476839	3881157.9380252	100
507344.868476839	3881157.9380252	100
507344.868476839	3881157.9380252	100
507344.750009073	3881157.8713909	100
507344.631532345	3881157.81584635	100
507344.631532345	3881157.81584635	100
507344.631532345	3881157.81584635	100
507344.513055616	3881157.76030181	100
507344.513055616	3881157.76030181	100
507344.403695926	3881157.70476463	100
507344.294345194	3881157.6381377	100
507344.294345194	3881157.6381377	100
507344.175868458	3881157.58259316	100
507344.175868458	3881157.58259316	100
507344.048283642	3881157.5159515	100
507344.048283642	3881157.5159515	100
507343.929824825	3881157.43822744	100
507343.929824825	3881157.43822744	100
507343.929824825	3881157.43822744	100
507343.811348085	3881157.38268291	100
507343.811348085	3881157.38268291	100
507343.692880303	3881157.31604862	100
507343.692880303	3881157.31604862	100
507343.574403565	3881157.26050409	100
507343.574403565	3881157.26050409	100
507343.446809778	3881157.20495219	100
507343.446809778	3881157.20495219	100
507343.337450075	3881157.14941503	100
507343.337450075	3881157.14941503	100
507343.218973327	3881157.0938705	100
507343.218973327	3881157.0938705	100
507343.109613624	3881157.03833334	100
507343.109613624	3881157.03833334	100
507342.991145831	3881156.97169905	100
507342.991145831	3881156.97169905	100
507342.872669083	3881156.91615453	100
507342.745093205	3881156.83842313	100
507342.745093205	3881156.83842313	100
507342.635742448	3881156.77179622	100
507342.745093205	3881156.83842313	100
507342.635742448	3881156.77179622	100
507342.51727465	3881156.70516194	100
507342.51727465	3881156.70516194	100
507342.398806853	3881156.63852767	100
507342.28033905	3881156.5718934	100
507342.28033905	3881156.5718934	100
507342.16186229	3881156.51634888	100
507342.16186229	3881156.51634888	100
507342.052511528	3881156.44972197	100
507342.052511528	3881156.44972197	100
507341.943160763	3881156.38309507	100
507342.052511528	3881156.44972197	100
507341.943160763	3881156.38309507	100
507341.815566955	3881156.3275432	100
507341.697108104	3881156.24981917	100
507341.697108104	3881156.24981917	100
507341.569523251	3881156.18317755	100
507341.569523251	3881156.18317755	100
507341.569523251	3881156.18317755	100
507341.441938396	3881156.11653592	100
507341.31434458	3881156.06098406	100
507341.31434458	3881156.06098406	100
507341.186759722	3881155.99434244	100
507341.186759722	3881155.99434244	100
507341.186759722	3881155.99434244	100
507341.068291903	3881155.92770818	100
507340.949824081	3881155.86107393	100
507340.949824081	3881155.86107393	100
507340.831356261	3881155.79443967	100
507340.831356261	3881155.79443967	100
507340.712888438	3881155.72780542	100
507340.712888438	3881155.72780542	100
507340.585312522	3881155.65007405	100
507340.585312522	3881155.65007405	100
507340.585312522	3881155.65007405	100
507340.457727653	3881155.58343244	100
507340.339268778	3881155.50570843	100
507340.339268778	3881155.50570843	100
507340.339268778	3881155.50570843	100
507340.211692859	3881155.42797707	100
507340.211692859	3881155.42797707	100
507340.074981984	3881155.37241786	100
507340.074981984	3881155.37241786	100
507339.947397106	3881155.30577626	100
507339.947397106	3881155.30577626	100
507339.828929272	3881155.23914202	100
507339.828929272	3881155.23914202	100
507339.710470385	3881155.16141802	100
507339.710470385	3881155.16141802	100
507339.592002545	3881155.09478378	100
507339.592002545	3881155.09478378	100
507339.464417661	3881155.02814219	100
507339.464417661	3881155.02814219	100
507339.34595877	3881154.95041819	100
507339.34595877	3881154.95041819	100
507339.218382835	3881154.87268684	100
507339.218382835	3881154.87268684	100
507339.109032028	3881154.80605997	100
507339.109032028	3881154.80605997	100
507338.990564182	3881154.73942574	100
507338.990564182	3881154.73942574	100
507338.862979287	3881154.67278415	100
507338.862979287	3881154.67278415	100
507338.744511432	3881154.60614993	100
507338.744511432	3881154.60614993	100
507338.626034626	3881154.55060546	100
507338.626034626	3881154.55060546	100
507338.50756677	3881154.48397124	100
507338.50756677	3881154.48397124	100
507338.379981868	3881154.41732965	100
507338.379981868	3881154.41732965	100
507338.261514009	3881154.35069543	100
507338.261514009	3881154.35069543	100
507338.124821012	3881154.27295674	100
507338.006353146	3881154.20632252	100
507338.006353146	3881154.20632252	100
507337.878768237	3881154.13968095	100
507337.878768237	3881154.13968095	100
507337.878768237	3881154.13968095	100
507337.751174375	3881154.08412913	100
507337.623589462	3881154.01748756	100
507337.623589462	3881154.01748756	100
507337.623589462	3881154.01748756	100
507337.486878553	3881153.96192839	100
507337.486878553	3881153.96192839	100
507337.368410679	3881153.89529419	100
507337.24082576	3881153.82865262	100
507337.24082576	3881153.82865262	100
507337.24082576	3881153.82865262	100
507337.104123796	3881153.7620037	100
507336.96742183	3881153.69535478	100
507336.96742183	3881153.69535478	100
507336.830728812	3881153.6176161	100
507336.830728812	3881153.6176161	100
507336.830728812	3881153.6176161	100
507336.703143884	3881153.55097454	100
507336.566450861	3881153.47323587	100
507336.703143884	3881153.55097454	100
507336.566450861	3881153.47323587	100
507336.429739937	3881153.41767672	100
507336.429739937	3881153.41767672	100
507336.302155005	3881153.35103517	100
507336.302155005	3881153.35103517	100
507336.174570069	3881153.28439362	100
507336.174570069	3881153.28439362	100
507336.046994083	3881153.20666231	100
507336.046994083	3881153.20666231	100
507335.91030105	3881153.12892365	100
507335.91030105	3881153.12892365	100
507335.646040971	3881152.96236393	100
507335.646040971	3881152.96236393	100
507335.518473922	3881152.87354288	100
507335.518473922	3881152.87354288	100
507335.390897925	3881152.79581158	100
507335.390897925	3881152.79581158	100
507335.254195931	3881152.72916268	100
507335.117502884	3881152.65142404	100
507335.254195931	3881152.72916268	100
507334.989917932	3881152.5847825	100
507335.117502884	3881152.65142404	100
507334.989917932	3881152.5847825	100
507334.87145897	3881152.50705857	100
507334.87145897	3881152.50705857	100
507334.743882962	3881152.42932728	100
507334.743882962	3881152.42932728	100
507334.616306951	3881152.351596	100
507334.616306951	3881152.351596	100
507334.497847985	3881152.27387207	100
507334.497847985	3881152.27387207	100
507334.37027197	3881152.19614079	100
507334.251813	3881152.11841686	100
507334.251813	3881152.11841686	100
507334.124236979	3881152.04068558	100
507334.124236979	3881152.04068558	100
507333.987543912	3881151.96294695	100
507333.987543912	3881151.96294695	100
507333.859958942	3881151.89630543	100
507333.859958942	3881151.89630543	100
507333.859958942	3881151.89630543	100
507333.732382916	3881151.81857416	100
507333.732382916	3881151.81857416	100
507333.613914987	3881151.75194	100
507333.613914987	3881151.75194	100
507333.486347904	3881151.66311897	100
507333.486347904	3881151.66311897	100
507333.358771872	3881151.5853877	100
507333.240321833	3881151.49657404	100
507333.240321833	3881151.49657404	100
507333.121853895	3881151.42993988	100
507333.121853895	3881151.42993988	100
507333.121853895	3881151.42993988	100
507332.994268912	3881151.36329838	100
507332.994268912	3881151.36329838	100
507332.866683926	3881151.29665687	100
507332.866683926	3881151.29665687	100
507332.729981892	3881151.23000802	100
507332.729981892	3881151.23000802	100
507332.611513947	3881151.16337387	100
507332.611513947	3881151.16337387	100
507332.483937901	3881151.08564262	100
507332.483937901	3881151.08564262	100
507332.356343963	3881151.03009088	100
507332.356343963	3881151.03009088	100
507332.219650863	3881150.95235227	100
507332.219650863	3881150.95235227	100
507332.092074811	3881150.87462102	100
507331.955372765	3881150.80797218	100
507332.092074811	3881150.87462102	100
507331.955372765	3881150.80797218	100
507331.827787764	3881150.74133069	100
507331.691085713	3881150.67468185	100
507331.827787764	3881150.74133069	100
507331.691085713	3881150.67468185	100
507331.554392605	3881150.59694325	100
507331.426798652	3881150.54139153	100
507331.426798652	3881150.54139153	100
507331.426798652	3881150.54139153	100
507331.299213644	3881150.47475005	100
507331.299213644	3881150.47475005	100
507331.171637577	3881150.39701881	100
507331.171637577	3881150.39701881	100
507331.053187498	3881150.30820517	100
507331.053187498	3881150.30820517	100
507330.92562037	3881150.21938418	100
507330.807161344	3881150.1416603	100
507330.92562037	3881150.21938418	100
507330.688702314	3881150.06393642	100
507330.688702314	3881150.06393642	100
507330.688702314	3881150.06393642	100
507330.561117294	3881149.99729495	100
507330.561117294	3881149.99729495	100
507330.433532271	3881149.93065348	100
507330.433532271	3881149.93065348	100
507330.315064297	3881149.86401936	100
507330.315064297	3881149.86401936	100
507330.205713366	3881149.7973926	100
507330.205713366	3881149.7973926	100
507330.096362437	3881149.73076584	100
507330.096362437	3881149.73076584	100
507329.987011502	3881149.66413908	100
507329.987011502	3881149.66413908	100
507329.868561403	3881149.57532545	100
507329.868561403	3881149.57532545	100
507329.740985311	3881149.49759424	100
507329.740985311	3881149.49759424	100
507329.631652256	3881149.40878797	100
507329.631652256	3881149.40878797	100
507329.513184265	3881149.34215386	100
507329.513184265	3881149.34215386	100
507329.385599226	3881149.27551241	100
507329.258023126	3881149.1977812	100
507329.258023126	3881149.1977812	100
507329.258023126	3881149.1977812	100
507329.130438085	3881149.13113974	100
507329.011970086	3881149.06450565	100
507329.130438085	3881149.13113974	100
507329.011970086	3881149.06450565	100
507328.88438504	3881148.9978642	100
507328.88438504	3881148.9978642	100
507328.756808931	3881148.920133	100
507328.756808931	3881148.920133	100
507328.629241761	3881148.83131204	100
507328.629241761	3881148.83131204	100
507328.501665646	3881148.75358084	100
507328.38320658	3881148.67585699	100
507328.38320658	3881148.67585699	100
507328.38320658	3881148.67585699	100
507328.246504474	3881148.6092082	100
507328.246504474	3881148.6092082	100
507328.100685315	3881148.54255207	100
507328.100685315	3881148.54255207	100
507327.963983205	3881148.47590328	100
507327.963983205	3881148.47590328	100
507327.83639814	3881148.40926185	100
507327.83639814	3881148.40926185	100
507327.708822014	3881148.33153066	100
507327.581236947	3881148.26488923	100
507327.581236947	3881148.26488923	100
507327.444552706	3881148.17606094	100
507327.581236947	3881148.26488923	100
507327.444552706	3881148.17606094	100
507327.316976572	3881148.09832976	100
507327.198517488	3881148.02060593	100
507327.198517488	3881148.02060593	100
507327.080049465	3881147.95397185	100
507327.080049465	3881147.95397185	100
507327.080049465	3881147.95397185	100
507326.952455448	3881147.89842019	100
507326.952455448	3881147.89842019	100
507326.82487037	3881147.83177877	100
507326.82487037	3881147.83177877	100
507326.70640234	3881147.76514471	100
507326.70640234	3881147.76514471	100
507326.587925369	3881147.7096004	100
507326.587925369	3881147.7096004	100
507326.460340285	3881147.64295898	100
507326.323638149	3881147.57631022	100
507326.460340285	3881147.64295898	100
507326.323638149	3881147.57631022	100
507326.196061999	3881147.49857906	100
507326.196061999	3881147.49857906	100
507326.059359859	3881147.4319303	100
507326.059359859	3881147.4319303	100
507325.931774765	3881147.3652889	100
507325.931774765	3881147.3652889	100
507325.795072621	3881147.29864015	100
507325.795072621	3881147.29864015	100
507325.649253423	3881147.23198405	100
507325.649253423	3881147.23198405	100
507325.512551275	3881147.1653353	100
507325.512551275	3881147.1653353	100
507325.384966176	3881147.0986939	100
507325.384966176	3881147.0986939	100
507325.257381075	3881147.03205251	100
507325.120696791	3881146.94322425	100
507325.257381075	3881147.03205251	100
507324.993120621	3881146.8654931	100
507325.120696791	3881146.94322425	100
507324.993120621	3881146.8654931	100
507324.856436334	3881146.77666485	100
507324.856436334	3881146.77666485	100
507324.728851225	3881146.71002346	100
507324.728851225	3881146.71002346	100
507324.592166933	3881146.62119522	100
507324.592166933	3881146.62119522	100
507324.446356648	3881146.54344938	100
507324.446356648	3881146.54344938	100
507324.309654479	3881146.47680065	100
507324.309654479	3881146.47680065	100
507324.182078296	3881146.39906951	100
507324.045385059	3881146.32133103	100
507324.182078296	3881146.39906951	100
507323.90869182	3881146.24359255	100
507323.90869182	3881146.24359255	100
507323.781124565	3881146.15477166	100
507323.781124565	3881146.15477166	100
507323.781124565	3881146.15477166	100
507323.644431321	3881146.07703319	100
507323.525972177	3881145.9993094	100
507323.525972177	3881145.9993094	100
507323.398395981	3881145.92157828	100
507323.398395981	3881145.92157828	100
507323.279918967	3881145.86603401	100
507323.279918967	3881145.86603401	100
507323.170567938	3881145.79940733	100
507323.170567938	3881145.79940733	100
507323.061207972	3881145.74387041	100
507323.061207972	3881145.74387041	100
507322.951848009	3881145.68833349	100
507322.951848009	3881145.68833349	100
507322.951848009	3881145.68833349	100
507322.833379923	3881145.62169948	100
507322.714911833	3881145.55506546	100
507322.714911833	3881145.55506546	100
507322.596434813	3881145.4995212	100
507322.596434813	3881145.4995212	100
507322.477966722	3881145.43288719	100
507322.477966722	3881145.43288719	100
507322.359489694	3881145.37734294	100
507322.359489694	3881145.37734294	100
507322.231904547	3881145.31070158	100
507322.231904547	3881145.31070158	100
507322.231904547	3881145.31070158	100
507322.113445385	3881145.23297782	100
507322.113445385	3881145.23297782	100
507322.00410327	3881145.1552614	100
507322.00410327	3881145.1552614	100
507321.894761158	3881145.07754498	100
507321.894761158	3881145.07754498	100
507321.794545024	3881144.98874615	100
507321.676103716	3881144.88884287	100
507321.676103716	3881144.88884287	100
507321.676103716	3881144.88884287	100
507321.566770526	3881144.8000367	100
507321.44831135	3881144.72231294	100
507321.44831135	3881144.72231294	100
507321.329843241	3881144.65567894	100
507321.329843241	3881144.65567894	100
507321.329843241	3881144.65567894	100
507321.202258076	3881144.5890376	100
507321.202258076	3881144.5890376	100
507321.074672909	3881144.52239627	100
507320.956195861	3881144.46685203	100
507321.074672909	3881144.52239627	100
507320.956195861	3881144.46685203	100
507320.84683587	3881144.41131514	100
507320.737484803	3881144.34468849	100
507320.737484803	3881144.34468849	100
507320.737484803	3881144.34468849	100
507320.619016684	3881144.2780545	100
507320.619016684	3881144.2780545	100
507320.500548564	3881144.21142051	100
507320.500548564	3881144.21142051	100
507320.382080439	3881144.14478653	100
507320.382080439	3881144.14478653	100
507320.25449526	3881144.0781452	100
507320.25449526	3881144.0781452	100
507320.126901149	3881144.02259364	100
507320.126901149	3881144.02259364	100
507319.99018998	3881143.96703473	100
507319.99018998	3881143.96703473	100
507319.871712921	3881143.91149051	100
507319.871712921	3881143.91149051	100
507319.744118805	3881143.85593895	100
507319.744118805	3881143.85593895	100
507319.616515759	3881143.81147715	100
507319.616515759	3881143.81147715	100
507319.488921641	3881143.75592559	100
507319.352201535	3881143.71145645	100
507319.352201535	3881143.71145645	100
507319.352201535	3881143.71145645	100
507319.224598485	3881143.66699465	100
507319.224598485	3881143.66699465	100
507319.096977578	3881143.64471237	100
507318.960248538	3881143.611333	100
507319.096977578	3881143.64471237	100
507318.814384593	3881143.6001258	100
507318.814384593	3881143.6001258	100
507318.814384593	3881143.6001258	100
507318.677646626	3881143.57783618	100
507318.677646626	3881143.57783618	100
507318.550016787	3881143.56664367	100
507318.550016787	3881143.56664367	100
507318.43151293	3881143.54436874	100
507318.303900943	3881143.51099671	100
507318.43151293	3881143.54436874	100
507318.303900943	3881143.51099671	100
507318.167171903	3881143.47761735	100
507318.167171903	3881143.47761735	100
507318.039568843	3881143.43315557	100
507318.039568843	3881143.43315557	100
507317.911956856	3881143.39978355	100
507317.784344867	3881143.36641153	100
507317.784344867	3881143.36641153	100
507317.656723951	3881143.34412927	100
507317.656723951	3881143.34412927	100
507317.656723951	3881143.34412927	100
507317.510868922	3881143.32183233	100
507317.510868922	3881143.32183233	100
507317.383248004	3881143.29955008	100
507317.255627086	3881143.27726782	100
507317.255627086	3881143.27726782	100
507317.128006165	3881143.25498557	100
507317.128006165	3881143.25498557	100
507317.128006165	3881143.25498557	100
507317.000385248	3881143.23270332	100
507316.863656196	3881143.19932397	100
507317.000385248	3881143.23270332	100
507316.863656196	3881143.19932397	100
507316.736035276	3881143.17704173	100
507316.736035276	3881143.17704173	100
507316.608405431	3881143.16584924	100
507316.608405431	3881143.16584924	100
507316.471667449	3881143.14355966	100
507316.334920546	3881143.13235984	100
507316.471667449	3881143.14355966	100
507316.334920546	3881143.13235984	100
507316.207281773	3881143.13225711	100
507316.207281773	3881143.13225711	100
507316.079643	3881143.13215439	100
507315.952013151	3881143.12096191	100
507315.952013151	3881143.12096191	100
507315.952013151	3881143.12096191	100
507315.815257321	3881143.12085185	100
507315.815257321	3881143.12085185	100
507315.687618547	3881143.12074914	100
507315.687618547	3881143.12074914	100
507315.550862719	3881143.12063908	100
507315.550862719	3881143.12063908	100
507315.423223945	3881143.12053637	100
507315.304693303	3881143.13153075	100
507315.304693303	3881143.13153075	100
507315.304693303	3881143.13153075	100
507315.167928551	3881143.14251046	100
507315.167928551	3881143.14251046	100
507315.04027193	3881143.16458727	100
507314.912606387	3881143.19775383	100
507315.04027193	3881143.16458727	100
507314.912606387	3881143.19775383	100
507314.784949768	3881143.21983064	100
507314.784949768	3881143.21983064	100
507314.657293148	3881143.24190745	100
507314.657293148	3881143.24190745	100
507314.511411341	3881143.25287984	100
507314.511411341	3881143.25287984	100
507314.374637669	3881143.27494932	100
507314.374637669	3881143.27494932	100
507314.246981052	3881143.29702613	100
507314.119324438	3881143.31910295	100
507314.246981052	3881143.29702613	100
507314.119324438	3881143.31910295	100
507313.991658898	3881143.35226953	100
507313.991658898	3881143.35226953	100
507313.854876305	3881143.38542877	100
507313.854876305	3881143.38542877	100
507313.727210771	3881143.41859536	100
507313.727210771	3881143.41859536	100
507313.599554158	3881143.44067218	100
507313.599554158	3881143.44067218	100
507313.462780489	3881143.46274168	100
507313.462780489	3881143.46274168	100
507313.335114956	3881143.49590826	100
507313.335114956	3881143.49590826	100
507313.198332366	3881143.52906752	100
507313.198332366	3881143.52906752	100
507313.052432726	3881143.56221944	100
507313.052432726	3881143.56221944	100
507312.93388425	3881143.59539337	100
507312.806209797	3881143.63964972	100
507312.806209797	3881143.63964972	100
507312.806209797	3881143.63964972	100
507312.67853535	3881143.68390607	100
507312.550851982	3881143.73925218	100
507312.550851982	3881143.73925218	100
507312.550851982	3881143.73925218	100
507312.43229459	3881143.78351588	100
507312.43229459	3881143.78351588	100
507312.313737197	3881143.82777957	100
507312.313737197	3881143.82777957	100
507312.186062753	3881143.87203593	100
507312.186062753	3881143.87203593	100
507312.05837939	3881143.92738205	100
507311.921578974	3881143.98272084	100
507311.921578974	3881143.98272084	100
507311.921578974	3881143.98272084	100
507311.793895612	3881144.03806696	100
507311.666212254	3881144.09341308	100
507311.666212254	3881144.09341308	100
507311.666212254	3881144.09341308	100
507311.538528898	3881144.14875921	100
507311.538528898	3881144.14875921	100
507311.410827704	3881144.22628486	100
507311.410827704	3881144.22628486	100
507311.274027295	3881144.28162365	100
507311.274027295	3881144.28162365	100
507311.155452081	3881144.34806687	100
507311.155452081	3881144.34806687	100
507311.027768731	3881144.40341301	100
507311.027768731	3881144.40341301	100
507310.890968329	3881144.45875181	100
507310.890968329	3881144.45875181	100
507310.754150087	3881144.53627013	100
507310.754150087	3881144.53627013	100
507310.61734077	3881144.6026987	100
507310.489639591	3881144.68022435	100
507310.489639591	3881144.68022435	100
507310.489639591	3881144.68022435	100
507310.37105547	3881144.75775734	100
507310.37105547	3881144.75775734	100
507310.252462428	3881144.84638009	100
507310.124752338	3881144.93499551	100
507310.124752338	3881144.93499551	100
507310.124752338	3881144.93499551	100
507310.015285276	3881145.01253583	100
507310.015285276	3881145.01253583	100
507309.896701159	3881145.09006883	100
507309.778108128	3881145.17869159	100
507309.778108128	3881145.17869159	100
507309.778108128	3881145.17869159	100
507309.659524015	3881145.25622459	100
507309.540930991	3881145.34484734	100
507309.540930991	3881145.34484734	100
507309.540930991	3881145.34484734	100
507309.422346885	3881145.42238035	100
507309.312870913	3881145.51101044	100
507309.422346885	3881145.42238035	100
507309.312870913	3881145.51101044	100
507309.212512002	3881145.59964786	100
507309.093910066	3881145.69936038	100
507309.212512002	3881145.59964786	100
507309.002668208	3881145.78800514	100
507309.002668208	3881145.78800514	100
507309.002668208	3881145.78800514	100
507308.902318219	3881145.86555281	100
507308.902318219	3881145.86555281	100
507308.792842261	3881145.9541829	100
507308.792842261	3881145.9541829	100
507308.683366304	3881146.042813	100
507308.683366304	3881146.042813	100
507308.57389035	3881146.1314431	100
507308.57389035	3881146.1314431	100
507308.47353145	3881146.22008053	100
507308.47353145	3881146.22008053	100
507308.373163637	3881146.31980772	100
507308.373163637	3881146.31980772	100
507308.281903962	3881146.430632	100
507308.190644291	3881146.54145628	100
507308.190644291	3881146.54145628	100
507308.108501672	3881146.65228789	100
507308.108501672	3881146.65228789	100
507308.108501672	3881146.65228789	100
507308.02636797	3881146.75202974	100
507308.02636797	3881146.75202974	100
507307.935117219	3881146.85176427	100
507307.935117219	3881146.85176427	100
507307.834740503	3881146.96258122	100
507307.834740503	3881146.96258122	100
507307.734372705	3881147.06230842	100
507307.633995994	3881147.17312537	100
507307.734372705	3881147.06230842	100
507307.633995994	3881147.17312537	100
507307.542736336	3881147.28394966	100
507307.542736336	3881147.28394966	100
507307.460593732	3881147.39478127	100
507307.378442217	3881147.51670264	100
507307.378442217	3881147.51670264	100
507307.296290703	3881147.63862402	100
507307.296290703	3881147.63862402	100
507307.296290703	3881147.63862402	100
507307.223274071	3881147.73837321	100
507307.223274071	3881147.73837321	100
507307.132014425	3881147.8491975	100
507307.132014425	3881147.8491975	100
507307.049880744	3881147.94893936	100
507307.049880744	3881147.94893936	100
507306.949504049	3881148.05975632	100
507306.949504049	3881148.05975632	100
507306.858244411	3881148.17058061	100
507306.776101823	3881148.28141223	100
507306.858244411	3881148.17058061	100
507306.703076289	3881148.39225118	100
507306.776101823	3881148.28141223	100
507306.703076289	3881148.39225118	100
507306.630050754	3881148.50309013	100
507306.630050754	3881148.50309013	100
507306.56613336	3881148.62502617	100
507306.50220705	3881148.75805196	100
507306.50220705	3881148.75805196	100
507306.50220705	3881148.75805196	100
507306.447415621	3881148.86890557	100
507306.38349823	3881148.99084161	100
507306.38349823	3881148.99084161	100
507306.319580842	3881149.11277764	100
507306.319580842	3881149.11277764	100
507306.319580842	3881149.11277764	100
507306.237429356	3881149.23469903	100
507306.164394921	3881149.35662774	100
507306.164394921	3881149.35662774	100
507306.109603501	3881149.46748135	100
507306.109603501	3881149.46748135	100
507306.04568612	3881149.58941739	100
507306.109603501	3881149.46748135	100
507305.990885785	3881149.71136076	100
507305.990885785	3881149.71136076	100
507305.990885785	3881149.71136076	100
507305.945202505	3881149.83331145	100
507305.945202505	3881149.83331145	100
507305.899519225	3881149.95526215	100
507305.899519225	3881149.95526215	100
507305.844718897	3881150.07720552	100
507305.844718897	3881150.07720552	100
507305.789927484	3881150.18805913	100
507305.789927484	3881150.18805913	100
507305.726010111	3881150.30999517	100
507305.662083829	3881150.44302097	100
507305.726010111	3881150.30999517	100
507305.662083829	3881150.44302097	100
507305.589049411	3881150.56494969	100
507305.534240181	3881150.69798281	100
507305.534240181	3881150.69798281	100
507305.488556909	3881150.81993351	100
507305.488556909	3881150.81993351	100
507305.442864729	3881150.95297397	100
507305.442864729	3881150.95297397	100
507305.388055503	3881151.0860071	100
507305.388055503	3881151.0860071	100
507305.388055503	3881151.0860071	100
507305.342372235	3881151.20795779	100
507305.342372235	3881151.20795779	100
507305.28756301	3881151.34099092	100
507305.2327627	3881151.4629343	100
507305.2327627	3881151.4629343	100
507305.2327627	3881151.4629343	100
507305.168827522	3881151.60704986	100
507305.114018299	3881151.74008299	100
507305.114018299	3881151.74008299	100
507305.077443177	3881151.87313077	100
507305.077443177	3881151.87313077	100
507305.077443177	3881151.87313077	100
507305.040868052	3881152.00617856	100
507305.004284019	3881152.1503161	100
507305.040868052	3881152.00617856	100
507305.004284019	3881152.1503161	100
507304.976825942	3881152.28337121	100
507304.976825942	3881152.28337121	100
507304.940241911	3881152.42750875	100
507304.912792749	3881152.5494741	100
507304.912792749	3881152.5494741	100
507304.867100586	3881152.68251456	100
507304.867100586	3881152.68251456	100
507304.830525467	3881152.81556234	100
507304.830525467	3881152.81556234	100
507304.784833306	3881152.9486028	100
507304.784833306	3881152.9486028	100
507304.784833306	3881152.9486028	100
507304.739141147	3881153.08164326	100
507304.739141147	3881153.08164326	100
507304.702566031	3881153.21469105	100
507304.675107962	3881153.34774616	100
507304.675107962	3881153.34774616	100
507304.675107962	3881153.34774616	100
507304.647525144	3881153.63605787	100
507304.638301165	3881153.76912764	100
507304.638301165	3881153.76912764	100
507304.629068278	3881153.91328716	100
507304.629068278	3881153.91328716	100
507304.619844302	3881154.04635692	100
507304.629068278	3881153.91328716	100
507304.60148546	3881154.20159888	100
507304.60148546	3881154.20159888	100
507304.60148546	3881154.20159888	100
507304.58313553	3881154.34575107	100
507304.573902645	3881154.48991059	100
507304.573902645	3881154.48991059	100
507304.573786803	3881154.63407744	100
507304.573786803	3881154.63407744	100
507304.564553917	3881154.77823696	100
507304.564553917	3881154.77823696	100
507304.573555119	3881154.92241113	100
507304.573555119	3881154.92241113	100
507304.573439277	3881155.06657798	100
507304.573439277	3881155.06657798	100
507304.573439277	3881155.06657798	100
507304.573323435	3881155.21074482	100
507304.573207593	3881155.35491167	100
507304.573207593	3881155.35491167	100
507304.573207593	3881155.35491167	100
507304.582208794	3881155.49908584	100
507304.591201081	3881155.65434977	100
507304.591201081	3881155.65434977	100
507304.609319326	3881155.79853127	100
507304.609319326	3881155.79853127	100
507304.645671654	3881155.94272742	100
507304.645671654	3881155.94272742	100
507304.682023979	3881156.08692357	100
507304.682023979	3881156.08692357	100
507304.736610389	3881156.23113438	100
507304.736610389	3881156.23113438	100
507304.791187884	3881156.38643494	100
507304.791187884	3881156.38643494	100
507304.8457832	3881156.51955598	100
507304.8457832	3881156.51955598	100
507304.891252561	3881156.66375946	100
507304.8457832	3881156.51955598	100
507304.891252561	3881156.66375946	100
507304.945838966	3881156.80797026	100
507304.945838966	3881156.80797026	100
507304.991299413	3881156.9632635	100
507304.991299413	3881156.9632635	100
507305.100490032	3881157.22950559	100
507305.100490032	3881157.22950559	100
507305.164202381	3881157.36263397	100
507305.237022854	3881157.50685943	100
507305.164202381	3881157.36263397	100
507305.237022854	3881157.50685943	100
507305.300735199	3881157.6399878	100
507305.300735199	3881157.6399878	100
507305.346231283	3881157.75092201	100
507305.346231283	3881157.75092201	100
507305.391709544	3881157.88403573	100
507305.437196714	3881158.0060597	100
507305.437196714	3881158.0060597	100
507305.48267497	3881158.13917342	100
507305.437196714	3881158.0060597	100
507305.48267497	3881158.13917342	100
507305.528153227	3881158.27228715	100
507305.528153227	3881158.27228715	100
507305.573640393	3881158.39431111	100
507305.573640393	3881158.39431111	100
507305.628244597	3881158.51634241	100
507305.682848802	3881158.6383737	100
507305.628244597	3881158.51634241	100
507305.682848802	3881158.6383737	100
507305.737444093	3881158.77149475	100
507305.737444093	3881158.77149475	100
507305.782940166	3881158.88242896	100
507305.782940166	3881158.88242896	100
507305.828418415	3881159.01554269	100
507305.828418415	3881159.01554269	100
507305.873905573	3881159.13756666	100
507305.873905573	3881159.13756666	100
507305.919374904	3881159.28177014	100
507305.919374904	3881159.28177014	100
507305.96485315	3881159.41488386	100
507305.96485315	3881159.41488386	100
507306.010340304	3881159.53690783	100
507306.010340304	3881159.53690783	100
507306.055818544	3881159.67002156	100
507306.055818544	3881159.67002156	100
507306.110422736	3881159.79205286	100
507306.110422736	3881159.79205286	100
507306.165026927	3881159.91408415	100
507306.165026927	3881159.91408415	100
507306.219631114	3881160.03611545	100
507306.256001225	3881160.15813209	100
507306.256001225	3881160.15813209	100
507306.301479459	3881160.29124582	100
507306.256001225	3881160.15813209	100
507306.34694878	3881160.43544931	100
507306.301479459	3881160.29124582	100
507306.38330106	3881160.57964547	100
507306.38330106	3881160.57964547	100
507306.38330106	3881160.57964547	100
507306.428788203	3881160.70166944	100
507306.428788203	3881160.70166944	100
507306.474266433	3881160.83478317	100
507306.528861697	3881160.96790422	100
507306.528861697	3881160.96790422	100
507306.592573996	3881161.10103261	100
507306.592573996	3881161.10103261	100
507306.647169259	3881161.23415367	100
507306.647169259	3881161.23415367	100
507306.647169259	3881161.23415367	100
507306.701773434	3881161.35618497	100
507306.747251655	3881161.4892987	100
507306.747251655	3881161.4892987	100
507306.747251655	3881161.4892987	100
507306.801837997	3881161.63350951	100
507306.847307304	3881161.777713	100
507306.847307304	3881161.777713	100
507306.847307304	3881161.777713	100
507306.901902556	3881161.91083406	100
507306.95649781	3881162.04395512	100
507306.95649781	3881162.04395512	100
507306.95649781	3881162.04395512	100
507307.001976026	3881162.17706885	100
507307.056571274	3881162.31018991	100
507307.056571274	3881162.31018991	100
507307.11116652	3881162.44331097	100
507307.11116652	3881162.44331097	100
507307.11116652	3881162.44331097	100
507307.165770682	3881162.56534228	100
507307.165770682	3881162.56534228	100
507307.220365927	3881162.69846334	100
507307.26583522	3881162.84266683	100
507307.26583522	3881162.84266683	100
507307.26583522	3881162.84266683	100
507307.31130451	3881162.98687032	100
507307.31130451	3881162.98687032	100
507307.356782716	3881163.11998405	100
507307.402260919	3881163.25309779	100
507307.402260919	3881163.25309779	100
507307.438622087	3881163.38620419	100
507307.438622087	3881163.38620419	100
507307.493208407	3881163.53041502	100
507307.493208407	3881163.53041502	100
507307.547794725	3881163.67462584	100
507307.547794725	3881163.67462584	100
507307.593272922	3881163.80773957	100
507307.593272922	3881163.80773957	100
507307.629634085	3881163.94084598	100
507307.629634085	3881163.94084598	100
507307.675103365	3881164.08504947	100
507307.675103365	3881164.08504947	100
507307.720572645	3881164.22925296	100
507307.720572645	3881164.22925296	100
507307.720572645	3881164.22925296	100
507307.766041922	3881164.37345646	100
507307.766041922	3881164.37345646	100
507307.820637148	3881164.50657752	100
507307.875223457	3881164.65078835	100
507307.875223457	3881164.65078835	100
507307.929809762	3881164.79499917	100
507307.929809762	3881164.79499917	100
507307.984387151	3881164.95029975	100
507307.984387151	3881164.95029975	100
507308.03898237	3881165.08342082	100
507308.03898237	3881165.08342082	100
507308.084460555	3881165.21653456	100
507308.084460555	3881165.21653456	100
507308.139037938	3881165.37183514	100
507308.084460555	3881165.21653456	100
507308.184507202	3881165.51603864	100
507308.184507202	3881165.51603864	100
507308.184507202	3881165.51603864	100
507308.220859435	3881165.6602348	100
507308.220859435	3881165.6602348	100
507308.275454644	3881165.79335587	100
507308.275454644	3881165.79335587	100
507308.320923904	3881165.93755937	100
507308.320923904	3881165.93755937	100
507308.375510196	3881166.0817702	100
507308.375510196	3881166.0817702	100
507308.439222435	3881166.2148986	100
507308.439222435	3881166.2148986	100
507308.493808722	3881166.35910942	100
507308.548403923	3881166.49223049	100
507308.548403923	3881166.49223049	100
507308.548403923	3881166.49223049	100
507308.593873177	3881166.63643399	100
507308.657567577	3881166.79174191	100
507308.657567577	3881166.79174191	100
507308.657567577	3881166.79174191	100
507308.703036825	3881166.93594541	100
507308.766749051	3881167.06907381	100
507308.703036825	3881166.93594541	100
507308.766749051	3881167.06907381	100
507308.821335332	3881167.21328464	100
507308.821335332	3881167.21328464	100
507308.885038638	3881167.3575028	100
507308.885038638	3881167.3575028	100
507308.93962491	3881167.50171363	100
507308.93962491	3881167.50171363	100
507308.985103068	3881167.63482737	100
507308.985103068	3881167.63482737	100
507309.030581225	3881167.76794112	100
507309.030581225	3881167.76794112	100
507309.066933433	3881167.91213729	100
507309.066933433	3881167.91213729	100
507309.112393756	3881168.06743055	100
507309.112393756	3881168.06743055	100
507309.148745961	3881168.21162672	100
507309.148745961	3881168.21162672	100
507309.203332224	3881168.35583755	100
507309.203332224	3881168.35583755	100
507309.248810376	3881168.48895129	100
507309.248810376	3881168.48895129	100
507309.294279606	3881168.6331548	100
507309.294279606	3881168.6331548	100
507309.348865867	3881168.77736563	100
507309.348865867	3881168.77736563	100
507309.394344014	3881168.91047937	100
507309.394344014	3881168.91047937	100
507309.448939187	3881169.04360045	100
507309.448939187	3881169.04360045	100
507309.503534357	3881169.17672153	100
507309.503534357	3881169.17672153	100
507309.558120612	3881169.32093236	100
507309.558120612	3881169.32093236	100
507309.594472805	3881169.46512854	100
507309.594472805	3881169.46512854	100
507309.649059056	3881169.60933937	100
507309.676312052	3881169.7313487	100
507309.676312052	3881169.7313487	100
507309.676312052	3881169.7313487	100
507309.72178127	3881169.8755522	100
507309.785484545	3881170.01977037	100
507309.785484545	3881170.01977037	100
507309.785484545	3881170.01977037	100
507309.840079707	3881170.15289145	100
507309.840079707	3881170.15289145	100
507309.885557838	3881170.2860052	100
507309.885557838	3881170.2860052	100
507309.931035967	3881170.41911894	100
507309.976505179	3881170.56332245	100
507309.931035967	3881170.41911894	100
507309.976505179	3881170.56332245	100
507310.021974388	3881170.70752596	100
507310.021974388	3881170.70752596	100
507310.076560623	3881170.8517368	100
507310.122038748	3881170.98485055	100
507310.122038748	3881170.98485055	100
507310.122038748	3881170.98485055	100
507310.176624982	3881171.12906138	100
507310.176624982	3881171.12906138	100
507310.231220129	3881171.26218247	100
507310.231220129	3881171.26218247	100
507310.294914466	3881171.4174904	100
507310.294914466	3881171.4174904	100
507310.349518533	3881171.53952172	100
507310.385870702	3881171.6837179	100
507310.385870702	3881171.6837179	100
507310.385870702	3881171.6837179	100
507310.431339903	3881171.8279214	100
507310.431339903	3881171.8279214	100
507310.46769207	3881171.97211758	100
507310.50404424	3881172.11631376	100
507310.50404424	3881172.11631376	100
507310.549522351	3881172.24942751	100
507310.549522351	3881172.24942751	100
507310.594991542	3881172.39363102	100
507310.594991542	3881172.39363102	100
507310.649577762	3881172.53784186	100
507310.594991542	3881172.39363102	100
507310.649577762	3881172.53784186	100
507310.704163976	3881172.68205271	100
507310.749642081	3881172.81516646	100
507310.749642081	3881172.81516646	100
507310.804237212	3881172.94828754	100
507310.804237212	3881172.94828754	100
507310.804237212	3881172.94828754	100
507310.85882342	3881173.09249839	100
507310.904292602	3881173.2367019	100
507310.904292602	3881173.2367019	100
507310.95887881	3881173.38091274	100
507310.95887881	3881173.38091274	100
507310.95887881	3881173.38091274	100
507311.004347991	3881173.52511625	100
507311.058934193	3881173.6693271	100
507311.058934193	3881173.6693271	100
507311.058934193	3881173.6693271	100
507311.104403369	3881173.81353061	100
507311.15898957	3881173.95774146	100
507311.15898957	3881173.95774146	100
507311.213584686	3881174.09086255	100
507311.213584686	3881174.09086255	100
507311.213584686	3881174.09086255	100
507311.249945753	3881174.22396897	100
507311.249945753	3881174.22396897	100
507311.295423844	3881174.35708273	100
507311.295423844	3881174.35708273	100
507311.340901932	3881174.49019648	100
507311.340901932	3881174.49019648	100
507311.395488125	3881174.63440733	100
507311.440966213	3881174.76752108	100
507311.395488125	3881174.63440733	100
507311.440966213	3881174.76752108	100
507311.49556132	3881174.90064217	100
507311.49556132	3881174.90064217	100
507311.550156425	3881175.03376326	100
507311.604742611	3881175.17797411	100
507311.604742611	3881175.17797411	100
507311.604742611	3881175.17797411	100
507311.668454739	3881175.31110254	100
507311.713923897	3881175.45530605	100
507311.713923897	3881175.45530605	100
507311.713923897	3881175.45530605	100
507311.759401973	3881175.58841981	100
507311.759401973	3881175.58841981	100
507311.80486221	3881175.74371309	100
507311.80486221	3881175.74371309	100
507311.850322444	3881175.89900636	100
507311.850322444	3881175.89900636	100
507311.895791599	3881176.04320988	100
507311.950368851	3881176.19851049	100
507311.950368851	3881176.19851049	100
507311.950368851	3881176.19851049	100
507311.99582908	3881176.35380376	100
507311.99582908	3881176.35380376	100
507312.059523353	3881176.5091117	100
507312.059523353	3881176.5091117	100
507312.123226542	3881176.65332989	100
507312.123226542	3881176.65332989	100
507312.177821632	3881176.78645098	100
507312.177821632	3881176.78645098	100
507312.232407796	3881176.93066183	100
507312.232407796	3881176.93066183	100
507312.268759918	3881177.07485802	100
507312.268759918	3881177.07485802	100
507312.314229057	3881177.21906154	100
507312.314229057	3881177.21906154	100
507312.350581175	3881177.36325773	100
507312.350581175	3881177.36325773	100
507312.396059234	3881177.49637149	100
507312.44153729	3881177.62948525	100
507312.44153729	3881177.62948525	100
507312.44153729	3881177.62948525	100
507312.487015347	3881177.76259901	100
507312.5416015	3881177.90680987	100
507312.487015347	3881177.76259901	100
507312.5416015	3881177.90680987	100
507312.577962532	3881178.0399163	100
507312.614305723	3881178.19520224	100
507312.614305723	3881178.19520224	100
507312.614305723	3881178.19520224	100
507312.650657832	3881178.33939843	100
507312.650657832	3881178.33939843	100
507312.677875078	3881178.5057668	100
507312.677875078	3881178.5057668	100
507312.714218263	3881178.66105274	100
507312.750570371	3881178.80524893	100
507312.750570371	3881178.80524893	100
507312.786904633	3881178.97162464	100
507312.786904633	3881178.97162464	100
507312.786904633	3881178.97162464	100
507312.814130796	3881179.12690325	100
507312.814130796	3881179.12690325	100
507312.850473979	3881179.2821892	100
507312.850473979	3881179.2821892	100
507312.87770906	3881179.42637805	100
507312.87770906	3881179.42637805	100
507312.895818202	3881179.58164933	100
507312.895818202	3881179.58164933	100
507312.923053284	3881179.72583818	100
507312.923053284	3881179.72583818	100
507312.941162422	3881179.88110946	100
507312.941162422	3881179.88110946	100
507312.950163464	3881180.02528365	100
507312.950163464	3881180.02528365	100
507312.968281527	3881180.16946517	100
507312.986399586	3881180.31364669	100
507312.986399586	3881180.31364669	100
507312.986399586	3881180.31364669	100
507313.004517645	3881180.45782821	100
507313.022635703	3881180.60200973	100
507313.022635703	3881180.60200973	100
507313.022635703	3881180.60200973	100
507313.049870781	3881180.74619859	100
507313.049870781	3881180.74619859	100
507313.049763725	3881180.87927568	100
507313.049763725	3881180.87927568	100
507313.058764764	3881181.02344987	100
507313.058764764	3881181.02344987	100
507313.04953177	3881181.16760939	100
507313.04953177	3881181.16760939	100
507313.049406871	3881181.322866	100
507313.049406871	3881181.322866	100
507313.049290894	3881181.46703285	100
507313.049290894	3881181.46703285	100
507313.040066819	3881181.60010261	100
507313.040066819	3881181.60010261	100
507313.049058939	3881181.75536656	100
507313.049058939	3881181.75536656	100
507313.039817022	3881181.91061583	100
507313.039817022	3881181.91061583	100
507313.039709966	3881182.04369293	100
507313.021359957	3881182.18784511	100
507313.021359957	3881182.18784511	100
507313.021359957	3881182.18784511	100
507313.003001027	3881182.34308705	100
507313.003001027	3881182.34308705	100
507312.984642098	3881182.498329	100
507312.966292091	3881182.64248118	100
507312.966292091	3881182.64248118	100
507312.966292091	3881182.64248118	100
507312.9570591	3881182.7866407	100
507312.9570591	3881182.7866407	100
507312.938709091	3881182.93079288	100
507312.938709091	3881182.93079288	100
507312.929467179	3881183.08604216	100
507312.929467179	3881183.08604216	100
507312.920234191	3881183.23020168	100
507312.920234191	3881183.23020168	100
507312.911001201	3881183.3743612	100
507312.883552022	3881183.49632653	100
507312.883552022	3881183.49632653	100
507312.883552022	3881183.49632653	100
507312.856085001	3881183.64047138	100
507312.856085001	3881183.64047138	100
507312.81950097	3881183.7846089	100
507312.78291694	3881183.92874641	100
507312.78291694	3881183.92874641	100
507312.755458845	3881184.06180151	100
507312.755458845	3881184.06180151	100
507312.727991828	3881184.20594636	100
507312.727991828	3881184.20594636	100
507312.700524817	3881184.35009121	100
507312.700524817	3881184.35009121	100
507312.682174816	3881184.4942434	100
507312.682174816	3881184.4942434	100
507312.654707804	3881184.63838825	100
507312.654707804	3881184.63838825	100
507312.609015687	3881184.77142867	100
507312.609015687	3881184.77142867	100
507312.609015687	3881184.77142867	100
507312.563323569	3881184.9044691	100
507312.508505519	3881185.04859195	100
507312.508505519	3881185.04859195	100
507312.453687473	3881185.1927148	100
507312.453687473	3881185.1927148	100
507312.407986439	3881185.33684499	100
507312.407986439	3881185.33684499	100
507312.407986439	3881185.33684499	100
507312.362294329	3881185.46988541	100
507312.316584379	3881185.62510536	100
507312.316584379	3881185.62510536	100
507312.279991442	3881185.78033263	100
507312.279991442	3881185.78033263	100
507312.252524442	3881185.92447749	100
507312.252524442	3881185.92447749	100
507312.206832333	3881186.05751791	100
507312.206832333	3881186.05751791	100
507312.170248324	3881186.20165543	100
507312.170248324	3881186.20165543	100
507312.124547299	3881186.34578562	100
507312.124547299	3881186.34578562	100
507312.124547299	3881186.34578562	100
507312.078837358	3881186.50100556	100
507312.078837358	3881186.50100556	100
507312.033136339	3881186.64513575	100
507312.033136339	3881186.64513575	100
507311.987444236	3881186.77817618	100
507311.950860233	3881186.9223137	100
507311.987444236	3881186.77817618	100
507311.950860233	3881186.9223137	100
507311.914276227	3881187.06645122	100
507311.886809235	3881187.21059608	100
507311.886809235	3881187.21059608	100
507311.84111714	3881187.34363651	100
507311.84111714	3881187.34363651	100
507311.795425048	3881187.47667694	100
507311.795425048	3881187.47667694	100
507311.740598108	3881187.63188955	100
507311.740598108	3881187.63188955	100
507311.685780087	3881187.77601241	100
507311.685780087	3881187.77601241	100
507311.630962068	3881187.92013526	100
507311.685780087	3881187.77601241	100
507311.594378073	3881188.06427279	100
507311.594378073	3881188.06427279	100
507311.594378073	3881188.06427279	100
507311.557794079	3881188.20841031	100
507311.512101996	3881188.34145074	100
507311.512101996	3881188.34145074	100
507311.475526921	3881188.4744985	100
507311.475526921	3881188.4744985	100
507311.43896077	3881188.59645651	100
507311.43896077	3881188.59645651	100
507311.43896077	3881188.59645651	100
507311.393268688	3881188.72949694	100
507311.338459601	3881188.86253005	100
507311.338459601	3881188.86253005	100
507311.274533504	3881188.99555581	100
507311.274533504	3881188.99555581	100
507311.210607411	3881189.12858158	100
507311.210607411	3881189.12858158	100
507311.210607411	3881189.12858158	100
507311.146681318	3881189.26160735	100
507311.146681318	3881189.26160735	100
507311.082755229	3881189.39463312	100
507311.018820218	3881189.53874865	100
507311.018820218	3881189.53874865	100
507311.018820218	3881189.53874865	100
507310.964011141	3881189.67178175	100
507310.964011141	3881189.67178175	100
507310.900093976	3881189.79371776	100
507310.900093976	3881189.79371776	100
507310.836176811	3881189.91565378	100
507310.836176811	3881189.91565378	100
507310.772250731	3881190.04867955	100
507310.772250731	3881190.04867955	100
507310.699207643	3881190.18169799	100
507310.699207643	3881190.18169799	100
507310.626164556	3881190.31471643	100
507310.553121475	3881190.44773487	100
507310.553121475	3881190.44773487	100
507310.4891954	3881190.58076064	100
507310.4891954	3881190.58076064	100
507310.425260412	3881190.72487618	100
507310.425260412	3881190.72487618	100
507310.425260412	3881190.72487618	100
507310.370442428	3881190.86899904	100
507310.370442428	3881190.86899904	100
507310.315633369	3881191.00203215	100
507310.315633369	3881191.00203215	100
507310.251707304	3881191.13505792	100
507310.251707304	3881191.13505792	100
507310.187781239	3881191.2680837	100
507310.187781239	3881191.2680837	100
507310.123855178	3881191.40110948	100
507310.123855178	3881191.40110948	100
507310.050803192	3881191.54521768	100
507310.050803192	3881191.54521768	100
507309.986877135	3881191.67824346	100
507309.986877135	3881191.67824346	100
507309.913834069	3881191.8112619	100
507309.849916933	3881191.93319792	100
507309.849916933	3881191.93319792	100
507309.849916933	3881191.93319792	100
507309.785981962	3881192.07731346	100
507309.740289924	3881192.2103539	100
507309.740289924	3881192.2103539	100
507309.740289924	3881192.2103539	100
507309.685489799	3881192.33229726	100
507309.621563748	3881192.46532304	100
507309.621563748	3881192.46532304	100
507309.621563748	3881192.46532304	100
507309.548529616	3881192.58725173	100
507309.548529616	3881192.58725173	100
507309.466360645	3881192.73135261	100
507309.466360645	3881192.73135261	100
507309.393335431	3881192.84219154	100
507309.329409391	3881192.97521732	100
507309.329409391	3881192.97521732	100
507309.256375264	3881193.09714602	100
507309.329409391	3881192.97521732	100
507309.256375264	3881193.09714602	100
507309.192449229	3881193.2301718	100
507309.192449229	3881193.2301718	100
507309.119397273	3881193.37428001	100
507309.05547124	3881193.5073058	100
507309.05547124	3881193.5073058	100
507309.05547124	3881193.5073058	100
507308.982428207	3881193.64032425	100
507308.909385173	3881193.77334271	100
507308.982428207	3881193.64032425	100
507308.827216222	3881193.91744359	100
507308.909385173	3881193.77334271	100
507308.745047273	3881194.06154447	100
507308.745047273	3881194.06154447	100
507308.745047273	3881194.06154447	100
507308.662896158	3881194.18346584	100
507308.662896158	3881194.18346584	100
507308.589844223	3881194.32757406	100
507308.589844223	3881194.32757406	100
507308.516801198	3881194.46059252	100
507308.434641177	3881194.59360365	100
507308.516801198	3881194.46059252	100
507308.361598162	3881194.72662211	100
507308.361598162	3881194.72662211	100
507308.361598162	3881194.72662211	100
507308.288555146	3881194.85964057	100
507308.288555146	3881194.85964057	100
507308.206386214	3881195.00374146	100
507308.206386214	3881195.00374146	100
507308.133343203	3881195.13675992	100
507308.133343203	3881195.13675992	100
507308.051183191	3881195.26977105	100
507307.996374192	3881195.40280417	100
507307.996374192	3881195.40280417	100
507307.996374192	3881195.40280417	100
507307.93244819	3881195.53582997	100
507307.93244819	3881195.53582997	100
507307.850288187	3881195.6688411	100
507307.850288187	3881195.6688411	100
507307.777236271	3881195.81294932	100
507307.777236271	3881195.81294932	100
507307.713310275	3881195.94597512	100
507307.640267278	3881196.07899358	100
507307.640267278	3881196.07899358	100
507307.640267278	3881196.07899358	100
507307.558107285	3881196.21200472	100
507307.475947291	3881196.34501586	100
507307.475947291	3881196.34501586	100
507307.402904304	3881196.47803433	100
507307.402904304	3881196.47803433	100
507307.329861316	3881196.6110528	100
507307.329861316	3881196.6110528	100
507307.329861316	3881196.6110528	100
507307.256818331	3881196.74407126	100
507307.256818331	3881196.74407126	100
507307.18377535	3881196.87708973	100
507307.18377535	3881196.87708973	100
507307.037689389	3881197.14312667	100
507307.037689389	3881197.14312667	100
507306.900711527	3881197.4202607	100
507306.900711527	3881197.4202607	100
507306.827668552	3881197.55327918	100
507306.827668552	3881197.55327918	100
507306.681582615	3881197.81931612	100
507306.681582615	3881197.81931612	100
507306.535496689	3881198.08535307	100
507306.535496689	3881198.08535307	100
507306.480687727	3881198.2183862	100
507306.480687727	3881198.2183862	100
507306.343718808	3881198.48443048	100
507306.197632901	3881198.75046744	100
507306.343718808	3881198.48443048	100
507306.197632901	3881198.75046744	100
507306.060664001	3881199.01651172	100
507306.060664001	3881199.01651172	100
507305.91457811	3881199.28254868	100
507305.91457811	3881199.28254868	100
507305.859760251	3881199.42667158	100
507305.859760251	3881199.42667158	100
507305.713683285	3881199.68161878	100
507305.713683285	3881199.68161878	100
507305.686198602	3881199.84794317	100
507305.613155668	3881199.98096166	100
507305.613155668	3881199.98096166	100
507305.613155668	3881199.98096166	100
507305.530986825	3881200.12506257	100
507305.530986825	3881200.12506257	100
507305.457934982	3881200.26917082	100
507305.457934982	3881200.26917082	100
507305.384892053	3881200.4021893	100
507305.311849129	3881200.53520778	100
507305.311849129	3881200.53520778	100
507305.311849129	3881200.53520778	100
507305.238797292	3881200.67931603	100
507305.156628461	3881200.82341695	100
507305.156628461	3881200.82341695	100
507305.156628461	3881200.82341695	100
507305.083585543	3881200.95643543	100
507305.083585543	3881200.95643543	100
507305.001425629	3881201.0894466	100
507304.764232212	3881201.277782	100
507304.764232212	3881201.277782	100
507304.764232212	3881201.277782	100
507304.682063394	3881201.42188293	100
507304.682063394	3881201.42188293	100
507304.609020488	3881201.55490142	100
507304.535977582	3881201.68791991	100
507304.535977582	3881201.68791991	100
507304.535977582	3881201.68791991	100
507304.462934678	3881201.8209384	100
507304.462934678	3881201.8209384	100
507304.389882868	3881201.96504665	100
507304.389882868	3881201.96504665	100
507304.252922979	3881202.22000121	100
507304.179880084	3881202.3530197	100
507304.179880084	3881202.3530197	100
507304.10682828	3881202.49712796	100
507304.179880084	3881202.3530197	100
507304.10682828	3881202.49712796	100
507304.03377648	3881202.64123621	100
507304.03377648	3881202.64123621	100
507303.960724681	3881202.78534447	100
507303.896798787	3881202.91837029	100
507303.960724681	3881202.78534447	100
507303.823755905	3881203.05138878	100
507303.823755905	3881203.05138878	100
507303.823755905	3881203.05138878	100
507303.759821107	3881203.19550437	100
507303.759821107	3881203.19550437	100
507303.686769319	3881203.33961262	100
507303.686769319	3881203.33961262	100
507303.622843435	3881203.47263845	100
507303.622843435	3881203.47263845	100
507303.540692474	3881203.59455986	100
507303.540692474	3881203.59455986	100
507303.467640692	3881203.73866812	100
507303.467640692	3881203.73866812	100
507303.385480826	3881203.8716793	100
507303.385480826	3881203.8716793	100
507303.303329875	3881203.99360072	100
507303.221161104	3881204.13770166	100
507303.221161104	3881204.13770166	100
507303.221161104	3881204.13770166	100
507303.15723523	3881204.27072748	100
507303.084183462	3881204.41483575	100
507303.084183462	3881204.41483575	100
507303.011131692	3881204.55894401	100
507303.011131692	3881204.55894401	100
507303.011131692	3881204.55894401	100
507302.938088831	3881204.69196251	100
507302.865045979	3881204.82498102	100
507302.938088831	3881204.69196251	100
507302.865045979	3881204.82498102	100
507302.792003125	3881204.95799953	100
507302.71896027	3881205.09101803	100
507302.71896027	3881205.09101803	100
507302.71896027	3881205.09101803	100
507302.645917425	3881205.22403654	100
507302.645917425	3881205.22403654	100
507302.572874575	3881205.35705505	100
507302.499840637	3881205.4789838	100
507302.499840637	3881205.4789838	100
507302.426797798	3881205.61200231	100
507302.426797798	3881205.61200231	100
507302.426797798	3881205.61200231	100
507302.362871946	3881205.74502814	100
507302.289829109	3881205.87804665	100
507302.289829109	3881205.87804665	100
507302.225912171	3881205.99998273	100
507302.225912171	3881205.99998273	100
507302.152869336	3881206.13300124	100
507302.152869336	3881206.13300124	100
507302.079835413	3881206.25492999	100
507302.079835413	3881206.25492999	100
507302.079835413	3881206.25492999	100
507302.034250454	3881206.25489338	100
507301.970333523	3881206.37682945	100
507301.970333523	3881206.37682945	100
507301.970333523	3881206.37682945	100
507301.915542492	3881206.4876831	100
507301.915542492	3881206.4876831	100
507301.851625566	3881206.60961918	100
507301.78770864	3881206.73155526	100
507301.78770864	3881206.73155526	100
507301.78770864	3881206.73155526	100
507301.72378281	3881206.8645811	100
507301.72378281	3881206.8645811	100
507301.668982878	3881206.9865245	100
507301.668982878	3881206.9865245	100
507301.605065959	3881207.10846058	100
507301.605065959	3881207.10846058	100
507301.532032049	3881207.23038934	100
507301.532032049	3881207.23038934	100
507301.458998143	3881207.3523181	100
507301.458998143	3881207.3523181	100
507301.376847246	3881207.47423953	100
507301.376847246	3881207.47423953	100
507301.312939239	3881207.58508586	100
507301.239905339	3881207.70701462	100
507301.312939239	3881207.58508586	100
507301.239905339	3881207.70701462	100
507301.175979521	3881207.84004046	100
507301.175979521	3881207.84004046	100
507301.112053706	3881207.97306631	100
507301.112053706	3881207.97306631	100
507301.048127892	3881208.10609215	100
507301.048127892	3881208.10609215	100
507300.993327979	3881208.22803556	100
507300.993327979	3881208.22803556	100
507300.929402171	3881208.3610614	100
507300.929402171	3881208.3610614	100
507300.865476363	3881208.49408724	100
507300.865476363	3881208.49408724	100
507300.792433567	3881208.62710577	100
507300.792433567	3881208.62710577	100
507300.728507765	3881208.76013161	100
507300.728507765	3881208.76013161	100
507300.66458196	3881208.89315746	100
507300.66458196	3881208.89315746	100
507300.600647255	3881209.03727306	100
507300.600647255	3881209.03727306	100
507300.536712553	3881209.18138867	100
507300.536712553	3881209.18138867	100
507300.47277785	3881209.32550428	100
507300.417969046	3881209.45853744	100
507300.47277785	3881209.32550428	100
507300.417969046	3881209.45853744	100
507300.34493517	3881209.58046621	100
507300.34493517	3881209.58046621	100
507300.271883485	3881209.7245745	100
507300.271883485	3881209.7245745	100
507300.198831804	3881209.86868278	100
507300.198831804	3881209.86868278	100
507300.125780123	3881210.01279107	100
507300.125780123	3881210.01279107	100
507300.061845435	3881210.15690668	100
507299.997910746	3881210.30102229	100
507299.997910746	3881210.30102229	100
507299.93397606	3881210.4451379	100
507299.93397606	3881210.4451379	100
507299.879149457	3881210.60035059	100
507299.879149457	3881210.60035059	100
507299.815214777	3881210.7444662	100
507299.815214777	3881210.7444662	100
507299.815214777	3881210.7444662	100
507299.760405991	3881210.87749937	100
507299.760405991	3881210.87749937	100
507299.696471312	3881211.02161499	100
507299.696471312	3881211.02161499	100
507299.623419651	3881211.16572328	100
507299.623419651	3881211.16572328	100
507299.559476072	3881211.32092865	100
507299.559476072	3881211.32092865	100
507299.504649481	3881211.47614134	100
507299.504649481	3881211.47614134	100
507299.45893988	3881211.63136135	100
507299.45893988	3881211.63136135	100
507299.404104391	3881211.79766381	100
507299.404104391	3881211.79766381	100
507299.358394791	3881211.95288382	100
507299.312685196	3881212.10810383	100
507299.312685196	3881212.10810383	100
507299.312685196	3881212.10810383	100
507299.266984502	3881212.25223409	100
507299.266984502	3881212.25223409	100
507299.22127491	3881212.40745411	100
507299.175574223	3881212.55158436	100
507299.175574223	3881212.55158436	100
507299.129855727	3881212.71789414	100
507299.175574223	3881212.55158436	100
507299.129855727	3881212.71789414	100
507299.093272031	3881212.86203171	100
507299.093272031	3881212.86203171	100
507299.056679427	3881213.01725905	100
507299.056679427	3881213.01725905	100
507299.029203812	3881213.1724937	100
507299.029203812	3881213.1724937	100
507299.010836278	3881213.33882544	100
507299.010836278	3881213.33882544	100
507298.99248655	3881213.48297766	100
507298.99248655	3881213.48297766	100
507298.965019844	3881213.62712256	100
507298.965019844	3881213.62712256	100
507298.946670118	3881213.77127478	100
507298.91007752	3881213.92650211	100
507298.91007752	3881213.92650211	100
507298.873493833	3881214.07063969	100
507298.873493833	3881214.07063969	100
507298.855135205	3881214.22588167	100
507298.855135205	3881214.22588167	100
507298.855135205	3881214.22588167	100
507298.845902468	3881214.37004121	100
507298.845902468	3881214.37004121	100
507298.84577781	3881214.52529783	100
507298.845653153	3881214.68055445	100
507298.845653153	3881214.68055445	100
507298.845653153	3881214.68055445	100
507298.845528495	3881214.83581106	100
507298.845528495	3881214.83581106	100
507298.845412742	3881214.97997792	100
507298.845412742	3881214.97997792	100
507298.83618891	3881215.1130477	100
507298.826956171	3881215.25720724	100
507298.826956171	3881215.25720724	100
507298.826956171	3881215.25720724	100
507298.817714534	3881215.41245654	100
507298.817714534	3881215.41245654	100
507298.799355912	3881215.56769852	100
507298.799249063	3881215.70077562	100
507298.799249063	3881215.70077562	100
507298.799249063	3881215.70077562	100
507298.808250293	3881215.8449498	100
507298.808143444	3881215.9780269	100
507298.808250293	3881215.8449498	100
507298.808143444	3881215.9780269	100
507298.826261653	3881216.1222084	100
507298.826261653	3881216.1222084	100
507298.844379865	3881216.2663899	100
507298.844379865	3881216.2663899	100
507298.853389997	3881216.39947432	100
507298.871517113	3881216.53256606	100
507298.871517113	3881216.53256606	100
507298.871517113	3881216.53256606	100
507298.88051834	3881216.67674024	100
507298.88051834	3881216.67674024	100
507298.898636549	3881216.82092175	100
507298.916754756	3881216.96510325	100
507298.916754756	3881216.96510325	100
507298.916754756	3881216.96510325	100
507298.943989944	3881217.10929207	100
507298.943989944	3881217.10929207	100
507298.971225134	3881217.25348089	100
507298.971225134	3881217.25348089	100
507298.998460317	3881217.39766971	100
507298.998460317	3881217.39766971	100
507299.034812485	3881217.54186585	100
507299.034812485	3881217.54186585	100
507299.062056574	3881217.67496491	100
507299.062056574	3881217.67496491	100
507299.098417644	3881217.8080713	100
507299.098417644	3881217.8080713	100
507299.134769807	3881217.95226744	100
507299.134769807	3881217.95226744	100
507299.171113064	3881218.10755334	100
507299.207465224	3881218.25174948	100
507299.171113064	3881218.10755334	100
507299.207465224	3881218.25174948	100
507299.252934364	3881218.39595294	100
507299.252934364	3881218.39595294	100
507299.307520483	3881218.54016373	100
507299.307520483	3881218.54016373	100
507299.362106598	3881218.68437451	100
507299.362106598	3881218.68437451	100
507299.416692711	3881218.8285853	100
507299.416692711	3881218.8285853	100
507299.471287729	3881218.96170632	100
507299.471287729	3881218.96170632	100
507299.525882746	3881219.09482735	100
507299.525882746	3881219.09482735	100
507299.580468854	3881219.23903814	100
507299.625937984	3881219.3832416	100
507299.580468854	3881219.23903814	100
507299.625937984	3881219.3832416	100
507299.680524089	3881219.52745239	100
507299.680524089	3881219.52745239	100
507299.744236077	3881219.66058074	100
507299.744236077	3881219.66058074	100
507299.807939156	3881219.80479884	100
507299.880759214	3881219.94902428	100
507299.880759214	3881219.94902428	100
507299.953588172	3881220.08215995	100
507299.953588172	3881220.08215995	100
507300.026408225	3881220.22638538	100
507300.026408225	3881220.22638538	100
507300.108354159	3881220.35952837	100
507300.108354159	3881220.35952837	100
507300.190291184	3881220.50376113	100
507300.190291184	3881220.50376113	100
507300.281336279	3881220.65909096	100
507300.281336279	3881220.65909096	100
507300.363273299	3881220.80332372	100
507300.363273299	3881220.80332372	100
507300.363273299	3881220.80332372	100
507300.454336197	3881220.93647404	100
507300.545399095	3881221.06962436	100
507300.545399095	3881221.06962436	100
507300.645578967	3881221.202782	100
507300.645578967	3881221.202782	100
507300.745767743	3881221.32484989	100
507300.745767743	3881221.32484989	100
507300.845956516	3881221.44691777	100
507300.845956516	3881221.44691777	100
507300.937037216	3881221.55788858	100
507300.937037216	3881221.55788858	100
507301.046342958	3881221.67996379	100
507301.046342958	3881221.67996379	100
507301.146531725	3881221.80203168	100
507301.146531725	3881221.80203168	100
507301.246720485	3881221.92409958	100
507301.246720485	3881221.92409958	100
507301.346927059	3881222.02398795	100
507301.346927059	3881222.02398795	100
507301.456241702	3881222.13497341	100
507301.456241702	3881222.13497341	100
507301.456241702	3881222.13497341	100
507301.565556337	3881222.24595887	100
507301.565556337	3881222.24595887	100
507301.674870974	3881222.35694433	100
507301.674870974	3881222.35694433	100
507301.775077536	3881222.45683271	100
507301.884401076	3881222.55672841	100
507301.884401076	3881222.55672841	100
507301.884401076	3881222.55672841	100
507301.993724609	3881222.65662412	100
507302.103039236	3881222.76760959	100
507301.993724609	3881222.65662412	100
507302.103039236	3881222.76760959	100
507302.212344947	3881222.88968481	100
507302.212344947	3881222.88968481	100
507302.321668477	3881222.98958052	100
507302.321668477	3881222.98958052	100
507302.440100067	3881223.10057332	100
507302.440100067	3881223.10057332	100
507302.558540564	3881223.20047635	100
507302.558540564	3881223.20047635	100
507302.686089127	3881223.31147647	100
507302.686089127	3881223.31147647	100
507302.795412644	3881223.41137219	100
507302.913844224	3881223.52236499	100
507302.913844224	3881223.52236499	100
507302.913844224	3881223.52236499	100
507303.041383867	3881223.64445487	100
507303.041383867	3881223.64445487	100
507303.168932415	3881223.755455	100
507303.168932415	3881223.755455	100
507303.29648987	3881223.85536537	100
507303.29648987	3881223.85536537	100
507303.424056234	3881223.94418599	100
507303.424056234	3881223.94418599	100
507303.551613683	3881224.04409636	100
507303.551613683	3881224.04409636	100
507303.688297014	3881224.13292431	100
507303.815863368	3881224.22174492	100
507303.815863368	3881224.22174492	100
507303.815863368	3881224.22174492	100
507303.943429722	3881224.31056555	100
507303.943429722	3881224.31056555	100
507304.061879097	3881224.39937885	100
507304.198562417	3881224.4882068	100
507304.198562417	3881224.4882068	100
507304.198562417	3881224.4882068	100
507304.335245735	3881224.57703475	100
507304.335245735	3881224.57703475	100
507304.462812078	3881224.66585538	100
507304.462812078	3881224.66585538	100
507304.599504302	3881224.74359358	100
507304.727070638	3881224.83241421	100
507304.727070638	3881224.83241421	100
507304.727070638	3881224.83241421	100
507304.863771769	3881224.89906265	100
507304.863771769	3881224.89906265	100
507305.000463985	3881224.97680086	100
507305.000463985	3881224.97680086	100
507305.128039226	3881225.05453174	100
507305.246497495	3881225.13225529	100
507305.246497495	3881225.13225529	100
507305.383189704	3881225.2099935	100
507305.383189704	3881225.2099935	100
507305.510756027	3881225.29881414	100
507305.510756027	3881225.29881414	100
507305.638331259	3881225.37654503	100
507305.638331259	3881225.37654503	100
507305.756789517	3881225.45426859	100
507305.638331259	3881225.37654503	100
507305.756789517	3881225.45426859	100
507305.884364745	3881225.53199948	100
507305.884364745	3881225.53199948	100
507306.021056943	3881225.6097377	100
507306.021056943	3881225.6097377	100
507306.157758054	3881225.67638617	100
507306.157758054	3881225.67638617	100
507306.276225217	3881225.74301998	100
507306.276225217	3881225.74301998	100
507306.403800436	3881225.82075087	100
507306.403800436	3881225.82075087	100
507306.53136674	3881225.90957153	100
507306.53136674	3881225.90957153	100
507306.668050013	3881225.99839952	100
507306.668050013	3881225.99839952	100
507306.795625228	3881226.07613042	100
507306.923209353	3881226.14277157	100
507306.923209353	3881226.14277157	100
507307.041676504	3881226.20940539	100
507307.041676504	3881226.20940539	100
507307.041676504	3881226.20940539	100
507307.169251712	3881226.2871363	100
507307.169251712	3881226.2871363	100
507307.315069774	3881226.35379211	100
507307.315069774	3881226.35379211	100
507307.433545834	3881226.40933617	100
507307.433545834	3881226.40933617	100
507307.561129949	3881226.47597733	100
507307.561129949	3881226.47597733	100
507307.688705148	3881226.55370825	100
507307.688705148	3881226.55370825	100
507307.825397317	3881226.63144649	100
507307.952972511	3881226.70917741	100
507307.952972511	3881226.70917741	100
507308.089664674	3881226.78691566	100
507308.089664674	3881226.78691566	100
507308.089664674	3881226.78691566	100
507308.217239863	3881226.86464659	100
507308.217239863	3881226.86464659	100
507308.353940937	3881226.93129508	100
507308.481516125	3881227.00902601	100
507308.481516125	3881227.00902601	100
507308.481516125	3881227.00902601	100
507308.618217195	3881227.07567451	100
507308.745792376	3881227.15340544	100
507308.745792376	3881227.15340544	100
507308.882493441	3881227.22005394	100
507308.882493441	3881227.22005394	100
507309.010068618	3881227.29778488	100
507308.882493441	3881227.22005394	100
507309.146760765	3881227.37552315	100
507309.010068618	3881227.29778488	100
507309.274344854	3881227.44216433	100
507309.274344854	3881227.44216433	100
507309.401928942	3881227.50880551	100
507309.274344854	3881227.44216433	100
507309.52950411	3881227.58653645	100
507309.401928942	3881227.50880551	100
507309.52950411	3881227.58653645	100
507309.666205163	3881227.65318497	100
507309.666205163	3881227.65318497	100
507309.793789247	3881227.71982615	100
507309.921373326	3881227.78646734	100
507309.921373326	3881227.78646734	100
507310.048948486	3881227.86419829	100
507310.048948486	3881227.86419829	100
507310.048948486	3881227.86419829	100
507310.176523646	3881227.94192924	100
507310.176523646	3881227.94192924	100
507310.31322469	3881228.00857777	100
507310.31322469	3881228.00857777	100
507310.440799843	3881228.08630872	100
507310.568383912	3881228.15294992	100
507310.568383912	3881228.15294992	100
507310.568383912	3881228.15294992	100
507310.69596798	3881228.21959112	100
507310.832669018	3881228.28623965	100
507310.832669018	3881228.28623965	100
507310.832669018	3881228.28623965	100
507310.969370051	3881228.35288819	100
507310.969370051	3881228.35288819	100
507311.087837144	3881228.41952206	100
507311.087837144	3881228.41952206	100
507311.206295313	3881228.4972457	100
507311.206295313	3881228.4972457	100
507311.306555224	3881228.53059563	100
507311.306555224	3881228.53059563	100
507311.434130361	3881228.6083266	100
507311.434130361	3881228.6083266	100
507311.552597447	3881228.67496048	100
507311.671064531	3881228.74159436	100
507311.671064531	3881228.74159436	100
507311.671064531	3881228.74159436	100
507311.789531613	3881228.80822824	100
507311.789531613	3881228.80822824	100
507311.917124585	3881228.8637797	100
507311.917124585	3881228.8637797	100
507312.053825602	3881228.93042825	100
507312.053825602	3881228.93042825	100
507312.181418568	3881228.98597971	100
507312.181418568	3881228.98597971	100
507312.299885641	3881229.0526136	100
507312.299885641	3881229.0526136	100
507312.418352717	3881229.11924749	100
507312.418352717	3881229.11924749	100
507312.545927837	3881229.19697848	100
507312.545927837	3881229.19697848	100
507312.673502955	3881229.27470947	100
507312.673502955	3881229.27470947	100
507312.791970025	3881229.34134336	100
507312.791970025	3881229.34134336	100
507312.91955406	3881229.40798459	100
507312.91955406	3881229.40798459	100
507313.038030043	3881229.46352873	100
507313.174739965	3881229.51908754	100
507313.174739965	3881229.51908754	100
507313.174739965	3881229.51908754	100
507313.302332918	3881229.57463902	100
507313.302332918	3881229.57463902	100
507313.4208089	3881229.63018316	100
507313.539284882	3881229.68572731	100
507313.4208089	3881229.63018316	100
507313.539284882	3881229.68572731	100
507313.666877829	3881229.74127879	100
507313.666877829	3881229.74127879	100
507313.785344881	3881229.8079127	100
507313.91291998	3881229.88564371	100
507313.91291998	3881229.88564371	100
507313.91291998	3881229.88564371	100
507314.031387033	3881229.95227762	100
507314.149854082	3881230.01891153	100
507314.149854082	3881230.01891153	100
507314.149854082	3881230.01891153	100
507314.2774381	3881230.08555278	100
507314.40501319	3881230.16328379	100
507314.40501319	3881230.16328379	100
507314.532606125	3881230.21883529	100
507314.532606125	3881230.21883529	100
507314.651064241	3881230.29655897	100
507314.651064241	3881230.29655897	100
507314.760414316	3881230.36318555	100
507314.760414316	3881230.36318555	100
507314.760414316	3881230.36318555	100
507314.887989398	3881230.44091657	100
507314.887989398	3881230.44091657	100
507315.015564479	3881230.51864759	100
507315.143139559	3881230.59637861	100
507315.143139559	3881230.59637861	100
507315.143139559	3881230.59637861	100
507315.261606589	3881230.66301254	100
507315.389181663	3881230.74074356	100
507315.389181663	3881230.74074356	100
507315.525882626	3881230.80739217	100
507315.525882626	3881230.80739217	100
507315.662574665	3881230.88513053	100
507315.662574665	3881230.88513053	100
507315.781041691	3881230.95176447	100
507315.781041691	3881230.95176447	100
507315.781041691	3881230.95176447	100
507315.908616756	3881231.0294955	100
507315.908616756	3881231.0294955	100
507316.036182894	3881231.11831629	100
507316.163749032	3881231.20713708	100
507316.163749032	3881231.20713708	100
507316.163749032	3881231.20713708	100
507316.29132409	3881231.28486812	100
507316.409791106	3881231.35150206	100
507316.29132409	3881231.28486812	100
507316.409791106	3881231.35150206	100
507316.537366162	3881231.42923311	100
507316.674067107	3881231.49588173	100
507316.537366162	3881231.42923311	100
507316.819885016	3881231.56253769	100
507316.819885016	3881231.56253769	100
507316.938352024	3881231.62917164	100
507316.938352024	3881231.62917164	100
507316.938352024	3881231.62917164	100
507317.047693137	3881231.70688801	100
507317.166151215	3881231.78461172	100
507317.166151215	3881231.78461172	100
507317.29371733	3881231.87343253	100
507317.166151215	3881231.78461172	100
507317.412175406	3881231.95115625	100
507317.412175406	3881231.95115625	100
507317.530642402	3881232.0177902	100
507317.412175406	3881231.95115625	100
507317.658217438	3881232.09552126	100
507317.658217438	3881232.09552126	100
507317.658217438	3881232.09552126	100
507317.785801401	3881232.16216256	100
507317.785801401	3881232.16216256	100
507317.931610363	3881232.2399083	100
507317.931610363	3881232.2399083	100
507318.05919432	3881232.3065496	100
507318.177652381	3881232.38427333	100
507318.05919432	3881232.3065496	100
507318.177652381	3881232.38427333	100
507318.296110443	3881232.46199706	100
507318.296110443	3881232.46199706	100
507318.432802431	3881232.53973546	100
507318.560368523	3881232.62855629	100
507318.560368523	3881232.62855629	100
507318.678835504	3881232.69519026	100
507318.678835504	3881232.69519026	100
507318.678835504	3881232.69519026	100
507318.797293555	3881232.772914	100
507318.797293555	3881232.772914	100
507318.924877498	3881232.83955531	100
507318.924877498	3881232.83955531	100
507319.05245251	3881232.91728639	100
507319.05245251	3881232.91728639	100
507319.170919486	3881232.98392037	100
507319.289386459	3881233.05055435	100
507319.170919486	3881232.98392037	100
507319.407844497	3881233.12827809	100
507319.289386459	3881233.05055435	100
507319.407844497	3881233.12827809	100
507319.535428433	3881233.19491941	100
507319.535428433	3881233.19491941	100
507319.663003435	3881233.2726505	100
507319.663003435	3881233.2726505	100
507319.790569505	3881233.36147134	100
507319.790569505	3881233.36147134	100
507319.90903647	3881233.42810533	100
507320.027503431	3881233.49473932	100
507319.90903647	3881233.42810533	100
507320.155087352	3881233.56138066	100
507320.027503431	3881233.49473932	100
507320.155087352	3881233.56138066	100
507320.282662343	3881233.63911175	100
507320.282662343	3881233.63911175	100
507320.401129301	3881233.70574574	100
507320.401129301	3881233.70574574	100
507320.519587324	3881233.7834695	100
507320.656279274	3881233.86120794	100
507320.519587324	3881233.7834695	100
507320.783854259	3881233.93893904	100
507320.656279274	3881233.86120794	100
507320.783854259	3881233.93893904	100
507320.911420308	3881234.0277599	100
507320.911420308	3881234.0277599	100
507321.039013149	3881234.08331149	100
507321.039013149	3881234.08331149	100
507321.166597057	3881234.14995284	100
507321.166597057	3881234.14995284	100
507321.294180966	3881234.21659419	100
507321.294180966	3881234.21659419	100
507321.439998797	3881234.28325023	100
507321.567582699	3881234.34989158	100
507321.439998797	3881234.28325023	100
507321.6951666	3881234.41653293	100
507321.6951666	3881234.41653293	100
507321.6951666	3881234.41653293	100
507321.822750501	3881234.48317429	100
507321.950325465	3881234.56090541	100
507321.950325465	3881234.56090541	100
507321.950325465	3881234.56090541	100
507322.077891494	3881234.64972629	100
507322.077891494	3881234.64972629	100
507322.205475384	3881234.71636765	100
507322.205475384	3881234.71636765	100
507322.323933381	3881234.79409143	100
507322.323933381	3881234.79409143	100
507322.460634233	3881234.86074014	100
507322.460634233	3881234.86074014	100
507322.597326149	3881234.93847861	100
507322.597326149	3881234.93847861	100
507322.724901101	3881235.01620974	100
507322.724901101	3881235.01620974	100
507322.843359089	3881235.09393352	100
507322.961817074	3881235.17165731	100
507322.843359089	3881235.09393352	100
507322.961817074	3881235.17165731	100
507323.089400952	3881235.23829868	100
507323.089400952	3881235.23829868	100
507323.216966961	3881235.32711958	100
507323.216966961	3881235.32711958	100
507323.344541904	3881235.40485072	100
507323.472125774	3881235.47149209	100
507323.472125774	3881235.47149209	100
507323.59970071	3881235.54922324	100
507323.472125774	3881235.47149209	100
507323.59970071	3881235.54922324	100
507323.736392609	3881235.62696172	100
507323.87309344	3881235.69361045	100
507323.87309344	3881235.69361045	100
507323.991551406	3881235.77133425	100
507323.87309344	3881235.69361045	100
507323.991551406	3881235.77133425	100
507324.119126333	3881235.8490654	100
507324.246710194	3881235.91570679	100
507324.246710194	3881235.91570679	100
507324.246710194	3881235.91570679	100
507324.383393144	3881236.00453505	100
507324.383393144	3881236.00453505	100
507324.510968067	3881236.0822662	100
507324.62943496	3881236.14890025	100
507324.62943496	3881236.14890025	100
507324.766126839	3881236.22663876	100
507324.62943496	3881236.14890025	100
507324.766126839	3881236.22663876	100
507324.893710692	3881236.29328016	100
507324.893710692	3881236.29328016	100
507325.039519525	3881236.37102601	100
507325.039519525	3881236.37102601	100
507325.16711231	3881236.42657766	100
507325.16711231	3881236.42657766	100
507325.294687219	3881236.50430882	100
507325.422262125	3881236.58203999	100
507325.422262125	3881236.58203999	100
507325.422262125	3881236.58203999	100
507325.558945054	3881236.67086826	100
507325.686519958	3881236.74859943	100
507325.558945054	3881236.67086826	100
507325.686519958	3881236.74859943	100
507325.814094857	3881236.82633061	100
507325.814094857	3881236.82633061	100
507325.941678692	3881236.89297202	100
507325.941678692	3881236.89297202	100
507326.078379485	3881236.95962078	100
507326.078379485	3881236.95962078	100
507326.22419724	3881237.0262769	100
507326.342664108	3881237.09291097	100
507326.342664108	3881237.09291097	100
507326.342664108	3881237.09291097	100
507326.470238997	3881237.17064215	100
507326.588696923	3881237.24836599	100
507326.588696923	3881237.24836599	100
507326.71627181	3881237.32609717	100
507326.71627181	3881237.32609717	100
507326.71627181	3881237.32609717	100
507326.843846693	3881237.40382836	100
507326.843846693	3881237.40382836	100
507326.971421573	3881237.48155955	100
507327.08988843	3881237.54819363	100
507327.08988843	3881237.54819363	100
507327.08988843	3881237.54819363	100
507327.226589208	3881237.61484241	100
507327.354173018	3881237.68148385	100
507327.354173018	3881237.68148385	100
507327.490873792	3881237.74813263	100
507327.490873792	3881237.74813263	100
507327.6093317	3881237.82585648	100
507327.490873792	3881237.74813263	100
507327.6093317	3881237.82585648	100
507327.72778961	3881237.90358033	100
507327.72778961	3881237.90358033	100
507327.855355536	3881237.99240129	100
507327.98292146	3881238.08122225	100
507327.98292146	3881238.08122225	100
507328.101388304	3881238.14785635	100
507328.101388304	3881238.14785635	100
507328.101388304	3881238.14785635	100
507328.228963163	3881238.22558755	100
507328.356546958	3881238.292229	100
507328.356546958	3881238.292229	100
507328.356546958	3881238.292229	100
507328.493247715	3881238.3588778	100
507328.493247715	3881238.3588778	100
507328.620831511	3881238.42551926	100
507328.739298341	3881238.49215336	100
507328.739298341	3881238.49215336	100
507328.85775623	3881238.56987722	100
507328.85775623	3881238.56987722	100
507328.98533108	3881238.64760844	100
507328.98533108	3881238.64760844	100
507329.122013942	3881238.73643677	100
507329.122013942	3881238.73643677	100
507329.249588785	3881238.81416799	100
507329.249588785	3881238.81416799	100
507329.377172566	3881238.88080946	100
507329.377172566	3881238.88080946	100
507329.377172566	3881238.88080946	100
507329.495639389	3881238.94744357	100
507329.632349068	3881239.00300263	100
507329.632349068	3881239.00300263	100
507329.750815883	3881239.06963675	100
507329.750815883	3881239.06963675	100
507329.8692827	3881239.13627087	100
507329.8692827	3881239.13627087	100
507329.987749514	3881239.20290499	100
507329.987749514	3881239.20290499	100
507329.987749514	3881239.20290499	100
507330.106207384	3881239.28062887	100
507330.106207384	3881239.28062887	100
507330.23378221	3881239.3583601	100
507330.23378221	3881239.3583601	100
507330.361348092	3881239.4471811	100
507330.361348092	3881239.4471811	100
507330.488931856	3881239.51382258	100
507330.488931856	3881239.51382258	100
507330.616506676	3881239.59155382	100
507330.616506676	3881239.59155382	100
507330.744090439	3881239.6581953	100
507330.744090439	3881239.6581953	100
507330.880782212	3881239.73593389	100
507331.008374912	3881239.79148562	100
507331.008374912	3881239.79148562	100
507331.11771581	3881239.86920216	100
507331.11771581	3881239.86920216	100
507331.11771581	3881239.86920216	100
507331.236182603	3881239.9358363	100
507331.236182603	3881239.9358363	100
507331.36375741	3881240.01356755	100
507331.491323271	3881240.10238856	100
507331.36375741	3881240.01356755	100
507331.491323271	3881240.10238856	100
507331.618898077	3881240.18011982	100
507331.746481822	3881240.24676131	100
507331.618898077	3881240.18011982	100
507331.746481822	3881240.24676131	100
507331.87405662	3881240.32449257	100
507331.87405662	3881240.32449257	100
507332.010748374	3881240.40223118	100
507332.147449071	3881240.46888004	100
507332.147449071	3881240.46888004	100
507332.147449071	3881240.46888004	100
507332.265906908	3881240.54660395	100
507332.393490643	3881240.61324546	100
507332.265906908	3881240.54660395	100
507332.393490643	3881240.61324546	100
507332.521065431	3881240.69097672	100
507332.521065431	3881240.69097672	100
507332.648631274	3881240.77979775	100
507332.648631274	3881240.77979775	100
507332.776215003	3881240.84643926	100
507332.776215003	3881240.84643926	100
507332.894672825	3881240.92416318	100
507333.022256553	3881240.99080469	100
507332.894672825	3881240.92416318	100
507333.158957235	3881241.05745357	100
507333.022256553	3881240.99080469	100
507333.158957235	3881241.05745357	100
507333.295648967	3881241.1351922	100
507333.414115728	3881241.20182636	100
507333.414115728	3881241.20182636	100
507333.414115728	3881241.20182636	100
507333.541699445	3881241.26846789	100
507333.541699445	3881241.26846789	100
507333.66015726	3881241.34619181	100
507333.66015726	3881241.34619181	100
507333.78772308	3881241.43501286	100
507333.78772308	3881241.43501286	100
507333.915297845	3881241.51274414	100
507333.915297845	3881241.51274414	100
507334.042872609	3881241.59047543	100
507334.042872609	3881241.59047543	100
507334.161330413	3881241.66819937	100
507334.161330413	3881241.66819937	100
507334.288914117	3881241.7348409	100
507334.425614779	3881241.80148979	100
507334.288914117	3881241.7348409	100
507334.425614779	3881241.80148979	100
507334.553198481	3881241.86813133	100
507334.553198481	3881241.86813133	100
507334.680782181	3881241.93477286	100
507334.799239974	3881242.01249681	100
507334.680782181	3881241.93477286	100
507334.799239974	3881242.01249681	100
507334.935931678	3881242.09023547	100
507334.935931678	3881242.09023547	100
507335.072614433	3881242.17906388	100
507335.072614433	3881242.17906388	100
507335.200198125	3881242.24570543	100
507335.200198125	3881242.24570543	100
507335.336889822	3881242.32344409	100
507335.336889822	3881242.32344409	100
507335.46447351	3881242.39008564	100
507335.46447351	3881242.39008564	100
507335.610291109	3881242.45674191	100
507335.746991748	3881242.52339082	100
507335.610291109	3881242.45674191	100
507335.746991748	3881242.52339082	100
507335.874584382	3881242.57894261	100
507336.002159113	3881242.65667393	100
507335.874584382	3881242.57894261	100
507336.002159113	3881242.65667393	100
507336.138859746	3881242.72332284	100
507336.138859746	3881242.72332284	100
507336.275542478	3881242.81215128	100
507336.403126152	3881242.87879284	100
507336.275542478	3881242.81215128	100
507336.403126152	3881242.87879284	100
507336.530709826	3881242.94543441	100
507336.658284546	3881243.02316573	100
507336.658284546	3881243.02316573	100
507336.658284546	3881243.02316573	100
507336.785868215	3881243.0898073	100
507336.785868215	3881243.0898073	100
507336.931685791	3881243.15646359	100
507336.931685791	3881243.15646359	100
507337.059260504	3881243.23419492	100
507337.059260504	3881243.23419492	100
507337.186835218	3881243.31192625	100
507337.314409927	3881243.38965759	100
507337.314409927	3881243.38965759	100
507337.314409927	3881243.38965759	100
507337.441975683	3881243.47847868	100
507337.569541439	3881243.56729978	100
507337.569541439	3881243.56729978	100
507337.569541439	3881243.56729978	100
507337.687999185	3881243.64502376	100
507337.687999185	3881243.64502376	100
507337.806465882	3881243.71165798	100
507337.806465882	3881243.71165798	100
507337.934040581	3881243.78938933	100
507337.934040581	3881243.78938933	100
507338.070741185	3881243.85603827	100
507338.070741185	3881243.85603827	100
507338.198315879	3881243.93376962	100
507338.198315879	3881243.93376962	100
507338.316773617	3881244.01149361	100
507338.316773617	3881244.01149361	100
507338.444339357	3881244.10031472	100
507338.571905092	3881244.18913583	100
507338.444339357	3881244.10031472	100
507338.571905092	3881244.18913583	100
507338.708587778	3881244.2779643	100
507338.708587778	3881244.2779643	100
507338.827045505	3881244.3556883	100
507338.827045505	3881244.3556883	100
507338.963728188	3881244.44451677	100
507338.963728188	3881244.44451677	100
507339.100419822	3881244.52225549	100
507339.255354309	3881244.58891918	100
507339.255354309	3881244.58891918	100
507339.255354309	3881244.58891918	100
507339.392054892	3881244.65556815	100
507339.392054892	3881244.65556815	100
507339.510521564	3881244.72220239	100
507339.638105188	3881244.788844	100
507339.638105188	3881244.788844	100
507339.638105188	3881244.788844	100
507339.774796808	3881244.86658273	100
507339.774796808	3881244.86658273	100
507339.911479472	3881244.95541122	100
507339.911479472	3881244.95541122	100
507340.039063092	3881245.02205283	100
507340.039063092	3881245.02205283	100
507340.1575208	3881245.09977685	100
507340.1575208	3881245.09977685	100
507340.285104414	3881245.16641846	100
507340.412679073	3881245.24414984	100
507340.285104414	3881245.16641846	100
507340.412679073	3881245.24414984	100
507340.549379635	3881245.31079883	100
507340.549379635	3881245.31079883	100
507340.667837335	3881245.38852285	100
507340.667837335	3881245.38852285	100
507340.786295033	3881245.46624687	100
507340.786295033	3881245.46624687	100
507340.922986636	3881245.54398561	100
507340.922986636	3881245.54398561	100
507341.068777275	3881245.64391125	100
507341.068777275	3881245.64391125	100
507341.196351919	3881245.72164264	100
507341.196351919	3881245.72164264	100
507341.32392656	3881245.79937403	100
507341.32392656	3881245.79937403	100
507341.460627107	3881245.86602302	100
507341.460627107	3881245.86602302	100
507341.597318696	3881245.94376178	100
507341.743136191	3881246.01041814	100
507341.597318696	3881245.94376178	100
507341.870719783	3881246.07705979	100
507341.870719783	3881246.07705979	100
507341.998294413	3881246.15479119	100
507341.998294413	3881246.15479119	100
507341.998294413	3881246.15479119	100
507342.134985993	3881246.23252995	100
507342.134985993	3881246.23252995	100
507342.271668614	3881246.32135848	100
507342.408360191	3881246.39909725	100
507342.408360191	3881246.39909725	100
507342.535934813	3881246.47682866	100
507342.535934813	3881246.47682866	100
507342.535934813	3881246.47682866	100
507342.663518389	3881246.54347031	100
507342.80020996	3881246.62120909	100
507342.80020996	3881246.62120909	100
507342.80020996	3881246.62120909	100
507342.946027436	3881246.68786547	100
507342.946027436	3881246.68786547	100
507343.073611006	3881246.75450713	100
507343.073611006	3881246.75450713	100
507343.201185619	3881246.83223854	100
507343.201185619	3881246.83223854	100
507343.328760228	3881246.90996996	100
507343.328760228	3881246.90996996	100
507343.456334834	3881246.98770138	100
507343.456334834	3881246.98770138	100
507343.593017431	3881247.07652993	100
507343.593017431	3881247.07652993	100
507343.720600994	3881247.1431716	100
507343.720600994	3881247.1431716	100
507343.839076559	3881247.19871614	100
507343.957543165	3881247.26535044	100
507343.839076559	3881247.19871614	100
507343.957543165	3881247.26535044	100
507344.094243671	3881247.33199948	100
507344.221827227	3881247.39864115	100
507344.221827227	3881247.39864115	100
507344.340302788	3881247.4541857	100
507344.221827227	3881247.39864115	100
507344.458760427	3881247.53190977	100
507344.458760427	3881247.53190977	100
507344.458760427	3881247.53190977	100
507344.577227025	3881247.59854408	100
507344.713927521	3881247.66519313	100
507344.713927521	3881247.66519313	100
507344.713927521	3881247.66519313	100
507344.841493145	3881247.75401433	100
507344.841493145	3881247.75401433	100
507344.950842789	3881247.82064128	100
507344.950842789	3881247.82064128	100
507345.069300419	3881247.89836536	100
507345.069300419	3881247.89836536	100
507345.187758044	3881247.97608944	100
507345.315350544	3881248.03164137	100
507345.187758044	3881247.97608944	100
507345.315350544	3881248.03164137	100
507345.433817129	3881248.09827569	100
507345.433817129	3881248.09827569	100
507345.543175723	3881248.15381289	100
507345.543175723	3881248.15381289	100
507345.643408405	3881248.22043248	100
507345.643408405	3881248.22043248	100
507345.752758036	3881248.28705944	100
507345.752758036	3881248.28705944	100
507345.843873763	3881248.35367167	100
507345.843873763	3881248.35367167	100
507345.934989491	3881248.4202839	100
507345.934989491	3881248.4202839	100
507346.016997231	3881248.475799	100
507346.016997231	3881248.475799	100
507346.099022892	3881248.50913459	100
507346.099022892	3881248.50913459	100
507346.162823617	3881248.53136568	100
507346.162823617	3881248.53136568	100
507346.217507389	3881248.5535894	100
507346.217507389	3881248.5535894	100
507346.272209088	3881248.55363361	100
507346.272209088	3881248.55363361	100
507346.308676886	3881248.55366308	100
507346.308676886	3881248.55366308	100
507346.345144685	3881248.55369255	100
507346.345144685	3881248.55369255	100
507346.36336962	3881248.56479705	100
507346.36336962	3881248.56479705	100
507346.381603521	3881248.56481178	100
507346.381603521	3881248.56481178	100
507346.390711508	3881248.57590891	100
507346.390711508	3881248.57590891	100
507346.390711508	3881248.57590891	100
507346.390711508	3881248.57590891	100
507346.390711508	3881248.57590891	100
507346.390711508	3881248.57590891	100
507346.390711508	3881248.57590891	100
507346.390711508	3881248.57590891	100
507346.39072047	3881248.56481915	100
507346.39072047	3881248.56481915	100
507346.39072047	3881248.56481915	100
