166021.4431793313	0.0	80
507613.61113093403	3881256.547538513	80
507613.61113093403	3881256.547538513	30
507613.5837893968	3881256.536425846	30
507613.5837893968	3881256.536425846	30
507613.5199800898	3881256.5252826354	30
507613.5199800898	3881256.5252826354	30
507613.46529701486	3881256.503057303	30
507613.46529701486	3881256.503057303	30
507613.41061393963	3881256.4808319695	30
507613.41061393963	3881256.4808319695	30
507613.337696978	3881256.4585913653	30
507613.337696978	3881256.4585913653	30
507613.2556816497	3881256.4141636062	30
507613.2556816497	3881256.4141636062	30
507613.17367560836	3881256.35864609	30
507613.17367560836	3881256.35864609	30
507613.0734356818	3881256.303113303	30
507612.9823126985	3881256.2475881535	30
507612.9823126985	3881256.2475881535	30
507612.9823126985	3881256.2475881535	30
507612.87295582506	3881256.192047734	30
507612.87295582506	3881256.192047734	30
507612.763598955	3881256.136507315	30
507612.763598955	3881256.136507315	30
507612.6542420789	3881256.0809668982	30
507612.54488520615	3881256.025426483	30
507612.54488520615	3881256.025426483	30
507612.54488520615	3881256.025426483	30
507612.43552832736	3881255.9698860673	30
507612.21682385704	3881255.8477154835	30
507612.21682385704	3881255.8477154835	30
507612.21682385704	3881255.8477154835	30
507611.9890117245	3881255.7144475104	30
507611.9890117245	3881255.7144475104	30
507611.8796734155	3881255.636727584	30
507611.7612088712	3881255.570089784	30
507611.8796734155	3881255.636727584	30
507611.7612088712	3881255.570089784	30
507611.6336273846	3881255.503444352	30
507611.6336273846	3881255.503444352	30
507611.5060458962	3881255.436798922	30
507611.38758134656	3881255.370161126	30
507611.38758134656	3881255.370161126	30
507611.38758134656	3881255.370161126	30
507611.2782337429	3881255.3035309664	30
507611.15977847745	3881255.225803415	30
507611.2782337429	3881255.3035309664	30
507611.15977847745	3881255.225803415	30
507611.04132320994	3881255.1480758656	30
507611.04132320994	3881255.1480758656	30
507610.9228586555	3881255.081438078	30
507610.9228586555	3881255.081438078	30
507610.8044033818	3881255.00371053	30
507610.8044033818	3881255.00371053	30
507610.6859481084	3881254.925982985	30
507610.6859481084	3881254.925982985	30
507610.5583666049	3881254.8593375683	30
507610.5583666049	3881254.8593375683	30
507610.2940959306	3881254.714949347	30
507610.03892362857	3881254.5927482853	30
507610.03892362857	3881254.5927482853	30
507609.9204590572	3881254.5261105103	30
507609.9204590572	3881254.5261105103	30
507609.9204590572	3881254.5261105103	30
507609.79288682615	3881254.448375344	30
507609.79288682615	3881254.448375344	30
507609.6653145928	3881254.37064018	30
507609.6653145928	3881254.37064018	30
507609.53774235735	3881254.2929050187	30
507609.53774235735	3881254.2929050187	30
507609.4101701174	3881254.2151698577	30
507609.4101701174	3881254.2151698577	30
507609.28258859465	3881254.148524459	30
507609.15500707005	3881254.081879061	30
507609.15500707005	3881254.081879061	30
507609.15500707005	3881254.081879061	30
507609.02743482613	3881254.004143907	30
507608.9089702421	3881253.937506144	30
507608.9089702421	3881253.937506144	30
507608.7905149386	3881253.859778624	30
507608.7905149386	3881253.859778624	30
507608.7905149386	3881253.859778624	30
507608.6811672931	3881253.793148497	30
507608.55359504116	3881253.7154133487	30
507608.55359504116	3881253.7154133487	30
507608.3166844203	3881253.559958318	30
507608.3166844203	3881253.559958318	30
507608.3166844203	3881253.559958318	30
507608.1891121619	3881253.482223175	30
507608.0615399014	3881253.4044880345	30
507608.1891121619	3881253.482223175	30
507608.0615399014	3881253.4044880345	30
507607.9248506937	3881253.326745265	30
507607.9248506937	3881253.326745265	30
507607.66969687823	3881253.182364751	30
507607.66969687823	3881253.182364751	30
507607.53299838305	3881253.115711747	30
507607.53299838305	3881253.115711747	30
507607.40542611177	3881253.0379766147	30
507607.40542611177	3881253.0379766147	30
507607.2687276124	3881252.971323615	30
507607.2687276124	3881252.971323615	30
507607.1411460542	3881252.904678246	30
507607.0044475509	3881252.838025249	30
507607.0044475509	3881252.838025249	30
507607.0044475509	3881252.838025249	30
507606.86774904566	3881252.771372255	30
507606.86774904566	3881252.771372255	30
507606.7310505384	3881252.704719263	30
507606.59435202915	3881252.638066273	30
507606.7310505384	3881252.704719263	30
507606.59435202915	3881252.638066273	30
507606.4485180108	3881252.593585175	30
507606.4485180108	3881252.593585175	30
507606.3209457229	3881252.5158500588	30
507606.3209457229	3881252.5158500588	30
507606.1933734306	3881252.438114944	30
507605.92912117677	3881252.2715473315	30
507606.1933734306	3881252.438114944	30
507605.92912117677	3881252.2715473315	30
507605.80155815865	3881252.1827224633	30
507605.66486891324	3881252.104979728	30
507605.66486891324	3881252.104979728	30
507605.66486891324	3881252.104979728	30
507605.5281703848	3881252.038326754	30
507605.39147185674	3881251.971673782	30
507605.5281703848	3881252.038326754	30
507605.39147185674	3881251.971673782	30
507605.2547826047	3881251.893931053	30
507605.2547826047	3881251.893931053	30
507605.1363179655	3881251.8272933406	30
507605.1363179655	3881251.8272933406	30
507604.9996287091	3881251.7495506154	30
507604.9996287091	3881251.7495506154	30
507604.8720563947	3881251.6718155188	30
507604.8720563947	3881251.6718155188	30
507604.72625018697	3881251.5940651703	30
507604.72625018697	3881251.5940651703	30
507604.5895609235	3881251.5163224507	30
507604.5895609235	3881251.5163224507	30
507604.30706544034	3881251.3608293924	30
507604.0154437239	3881251.216418476	30
507604.30706544034	3881251.3608293924	30
507604.0154437239	3881251.216418476	30
507603.8787544487	3881251.1386757675	30
507603.8787544487	3881251.1386757675	30
507603.74205589504	3881251.072022821	30
507603.74205589504	3881251.072022821	30
507603.6053758914	3881250.983190358	30
507603.45956966176	3881250.9054400283	30
507603.6053758914	3881250.983190358	30
507603.45956966176	3881250.9054400283	30
507603.3228803772	3881250.82769733	30
507603.3228803772	3881250.82769733	30
507603.17707414035	3881250.749947007	30
507603.17707414035	3881250.749947007	30
507603.0403848487	3881250.67220431	30
507603.0403848487	3881250.67220431	30
507602.89457860927	3881250.594453992	30
507602.89457860927	3881250.594453992	30
507602.74877236504	3881250.516703675	30
507602.74877236504	3881250.516703675	30
507602.6029661206	3881250.438953361	30
507602.4662675471	3881250.3723004325	30
507602.4662675471	3881250.3723004325	30
507602.3204705724	3881250.2834603656	30
507602.3204705724	3881250.2834603656	30
507602.1837905407	3881250.194627923	30
507602.1837905407	3881250.194627923	30
507602.1837905407	3881250.194627923	30
507602.03799356037	3881250.105787859	30
507602.03799356037	3881250.105787859	30
507601.737264093	3881249.9502796326	30
507601.737264093	3881249.9502796326	30
507601.59146710444	3881249.8614395745	30
507601.2907376214	3881249.705931363	30
507601.2907376214	3881249.705931363	30
507601.2907376214	3881249.705931363	30
507601.14493135153	3881249.628181073	30
507601.14493135153	3881249.628181073	30
507600.9991250769	3881249.5504307845	30
507600.9991250769	3881249.5504307845	30
507600.8533188021	3881249.4726804984	30
507600.8533188021	3881249.4726804984	30
507600.70751252474	3881249.3949302156	30
507600.5617155149	3881249.306090175	30
507600.70751252474	3881249.3949302156	30
507600.5617155149	3881249.306090175	30
507600.4159092324	3881249.2283398956	30
507600.4159092324	3881249.2283398956	30
507600.2701029474	3881249.150589619	30
507600.2701029474	3881249.150589619	30
507600.1242966577	3881249.0728393453	30
507600.1242966577	3881249.0728393453	30
507599.9784903677	3881248.9950890746	30
507599.83269334666	3881248.906249046	30
507599.9784903677	3881248.9950890746	30
507599.83269334666	3881248.906249046	30
507599.69600399875	3881248.8285063994	30
507599.69600399875	3881248.8285063994	30
507599.55019770126	3881248.750756135	30
507599.55019770126	3881248.750756135	30
507599.4043914012	3881248.673005872	30
507599.4043914012	3881248.673005872	30
507599.26770204847	3881248.595263235	30
507599.26770204847	3881248.595263235	30
507599.13101269107	3881248.517520598	30
507599.13101269107	3881248.517520598	30
507598.9760894338	3881248.4397627213	30
507598.82116617163	3881248.362004847	30
507598.9760894338	3881248.4397627213	30
507598.6753691291	3881248.273164837	30
507598.6753691291	3881248.273164837	30
507598.6753691291	3881248.273164837	30
507598.53867976414	3881248.1954222093	30
507598.53867976414	3881248.1954222093	30
507598.40199039684	3881248.1176795843	30
507598.26531029673	3881248.0288472003	30
507598.26531029673	3881248.0288472003	30
507598.26531029673	3881248.0288472003	30
507598.11950397183	3881247.951096959	30
507598.11950397183	3881247.951096959	30
507597.9828238641	3881247.86226458	30
507597.83701753645	3881247.7845143434	30
507597.83701753645	3881247.7845143434	30
507597.7095099893	3881247.629151034	30
507597.83701753645	3881247.7845143434	30
507597.7095099893	3881247.629151034	30
507597.40878963465	3881247.4625531915	30
507597.40878963465	3881247.4625531915	30
507597.1262846372	3881247.318150117	30
507597.1262846372	3881247.318150117	30
507596.98048755917	3881247.2293101344	30
507596.98048755917	3881247.2293101344	30
507596.8255642616	3881247.151552294	30
507596.8255642616	3881247.151552294	30
507596.68888413155	3881247.062719935	30
507596.68888413155	3881247.062719935	30
507596.5430777777	3881246.984969719	30
507596.5430777777	3881246.984969719	30
507596.3972714237	3881246.907219505	30
507596.3972714237	3881246.907219505	30
507596.25147433195	3881246.818379534	30
507596.25147433195	3881246.818379534	30
507596.0965417544	3881246.7517114663	30
507595.9416184388	3881246.673953642	30
507596.0965417544	3881246.7517114663	30
507595.9416184388	3881246.673953642	30
507595.80492902646	3881246.5962110544	30
507595.80492902646	3881246.5962110544	30
507595.65912265994	3881246.518460853	30
507595.65912265994	3881246.518460853	30
507595.5042086028	3881246.4296132773	30
507595.35840223107	3881246.3518630792	30
507595.5042086028	3881246.4296132773	30
507595.35840223107	3881246.3518630792	30
507595.2125958568	3881246.274112885	30
507595.2125958568	3881246.274112885	30
507595.0576725256	3881246.1963550746	30
507595.0576725256	3881246.1963550746	30
507594.75694280985	3881246.0408470803	30
507594.75694280985	3881246.0408470803	30
507594.61113642546	3881245.9630968967	30
507594.61113642546	3881245.9630968967	30
507594.46533004096	3881245.885346712	30
507594.46533004096	3881245.885346712	30
507594.31952364696	3881245.807596531	30
507594.31952364696	3881245.807596531	30
507594.1646003048	3881245.7298387378	30
507594.1646003048	3881245.7298387378	30
507594.0188031724	3881245.640998802	30
507594.0188031724	3881245.640998802	30
507593.86388908664	3881245.552151255	30
507593.86388908664	3881245.552151255	30
507593.7180826845	3881245.474401083	30
507593.7180826845	3881245.474401083	30
507593.5722762822	3881245.3966509164	30
507593.5722762822	3881245.3966509164	30
507593.426479141	3881245.307810989	30
507593.426479141	3881245.307810989	30
507593.28066346777	3881245.241150585	30
507593.28066346777	3881245.241150585	30
507592.98905064573	3881245.0856502657	30
507592.98905064573	3881245.0856502657	30
507592.8523704472	3881244.9968179655	30
507592.8523704472	3881244.9968179655	30
507592.6974470741	3881244.919060195	30
507592.6974470741	3881244.919060195	30
507592.40583422943	3881244.7635598937	30
507592.40583422943	3881244.7635598937	30
507592.2600370667	3881244.674719988	30
507592.2600370667	3881244.674719988	30
507592.1142306391	3881244.596969843	30
507592.1142306391	3881244.596969843	30
507591.96843346854	3881244.508129941	30
507591.8226270358	3881244.430379801	30
507591.8226270358	3881244.430379801	30
507591.67682986206	3881244.341539904	30
507591.8226270358	3881244.430379801	30
507591.67682986206	3881244.341539904	30
507591.52192499023	3881244.241602637	30
507591.3670108563	3881244.152755131	30
507591.52192499023	3881244.241602637	30
507591.3670108563	3881244.152755131	30
507591.23033062555	3881244.0639228546	30
507591.23033062555	3881244.0639228546	30
507591.0845241794	3881243.986172727	30
507591.0845241794	3881243.986172727	30
507590.9387269913	3881243.897332841	30
507590.9387269913	3881243.897332841	30
507590.8020282342	3881243.83068009	30
507590.8020282342	3881243.83068009	30
507590.6562310362	3881243.741840209	30
507590.6562310362	3881243.741840209	30
507590.5377754464	3881243.6641129293	30
507590.5377754464	3881243.6641129293	30
507590.41932911216	3881243.5752958907	30
507590.41932911216	3881243.5752958907	30
507590.2735319087	3881243.4864560156	30
507590.2735319087	3881243.4864560156	30
507590.09127614193	3881243.3864959357	30
507590.09127614193	3881243.3864959357	30
507589.9637035853	3881243.3087610495	30
507589.81789711624	3881243.2310109423	30
507589.9637035853	3881243.3087610495	30
507589.81789711624	3881243.2310109423	30
507589.66297368717	3881243.153253225	30
507589.66297368717	3881243.153253225	30
507589.508040999	3881243.08658527	30
507589.508040999	3881243.08658527	30
507589.3531545992	3881242.964468521	30
507589.3531545992	3881242.964468521	30
507589.21646507486	3881242.886726034	30
507589.21646507486	3881242.886726034	30
507589.0797755482	3881242.8089835504	30
507589.0797755482	3881242.8089835504	30
507588.94308601925	3881242.731241068	30
507588.94308601925	3881242.731241068	30
507588.7972795322	3881242.653490977	30
507588.64235608454	3881242.575733277	30
507588.64235608454	3881242.575733277	30
507588.64235608454	3881242.575733277	30
507588.5056665483	3881242.4979908015	30
507588.5056665483	3881242.4979908015	30
507588.35985079646	3881242.431330477	30
507588.2140257829	3881242.3757599127	30
507588.35985079646	3881242.431330477	30
507588.2140257829	3881242.3757599127	30
507588.06821002695	3881242.3090995923	30
507588.06821002695	3881242.3090995923	30
507587.8768094859	3881242.242401224	30
507587.8768094859	3881242.242401224	30
507587.7401106792	3881242.1757485187	30
507587.7401106792	3881242.1757485187	30
507587.59430417296	3881242.097998447	30
507587.59430417296	3881242.097998447	30
507587.4393899619	3881242.009151008	30
507587.4393899619	3881242.009151008	30
507587.2935834505	3881241.9314009417	30
507587.2935834505	3881241.9314009417	30
507587.13865998236	3881241.8536432674	30
507587.13865998236	3881241.8536432674	30
507586.99285346124	3881241.775893205	30
507586.99285346124	3881241.775893205	30
507586.84704694455	3881241.698143146	30
507586.84704694455	3881241.698143146	30
507586.692123464	3881241.620385479	30
507586.692123464	3881241.620385479	30
507586.54631694	3881241.542635425	30
507586.54631694	3881241.542635425	30
507586.40051041346	3881241.464885371	30
507586.2455961799	3881241.376037953	30
507586.40051041346	3881241.464885371	30
507586.2455961799	3881241.376037953	30
507586.09978964814	3881241.2982879058	30
507586.09978964814	3881241.2982879058	30
507585.9448661544	3881241.220530252	30
507585.9448661544	3881241.220530252	30
507585.79905961757	3881241.142780209	30
507585.79905961757	3881241.142780209	30
507585.6532623324	3881241.0539404084	30
507585.6532623324	3881241.0539404084	30
507585.49833883066	3881240.9761827625	30
507585.49833883066	3881240.9761827625	30
507585.3525322861	3881240.8984327284	30
507585.1976087792	3881240.820675087	30
507585.3525322861	3881240.8984327284	30
507585.1976087792	3881240.820675087	30
507585.0518022296	3881240.742925056	30
507585.0518022296	3881240.742925056	30
507584.90600492834	3881240.6540852687	30
507584.90600492834	3881240.6540852687	30
507584.7602076265	3881240.5652454826	30
507584.7602076265	3881240.5652454826	30
507584.61441032187	3881240.4764056997	30
507584.61441032187	3881240.4764056997	30
507584.4686037595	3881240.3986556795	30
507584.4686037595	3881240.3986556795	30
507584.3228064493	3881240.3098158995	30
507584.3228064493	3881240.3098158995	30
507584.1678829259	3881240.2320582774	30
507584.1678829259	3881240.2320582774	30
507584.02207635576	3881240.1543082646	30
507583.87627903733	3881240.0654684915	30
507584.02207635576	3881240.1543082646	30
507583.87627903733	3881240.0654684915	30
507583.730472462	3881239.9877184825	30
507583.730472462	3881239.9877184825	30
507583.58467513806	3881239.8988787155	30
507583.58467513806	3881239.8988787155	30
507583.42975160136	3881239.8211211064	30
507583.42975160136	3881239.8211211064	30
507583.2748373109	3881239.7322737393	30
507583.2748373109	3881239.7322737393	30
507583.15638160356	3881239.6545465547	30
507583.15638160356	3881239.6545465547	30
507583.00143955735	3881239.598968471	30
507583.00143955735	3881239.598968471	30
507582.85564221774	3881239.5101287155	30
507582.70071866823	3881239.432371116	30
507582.70071866823	3881239.432371116	30
507582.70071866823	3881239.432371116	30
507582.56402903405	3881239.3546287315	30
507582.56402903405	3881239.3546287315	30
507582.4182316863	3881239.2657889836	30
507582.4182316863	3881239.2657889836	30
507582.272425088	3881239.1880389974	30
507582.272425088	3881239.1880389974	30
507582.1174922782	3881239.121371169	30
507582.1174922782	3881239.121371169	30
507581.962577963	3881239.0325238244	30
507581.962577963	3881239.0325238244	30
507581.83502377477	3881238.9326095367	30
507581.83502377477	3881238.9326095367	30
507581.68919866777	3881238.8770390777	30
507581.68919866777	3881238.8770390777	30
507581.53426584613	3881238.810371258	30
507581.53426584613	3881238.810371258	30
507581.37022531143	3881238.7326060804	30
507581.37022531143	3881238.7326060804	30
507581.224437193	3881238.6326765916	30
507581.224437193	3881238.6326765916	30
507581.09686449403	3881238.5549418316	30
507580.9693380346	3881238.421758277	30
507580.9693380346	3881238.421758277	30
507580.9693380346	3881238.421758277	30
507580.82354990684	3881238.321828798	30
507580.82354990684	3881238.321828798	30
507580.65952785325	3881238.2218841133	30
507580.65952785325	3881238.2218841133	30
507580.54108135175	3881238.1330672046	30
507580.54108135175	3881238.1330672046	30
507580.24035112164	3881237.977559692	30
507580.24035112164	3881237.977559692	30
507580.07631056325	3881237.899794537	30
507580.07631056325	3881237.899794537	30
507579.9669625158	3881237.8331647567	30
507579.9669625158	3881237.8331647567	30
507579.8302728343	3881237.7554224115	30
507579.8302728343	3881237.7554224115	30
507579.7210357499	3881237.5557155246	30
507579.7210357499	3881237.5557155246	30
507579.57523834554	3881237.4668758223	30
507579.57523834554	3881237.4668758223	30
507579.4294409406	3881237.378036124	30
507579.4294409406	3881237.378036124	30
507579.2745265695	3881237.289188826	30
507579.2745265695	3881237.289188826	30
507579.12872915884	3881237.200349132	30
507579.12872915884	3881237.200349132	30
507578.9738055358	3881237.1225915975	30
507578.9738055358	3881237.1225915975	30
507578.8188819125	3881237.0448340666	30
507578.8188819125	3881237.0448340666	30
507578.67308449344	3881236.9559943783	30
507578.67308449344	3881236.9559943783	30
507578.51817010774	3881236.867147093	30
507578.3723634377	3881236.7893971703	30
507578.3723634377	3881236.7893971703	30
507578.3723634377	3881236.7893971703	30
507578.22656600794	3881236.7005574913	30
507578.22656600794	3881236.7005574913	30
507578.07165161584	3881236.611710213	30
507578.07165161584	3881236.611710213	30
507577.9167279738	3881236.533952697	30
507577.9167279738	3881236.533952697	30
507577.7709305378	3881236.4451130256	30
507577.7709305378	3881236.4451130256	30
507577.6160068903	3881236.3673555157	30
507577.6160068903	3881236.3673555157	30
507577.4610832449	3881236.2895980068	30
507577.31528579816	3881236.2007583412	30
507577.4610832449	3881236.2895980068	30
507577.1694883509	3881236.1119186776	30
507577.1694883509	3881236.1119186776	30
507577.1694883509	3881236.1119186776	30
507577.0145739385	3881236.023071419	30
507577.0145739385	3881236.023071419	30
507576.8687857265	3881235.923142002	30
507576.8687857265	3881235.923142002	30
507576.7138713079	3881235.8342947466	30
507576.7138713079	3881235.8342947466	30
507576.56807384663	3881235.745455094	30
507576.56807384663	3881235.745455094	30
507576.4222578992	3881235.6787949614	30
507576.4222578992	3881235.6787949614	30
507576.27644194965	3881235.6121348315	30
507576.27644194965	3881235.6121348315	30
507576.12151827523	3881235.5343773463	30
507576.12151827523	3881235.5343773463	30
507575.9666038428	3881235.4455301045	30
507575.9666038428	3881235.4455301045	30
507575.8390310542	3881235.367795419	30
507575.8390310542	3881235.367795419	30
507575.54743609903	3881235.1901161424	30
507575.54743609903	3881235.1901161424	30
507575.3925216528	3881235.1012689117	30
507575.3925216528	3881235.1012689117	30
507575.2467334105	3881235.001339521	30
507575.2467334105	3881235.001339521	30
507575.0918004758	3881234.9346718118	30
507575.0918004758	3881234.9346718118	30
507574.9460029866	3881234.8458321863	30
507574.7910792901	3881234.7680747225	30
507574.7910792901	3881234.7680747225	30
507574.6361555886	3881234.6903172624	30
507574.6361555886	3881234.6903172624	30
507574.6361555886	3881234.6903172624	30
507574.4903488506	3881234.6125674034	30
507574.4903488506	3881234.6125674034	30
507574.35365907394	3881234.5348251415	30
507574.35365907394	3881234.5348251415	30
507574.2078615688	3881234.4459855272	30
507574.2078615688	3881234.4459855272	30
507574.0620640631	3881234.3571459134	30
507574.0620640631	3881234.3571459134	30
507573.91625731485	3881234.2793960613	30
507573.7704598013	3881234.1905564545	30
507573.91625731485	3881234.2793960613	30
507573.7704598013	3881234.1905564545	30
507573.615545323	3881234.101709253	30
507573.615545323	3881234.101709253	30
507573.46062160016	3881234.0239518126	30
507573.31482408044	3881233.935112214	30
507573.46062160016	3881234.0239518126	30
507573.31482408044	3881233.935112214	30
507573.1690173167	3881233.857362374	30
507573.1690173167	3881233.857362374	30
507573.0232197915	3881233.7685227785	30
507573.0232197915	3881233.7685227785	30
507572.7316154918	3881233.6019333526	30
507572.7316154918	3881233.6019333526	30
507572.5858087201	3881233.524183523	30
507572.5858087201	3881233.524183523	30
507572.4308849786	3881233.4464261015	30
507572.4308849786	3881233.4464261015	30
507572.28507820185	3881233.368676277	30
507572.28507820185	3881233.368676277	30
507572.1392714226	3881233.2909264537	30
507572.1392714226	3881233.2909264537	30
507571.984338436	3881233.2242587977	30
507571.8385224146	3881233.157598739	30
507571.8385224146	3881233.157598739	30
507571.8385224146	3881233.157598739	30
507571.69267868006	3881233.124207961	30
507571.54686265264	3881233.057547907	30
507571.54686265264	3881233.057547907	30
507571.54686265264	3881233.057547907	30
507571.273483	3881232.902063475	30
507571.273483	3881232.902063475	30
507571.1367931701	3881232.8243212607	30
507570.99098637	3881232.746571457	30
507570.99098637	3881232.746571457	30
507570.99098637	3881232.746571457	30
507570.84517956973	3881232.6688216557	30
507570.84517956973	3881232.6688216557	30
507570.5626829276	3881232.5133296526	30
507570.5626829276	3881232.5133296526	30
507570.4259930858	3881232.4355874504	30
507570.4259930858	3881232.4355874504	30
507570.2893032394	3881232.357845249	30
507570.2893032394	3881232.357845249	30
507570.1526226258	3881232.2690132926	30
507570.1526226258	3881232.2690132926	30
507570.01593277685	3881232.1912710983	30
507570.01593277685	3881232.1912710983	30
507569.8974676233	3881232.124633847	30
507569.8974676233	3881232.124633847	30
507569.76077777	3881232.046891655	30
507569.76077777	3881232.046891655	30
507569.6240879144	3881231.9691494643	30
