166018.4431793313	-3.0	90
507610.611130934	3881253.547538513	90
507610.611130934	3881253.547538513	90
507610.5837893968	3881253.536425846	90
507610.5837893968	3881253.536425846	90
507610.5199800898	3881253.5252826354	90
507610.5199800898	3881253.5252826354	90
507610.46529701486	3881253.503057303	90
507610.46529701486	3881253.503057303	90
507610.4106139396	3881253.4808319695	90
507610.4106139396	3881253.4808319695	90
507610.337696978	3881253.458591365	90
507610.337696978	3881253.458591365	90
507610.2556816497	3881253.4141636062	90
507610.2556816497	3881253.4141636062	90
507610.1736756084	3881253.35864609	90
507610.1736756084	3881253.35864609	90
507610.0734356818	3881253.303113303	90
507609.9823126985	3881253.2475881535	90
507609.9823126985	3881253.2475881535	90
507609.9823126985	3881253.2475881535	90
507609.87295582506	3881253.192047734	90
507609.87295582506	3881253.192047734	90
507609.763598955	3881253.136507315	90
507609.763598955	3881253.136507315	90
507609.6542420789	3881253.080966898	90
507609.54488520615	3881253.025426483	90
507609.54488520615	3881253.025426483	90
507609.54488520615	3881253.025426483	90
507609.43552832736	3881252.9698860673	90
507609.216823857	3881252.847715484	90
507609.216823857	3881252.847715484	90
507609.216823857	3881252.847715484	90
507608.9890117245	3881252.7144475104	90
507608.9890117245	3881252.7144475104	90
507608.8796734155	3881252.636727584	90
507608.7612088712	3881252.570089784	90
507608.8796734155	3881252.636727584	90
507608.7612088712	3881252.570089784	90
507608.6336273846	3881252.503444352	90
507608.6336273846	3881252.503444352	90
507608.5060458962	3881252.436798922	90
507608.38758134656	3881252.370161126	90
507608.38758134656	3881252.370161126	90
507608.38758134656	3881252.370161126	90
507608.2782337429	3881252.3035309664	90
507608.1597784775	3881252.225803415	90
507608.2782337429	3881252.3035309664	90
507608.1597784775	3881252.225803415	90
507608.04132320994	3881252.1480758656	90
507608.04132320994	3881252.1480758656	90
507607.9228586555	3881252.081438078	90
507607.9228586555	3881252.081438078	90
507607.8044033818	3881252.00371053	90
507607.8044033818	3881252.00371053	90
507607.6859481084	3881251.925982985	90
507607.6859481084	3881251.925982985	90
507607.5583666049	3881251.859337568	90
507607.5583666049	3881251.859337568	90
507607.2940959306	3881251.714949347	90
507607.03892362857	3881251.592748285	90
507607.03892362857	3881251.592748285	90
507606.9204590572	3881251.5261105103	90
507606.9204590572	3881251.5261105103	90
507606.9204590572	3881251.5261105103	90
507606.79288682615	3881251.448375344	90
507606.79288682615	3881251.448375344	90
507606.6653145928	3881251.37064018	90
507606.6653145928	3881251.37064018	90
507606.53774235735	3881251.292905018	90
507606.53774235735	3881251.292905018	90
507606.4101701174	3881251.2151698577	90
507606.4101701174	3881251.2151698577	90
507606.28258859465	3881251.148524459	90
507606.1550070701	3881251.081879061	90
507606.1550070701	3881251.081879061	90
507606.1550070701	3881251.081879061	90
507606.0274348261	3881251.004143907	90
507605.9089702421	3881250.937506144	90
507605.9089702421	3881250.937506144	90
507605.7905149386	3881250.859778624	90
507605.7905149386	3881250.859778624	90
507605.7905149386	3881250.859778624	90
507605.6811672931	3881250.793148497	90
507605.5535950412	3881250.7154133487	90
507605.5535950412	3881250.7154133487	90
507605.3166844203	3881250.559958318	90
507605.3166844203	3881250.559958318	90
507605.3166844203	3881250.559958318	90
507605.1891121619	3881250.482223175	90
507605.0615399014	3881250.4044880345	90
507605.1891121619	3881250.482223175	90
507605.0615399014	3881250.4044880345	90
507604.9248506937	3881250.326745265	90
507604.9248506937	3881250.326745265	90
507604.66969687823	3881250.182364751	90
507604.66969687823	3881250.182364751	90
507604.5329983831	3881250.115711747	90
507604.5329983831	3881250.115711747	90
507604.40542611177	3881250.037976615	90
507604.40542611177	3881250.037976615	90
507604.2687276124	3881249.971323615	90
507604.2687276124	3881249.971323615	90
507604.1411460542	3881249.904678246	90
507604.0044475509	3881249.838025249	90
507604.0044475509	3881249.838025249	90
507604.0044475509	3881249.838025249	90
507603.86774904566	3881249.771372255	90
507603.86774904566	3881249.771372255	90
507603.7310505384	3881249.704719263	90
507603.5943520292	3881249.638066273	90
507603.7310505384	3881249.704719263	90
507603.5943520292	3881249.638066273	90
507603.4485180108	3881249.593585175	90
507603.4485180108	3881249.593585175	90
507603.3209457229	3881249.515850058	90
507603.3209457229	3881249.515850058	90
507603.1933734306	3881249.438114944	90
507602.9291211768	3881249.271547332	90
507603.1933734306	3881249.438114944	90
507602.9291211768	3881249.271547332	90
507602.80155815865	3881249.1827224633	90
507602.6648689133	3881249.104979728	90
507602.6648689133	3881249.104979728	90
507602.6648689133	3881249.104979728	90
507602.5281703848	3881249.038326754	90
507602.3914718568	3881248.971673782	90
507602.5281703848	3881249.038326754	90
507602.3914718568	3881248.971673782	90
507602.2547826047	3881248.893931053	90
507602.2547826047	3881248.893931053	90
507602.1363179655	3881248.8272933406	90
507602.1363179655	3881248.8272933406	90
507601.9996287091	3881248.749550616	90
507601.9996287091	3881248.749550616	90
507601.8720563947	3881248.671815519	90
507601.8720563947	3881248.671815519	90
507601.72625018697	3881248.59406517	90
507601.72625018697	3881248.59406517	90
507601.5895609235	3881248.51632245	90
507601.5895609235	3881248.51632245	90
507601.30706544034	3881248.360829392	90
507601.0154437239	3881248.216418476	90
507601.30706544034	3881248.360829392	90
507601.0154437239	3881248.216418476	90
507600.8787544487	3881248.138675768	90
507600.8787544487	3881248.138675768	90
507600.74205589504	3881248.072022821	90
507600.74205589504	3881248.072022821	90
507600.6053758914	3881247.983190358	90
507600.45956966176	3881247.905440028	90
507600.6053758914	3881247.983190358	90
507600.45956966176	3881247.905440028	90
507600.3228803772	3881247.82769733	90
507600.3228803772	3881247.82769733	90
507600.1770741404	3881247.749947007	90
507600.1770741404	3881247.749947007	90
507600.0403848487	3881247.67220431	90
507600.0403848487	3881247.67220431	90
507599.89457860927	3881247.594453992	90
507599.89457860927	3881247.594453992	90
507599.748772365	3881247.516703675	90
507599.748772365	3881247.516703675	90
507599.6029661206	3881247.438953361	90
507599.4662675471	3881247.372300433	90
507599.4662675471	3881247.372300433	90
507599.3204705724	3881247.2834603656	90
507599.3204705724	3881247.2834603656	90
507599.1837905407	3881247.194627923	90
507599.1837905407	3881247.194627923	90
507599.1837905407	3881247.194627923	90
507599.0379935604	3881247.105787859	90
507599.0379935604	3881247.105787859	90
507598.737264093	3881246.9502796326	90
507598.737264093	3881246.9502796326	90
507598.5914671045	3881246.861439575	90
507598.2907376214	3881246.705931363	90
507598.2907376214	3881246.705931363	90
507598.2907376214	3881246.705931363	90
507598.14493135153	3881246.628181073	90
507598.14493135153	3881246.628181073	90
507597.9991250769	3881246.550430785	90
507597.9991250769	3881246.550430785	90
507597.8533188021	3881246.4726804974	90
507597.8533188021	3881246.4726804974	90
507597.7075125248	3881246.394930216	90
507597.5617155149	3881246.306090175	90
507597.7075125248	3881246.394930216	90
507597.5617155149	3881246.306090175	90
507597.4159092324	3881246.228339896	90
507597.4159092324	3881246.228339896	90
507597.2701029474	3881246.150589619	90
507597.2701029474	3881246.150589619	90
507597.1242966577	3881246.072839345	90
507597.1242966577	3881246.072839345	90
507596.9784903677	3881245.9950890746	90
507596.83269334666	3881245.906249046	90
507596.9784903677	3881245.9950890746	90
507596.83269334666	3881245.906249046	90
507596.6960039988	3881245.8285064	90
507596.6960039988	3881245.8285064	90
507596.55019770126	3881245.750756135	90
507596.55019770126	3881245.750756135	90
507596.4043914012	3881245.673005872	90
507596.4043914012	3881245.673005872	90
507596.26770204847	3881245.595263235	90
507596.26770204847	3881245.595263235	90
507596.1310126911	3881245.517520598	90
507596.1310126911	3881245.517520598	90
507595.9760894338	3881245.439762721	90
507595.8211661716	3881245.362004847	90
507595.9760894338	3881245.439762721	90
507595.6753691291	3881245.273164837	90
507595.6753691291	3881245.273164837	90
507595.6753691291	3881245.273164837	90
507595.53867976414	3881245.195422209	90
507595.53867976414	3881245.195422209	90
507595.4019903968	3881245.117679584	90
507595.26531029673	3881245.0288472	90
507595.26531029673	3881245.0288472	90
507595.26531029673	3881245.0288472	90
507595.11950397183	3881244.951096959	90
507595.11950397183	3881244.951096959	90
507594.9828238641	3881244.86226458	90
507594.83701753645	3881244.784514344	90
507594.83701753645	3881244.784514344	90
507594.7095099893	3881244.629151034	90
507594.83701753645	3881244.784514344	90
507594.7095099893	3881244.629151034	90
507594.40878963465	3881244.462553192	90
507594.40878963465	3881244.462553192	90
507594.1262846372	3881244.318150117	90
507594.1262846372	3881244.318150117	90
507593.9804875592	3881244.2293101344	90
507593.9804875592	3881244.2293101344	90
507593.8255642616	3881244.151552294	90
507593.8255642616	3881244.151552294	90
507593.6888841316	3881244.062719935	90
507593.6888841316	3881244.062719935	90
507593.5430777777	3881243.984969719	90
507593.5430777777	3881243.984969719	90
507593.3972714237	3881243.907219505	90
507593.3972714237	3881243.907219505	90
507593.251474332	3881243.818379534	90
507593.251474332	3881243.818379534	90
507593.0965417544	3881243.7517114654	90
507592.9416184388	3881243.673953642	90
507593.0965417544	3881243.7517114654	90
507592.9416184388	3881243.673953642	90
507592.80492902646	3881243.5962110544	90
507592.80492902646	3881243.5962110544	90
507592.65912266	3881243.518460853	90
507592.65912266	3881243.518460853	90
507592.5042086028	3881243.429613277	90
507592.3584022311	3881243.3518630792	90
507592.5042086028	3881243.429613277	90
507592.3584022311	3881243.3518630792	90
507592.2125958568	3881243.274112885	90
507592.2125958568	3881243.274112885	90
507592.0576725256	3881243.196355074	90
507592.0576725256	3881243.196355074	90
507591.75694280985	3881243.04084708	90
507591.75694280985	3881243.04084708	90
507591.6111364255	3881242.9630968967	90
507591.6111364255	3881242.9630968967	90
507591.46533004096	3881242.885346712	90
507591.46533004096	3881242.885346712	90
507591.31952364696	3881242.807596531	90
507591.31952364696	3881242.807596531	90
507591.1646003048	3881242.7298387378	90
507591.1646003048	3881242.7298387378	90
507591.0188031724	3881242.640998802	90
507591.0188031724	3881242.640998802	90
507590.8638890866	3881242.552151255	90
507590.8638890866	3881242.552151255	90
507590.7180826845	3881242.474401083	90
507590.7180826845	3881242.474401083	90
507590.5722762822	3881242.396650917	90
507590.5722762822	3881242.396650917	90
507590.426479141	3881242.307810989	90
507590.426479141	3881242.307810989	90
507590.28066346777	3881242.241150585	90
507590.28066346777	3881242.241150585	90
507589.9890506457	3881242.0856502657	90
507589.9890506457	3881242.0856502657	90
507589.8523704472	3881241.9968179655	90
507589.8523704472	3881241.9968179655	90
507589.6974470741	3881241.919060195	90
507589.6974470741	3881241.919060195	90
507589.40583422943	3881241.7635598937	90
507589.40583422943	3881241.7635598937	90
507589.2600370667	3881241.674719988	90
507589.2600370667	3881241.674719988	90
507589.1142306391	3881241.596969843	90
507589.1142306391	3881241.596969843	90
507588.9684334685	3881241.508129941	90
507588.8226270358	3881241.430379801	90
507588.8226270358	3881241.430379801	90
507588.67682986206	3881241.341539904	90
507588.8226270358	3881241.430379801	90
507588.67682986206	3881241.341539904	90
507588.52192499023	3881241.241602637	90
507588.3670108563	3881241.152755131	90
507588.52192499023	3881241.241602637	90
507588.3670108563	3881241.152755131	90
507588.2303306256	3881241.063922855	90
507588.2303306256	3881241.063922855	90
507588.0845241794	3881240.986172727	90
507588.0845241794	3881240.986172727	90
507587.9387269913	3881240.897332841	90
507587.9387269913	3881240.897332841	90
507587.8020282342	3881240.83068009	90
507587.8020282342	3881240.83068009	90
507587.6562310362	3881240.741840209	90
507587.6562310362	3881240.741840209	90
507587.5377754464	3881240.664112929	90
507587.5377754464	3881240.664112929	90
507587.41932911216	3881240.57529589	90
507587.41932911216	3881240.57529589	90
507587.2735319087	3881240.486456016	90
507587.2735319087	3881240.486456016	90
507587.09127614193	3881240.386495936	90
507587.09127614193	3881240.386495936	90
507586.9637035853	3881240.3087610495	90
507586.8178971162	3881240.2310109423	90
507586.9637035853	3881240.3087610495	90
507586.8178971162	3881240.2310109423	90
507586.6629736872	3881240.153253225	90
507586.6629736872	3881240.153253225	90
507586.508040999	3881240.08658527	90
507586.508040999	3881240.08658527	90
507586.3531545992	3881239.964468521	90
507586.3531545992	3881239.964468521	90
507586.21646507486	3881239.886726034	90
507586.21646507486	3881239.886726034	90
507586.0797755482	3881239.8089835504	90
507586.0797755482	3881239.8089835504	90
507585.94308601925	3881239.731241068	90
507585.94308601925	3881239.731241068	90
507585.7972795322	3881239.653490977	90
507585.6423560845	3881239.575733277	90
507585.6423560845	3881239.575733277	90
507585.6423560845	3881239.575733277	90
507585.5056665483	3881239.4979908015	90
507585.5056665483	3881239.4979908015	90
507585.35985079646	3881239.431330477	90
507585.2140257829	3881239.3757599127	90
507585.35985079646	3881239.431330477	90
507585.2140257829	3881239.3757599127	90
507585.06821002695	3881239.309099592	90
507585.06821002695	3881239.309099592	90
507584.8768094859	3881239.242401224	90
507584.8768094859	3881239.242401224	90
507584.7401106792	3881239.175748519	90
507584.7401106792	3881239.175748519	90
507584.59430417296	3881239.097998447	90
507584.59430417296	3881239.097998447	90
507584.4393899619	3881239.009151008	90
507584.4393899619	3881239.009151008	90
507584.2935834505	3881238.9314009417	90
507584.2935834505	3881238.9314009417	90
507584.1386599824	3881238.8536432674	90
507584.1386599824	3881238.8536432674	90
507583.9928534613	3881238.775893205	90
507583.9928534613	3881238.775893205	90
507583.84704694455	3881238.698143146	90
507583.84704694455	3881238.698143146	90
507583.692123464	3881238.620385479	90
507583.692123464	3881238.620385479	90
507583.54631694	3881238.542635425	90
507583.54631694	3881238.542635425	90
507583.4005104135	3881238.464885371	90
507583.2455961799	3881238.376037953	90
507583.4005104135	3881238.464885371	90
507583.2455961799	3881238.376037953	90
507583.09978964814	3881238.2982879058	90
507583.09978964814	3881238.2982879058	90
507582.9448661544	3881238.220530252	90
507582.9448661544	3881238.220530252	90
507582.7990596176	3881238.142780209	90
507582.7990596176	3881238.142780209	90
507582.6532623324	3881238.053940408	90
507582.6532623324	3881238.053940408	90
507582.49833883066	3881237.9761827625	90
507582.49833883066	3881237.9761827625	90
507582.3525322861	3881237.898432728	90
507582.1976087792	3881237.820675087	90
507582.3525322861	3881237.898432728	90
507582.1976087792	3881237.820675087	90
507582.0518022296	3881237.742925056	90
507582.0518022296	3881237.742925056	90
507581.90600492834	3881237.6540852687	90
507581.90600492834	3881237.6540852687	90
507581.7602076265	3881237.5652454826	90
507581.7602076265	3881237.5652454826	90
507581.61441032187	3881237.4764057	90
507581.61441032187	3881237.4764057	90
507581.4686037595	3881237.39865568	90
507581.4686037595	3881237.39865568	90
507581.3228064493	3881237.3098159	90
507581.3228064493	3881237.3098159	90
507581.1678829259	3881237.232058277	90
507581.1678829259	3881237.232058277	90
507581.02207635576	3881237.1543082646	90
507580.8762790373	3881237.065468492	90
507581.02207635576	3881237.1543082646	90
507580.8762790373	3881237.065468492	90
507580.730472462	3881236.9877184825	90
507580.730472462	3881236.9877184825	90
507580.58467513806	3881236.898878716	90
507580.58467513806	3881236.898878716	90
507580.42975160136	3881236.8211211055	90
507580.42975160136	3881236.8211211055	90
507580.2748373109	3881236.7322737393	90
507580.2748373109	3881236.7322737393	90
507580.1563816036	3881236.654546554	90
507580.1563816036	3881236.654546554	90
507580.00143955735	3881236.598968471	90
507580.00143955735	3881236.598968471	90
507579.85564221774	3881236.510128716	90
507579.7007186682	3881236.432371116	90
507579.7007186682	3881236.432371116	90
507579.7007186682	3881236.432371116	90
507579.56402903405	3881236.354628732	90
507579.56402903405	3881236.354628732	90
507579.4182316863	3881236.265788984	90
507579.4182316863	3881236.265788984	90
507579.272425088	3881236.188038997	90
507579.272425088	3881236.188038997	90
507579.1174922782	3881236.121371169	90
507579.1174922782	3881236.121371169	90
507578.962577963	3881236.032523824	90
507578.962577963	3881236.032523824	90
507578.8350237748	3881235.9326095367	90
507578.8350237748	3881235.9326095367	90
507578.68919866777	3881235.8770390777	90
507578.68919866777	3881235.8770390777	90
507578.5342658461	3881235.810371258	90
507578.5342658461	3881235.810371258	90
507578.3702253114	3881235.73260608	90
507578.3702253114	3881235.73260608	90
507578.224437193	3881235.632676592	90
507578.224437193	3881235.632676592	90
507578.096864494	3881235.554941832	90
507577.9693380346	3881235.421758277	90
507577.9693380346	3881235.421758277	90
507577.9693380346	3881235.421758277	90
507577.8235499069	3881235.321828798	90
507577.8235499069	3881235.321828798	90
507577.6595278533	3881235.221884113	90
507577.6595278533	3881235.221884113	90
507577.54108135175	3881235.1330672046	90
507577.54108135175	3881235.1330672046	90
507577.2403511216	3881234.977559692	90
507577.2403511216	3881234.977559692	90
507577.0763105633	3881234.899794537	90
507577.0763105633	3881234.899794537	90
507576.9669625158	3881234.8331647567	90
507576.9669625158	3881234.8331647567	90
507576.8302728343	3881234.755422412	90
507576.8302728343	3881234.755422412	90
507576.7210357499	3881234.5557155246	90
507576.7210357499	3881234.5557155246	90
507576.5752383456	3881234.4668758223	90
507576.5752383456	3881234.4668758223	90
507576.4294409406	3881234.378036124	90
507576.4294409406	3881234.378036124	90
507576.2745265695	3881234.289188826	90
507576.2745265695	3881234.289188826	90
507576.1287291589	3881234.200349132	90
507576.1287291589	3881234.200349132	90
507575.9738055358	3881234.1225915975	90
507575.9738055358	3881234.1225915975	90
507575.8188819125	3881234.044834066	90
507575.8188819125	3881234.044834066	90
507575.67308449344	3881233.9559943774	90
507575.67308449344	3881233.9559943774	90
507575.5181701077	3881233.867147093	90
507575.3723634377	3881233.7893971694	90
507575.3723634377	3881233.7893971694	90
507575.3723634377	3881233.7893971694	90
507575.226566008	3881233.7005574913	90
507575.226566008	3881233.7005574913	90
507575.07165161584	3881233.611710213	90
507575.07165161584	3881233.611710213	90
507574.9167279738	3881233.533952697	90
507574.9167279738	3881233.533952697	90
507574.7709305378	3881233.4451130256	90
507574.7709305378	3881233.4451130256	90
507574.6160068903	3881233.367355516	90
507574.6160068903	3881233.367355516	90
507574.4610832449	3881233.289598007	90
507574.31528579816	3881233.200758341	90
507574.4610832449	3881233.289598007	90
507574.1694883509	3881233.1119186776	90
507574.1694883509	3881233.1119186776	90
507574.1694883509	3881233.1119186776	90
507574.0145739385	3881233.023071419	90
507574.0145739385	3881233.023071419	90
507573.8687857265	3881232.923142002	90
507573.8687857265	3881232.923142002	90
507573.7138713079	3881232.8342947466	90
507573.7138713079	3881232.8342947466	90
507573.5680738466	3881232.745455094	90
507573.5680738466	3881232.745455094	90
507573.4222578992	3881232.6787949614	90
507573.4222578992	3881232.6787949614	90
507573.27644194965	3881232.612134832	90
507573.27644194965	3881232.612134832	90
507573.1215182752	3881232.534377346	90
507573.1215182752	3881232.534377346	90
507572.9666038428	3881232.445530105	90
507572.9666038428	3881232.445530105	90
507572.8390310542	3881232.367795419	90
507572.8390310542	3881232.367795419	90
507572.54743609903	3881232.1901161424	90
507572.54743609903	3881232.1901161424	90
507572.3925216528	3881232.101268912	90
507572.3925216528	3881232.101268912	90
507572.2467334105	3881232.001339521	90
507572.2467334105	3881232.001339521	90
507572.0918004758	3881231.934671812	90
507572.0918004758	3881231.934671812	90
507571.9460029866	3881231.845832186	90
507571.7910792901	3881231.7680747225	90
507571.7910792901	3881231.7680747225	90
507571.6361555886	3881231.6903172624	90
507571.6361555886	3881231.6903172624	90
507571.6361555886	3881231.6903172624	90
507571.4903488506	3881231.6125674034	90
507571.4903488506	3881231.6125674034	90
507571.35365907394	3881231.5348251415	90
507571.35365907394	3881231.5348251415	90
507571.2078615688	3881231.4459855272	90
507571.2078615688	3881231.4459855272	90
507571.0620640631	3881231.3571459134	90
507571.0620640631	3881231.3571459134	90
507570.9162573149	3881231.279396061	90
507570.7704598013	3881231.190556456	90
507570.9162573149	3881231.279396061	90
507570.7704598013	3881231.190556456	90
507570.615545323	3881231.101709253	90
507570.615545323	3881231.101709253	90
507570.46062160016	3881231.0239518126	90
507570.3148240805	3881230.935112214	90
507570.46062160016	3881231.0239518126	90
507570.3148240805	3881230.935112214	90
507570.1690173167	3881230.857362374	90
507570.1690173167	3881230.857362374	90
507570.0232197915	3881230.7685227785	90
507570.0232197915	3881230.7685227785	90
507569.7316154918	3881230.6019333526	90
507569.7316154918	3881230.6019333526	90
507569.5858087201	3881230.524183523	90
507569.5858087201	3881230.524183523	90
507569.4308849786	3881230.4464261015	90
507569.4308849786	3881230.4464261015	90
507569.28507820185	3881230.368676277	90
507569.28507820185	3881230.368676277	90
507569.1392714226	3881230.2909264537	90
507569.1392714226	3881230.2909264537	90
507568.984338436	3881230.2242587977	90
507568.8385224146	3881230.157598739	90
507568.8385224146	3881230.157598739	90
507568.8385224146	3881230.157598739	90
507568.69267868006	3881230.124207961	90
507568.54686265264	3881230.057547907	90
507568.54686265264	3881230.057547907	90
507568.54686265264	3881230.057547907	90
507568.273483	3881229.902063475	90
507568.273483	3881229.902063475	90
507568.1367931701	3881229.8243212607	90
507567.99098637	3881229.746571457	90
507567.99098637	3881229.746571457	90
507567.99098637	3881229.746571457	90
507567.8451795697	3881229.668821656	90
507567.8451795697	3881229.668821656	90
507567.5626829276	3881229.5133296526	90
507567.5626829276	3881229.5133296526	90
507567.4259930858	3881229.4355874495	90
507567.4259930858	3881229.4355874495	90
507567.2893032394	3881229.357845249	90
507567.2893032394	3881229.357845249	90
507567.1526226258	3881229.2690132926	90
507567.1526226258	3881229.2690132926	90
507567.0159327769	3881229.1912710974	90
507567.0159327769	3881229.1912710974	90
507566.8974676233	3881229.124633847	90
507566.8974676233	3881229.124633847	90
507566.76077777	3881229.046891655	90
507566.76077777	3881229.046891655	90
507566.6240879144	3881228.969149464	90
