166018.4431793313	-7.5	100
507610.611130934	3881249.047538513	100
507610.611130934	3881249.047538513	100
507610.5837893968	3881249.036425846	100
507610.5837893968	3881249.036425846	100
507610.5199800898	3881249.0252826354	100
507610.5199800898	3881249.0252826354	100
507610.46529701486	3881249.003057303	100
507610.46529701486	3881249.003057303	100
507610.4106139396	3881248.9808319695	100
507610.4106139396	3881248.9808319695	100
507610.337696978	3881248.958591365	100
507610.337696978	3881248.958591365	100
507610.2556816497	3881248.9141636062	100
507610.2556816497	3881248.9141636062	100
507610.1736756084	3881248.85864609	100
507610.1736756084	3881248.85864609	100
507610.0734356818	3881248.803113303	100
507609.9823126985	3881248.7475881535	100
507609.9823126985	3881248.7475881535	100
507609.9823126985	3881248.7475881535	100
507609.87295582506	3881248.692047734	100
507609.87295582506	3881248.692047734	100
507609.763598955	3881248.636507315	100
507609.763598955	3881248.636507315	100
507609.6542420789	3881248.580966898	100
507609.54488520615	3881248.525426483	100
507609.54488520615	3881248.525426483	100
507609.54488520615	3881248.525426483	100
507609.43552832736	3881248.4698860673	100
507609.216823857	3881248.347715484	100
507609.216823857	3881248.347715484	100
507609.216823857	3881248.347715484	100
507608.9890117245	3881248.2144475104	100
507608.9890117245	3881248.2144475104	100
507608.8796734155	3881248.136727584	100
507608.7612088712	3881248.070089784	100
507608.8796734155	3881248.136727584	100
507608.7612088712	3881248.070089784	100
507608.6336273846	3881248.003444352	100
507608.6336273846	3881248.003444352	100
507608.5060458962	3881247.936798922	100
507608.38758134656	3881247.870161126	100
507608.38758134656	3881247.870161126	100
507608.38758134656	3881247.870161126	100
507608.2782337429	3881247.8035309664	100
507608.1597784775	3881247.725803415	100
507608.2782337429	3881247.8035309664	100
507608.1597784775	3881247.725803415	100
507608.04132320994	3881247.6480758656	100
507608.04132320994	3881247.6480758656	100
507607.9228586555	3881247.581438078	100
507607.9228586555	3881247.581438078	100
507607.8044033818	3881247.50371053	100
507607.8044033818	3881247.50371053	100
507607.6859481084	3881247.425982985	100
507607.6859481084	3881247.425982985	100
507607.5583666049	3881247.359337568	100
507607.5583666049	3881247.359337568	100
507607.2940959306	3881247.214949347	100
507607.03892362857	3881247.092748285	100
507607.03892362857	3881247.092748285	100
507606.9204590572	3881247.0261105103	100
507606.9204590572	3881247.0261105103	100
507606.9204590572	3881247.0261105103	100
507606.79288682615	3881246.948375344	100
507606.79288682615	3881246.948375344	100
507606.6653145928	3881246.87064018	100
507606.6653145928	3881246.87064018	100
507606.53774235735	3881246.792905018	100
507606.53774235735	3881246.792905018	100
507606.4101701174	3881246.7151698577	100
507606.4101701174	3881246.7151698577	100
507606.28258859465	3881246.648524459	100
507606.1550070701	3881246.581879061	100
507606.1550070701	3881246.581879061	100
507606.1550070701	3881246.581879061	100
507606.0274348261	3881246.504143907	100
507605.9089702421	3881246.437506144	100
507605.9089702421	3881246.437506144	100
507605.7905149386	3881246.359778624	100
507605.7905149386	3881246.359778624	100
507605.7905149386	3881246.359778624	100
507605.6811672931	3881246.293148497	100
507605.5535950412	3881246.2154133487	100
507605.5535950412	3881246.2154133487	100
507605.3166844203	3881246.059958318	100
507605.3166844203	3881246.059958318	100
507605.3166844203	3881246.059958318	100
507605.1891121619	3881245.982223175	100
507605.0615399014	3881245.9044880345	100
507605.1891121619	3881245.982223175	100
507605.0615399014	3881245.9044880345	100
507604.9248506937	3881245.826745265	100
507604.9248506937	3881245.826745265	100
507604.66969687823	3881245.682364751	100
507604.66969687823	3881245.682364751	100
507604.5329983831	3881245.615711747	100
507604.5329983831	3881245.615711747	100
507604.40542611177	3881245.537976615	100
507604.40542611177	3881245.537976615	100
507604.2687276124	3881245.471323615	100
507604.2687276124	3881245.471323615	100
507604.1411460542	3881245.404678246	100
507604.0044475509	3881245.338025249	100
507604.0044475509	3881245.338025249	100
507604.0044475509	3881245.338025249	100
507603.86774904566	3881245.271372255	100
507603.86774904566	3881245.271372255	100
507603.7310505384	3881245.204719263	100
507603.5943520292	3881245.138066273	100
507603.7310505384	3881245.204719263	100
507603.5943520292	3881245.138066273	100
507603.4485180108	3881245.093585175	100
507603.4485180108	3881245.093585175	100
507603.3209457229	3881245.015850058	100
507603.3209457229	3881245.015850058	100
507603.1933734306	3881244.938114944	100
507602.9291211768	3881244.771547332	100
507603.1933734306	3881244.938114944	100
507602.9291211768	3881244.771547332	100
507602.80155815865	3881244.6827224633	100
507602.6648689133	3881244.604979728	100
507602.6648689133	3881244.604979728	100
507602.6648689133	3881244.604979728	100
507602.5281703848	3881244.538326754	100
507602.3914718568	3881244.471673782	100
507602.5281703848	3881244.538326754	100
507602.3914718568	3881244.471673782	100
507602.2547826047	3881244.393931053	100
507602.2547826047	3881244.393931053	100
507602.1363179655	3881244.3272933406	100
507602.1363179655	3881244.3272933406	100
507601.9996287091	3881244.249550616	100
507601.9996287091	3881244.249550616	100
507601.8720563947	3881244.171815519	100
507601.8720563947	3881244.171815519	100
507601.72625018697	3881244.09406517	100
507601.72625018697	3881244.09406517	100
507601.5895609235	3881244.01632245	100
507601.5895609235	3881244.01632245	100
507601.30706544034	3881243.860829392	100
507601.0154437239	3881243.716418476	100
507601.30706544034	3881243.860829392	100
507601.0154437239	3881243.716418476	100
507600.8787544487	3881243.638675768	100
507600.8787544487	3881243.638675768	100
507600.74205589504	3881243.572022821	100
507600.74205589504	3881243.572022821	100
507600.6053758914	3881243.483190358	100
507600.45956966176	3881243.405440028	100
507600.6053758914	3881243.483190358	100
507600.45956966176	3881243.405440028	100
507600.3228803772	3881243.32769733	100
507600.3228803772	3881243.32769733	100
507600.1770741404	3881243.249947007	100
507600.1770741404	3881243.249947007	100
507600.0403848487	3881243.17220431	100
507600.0403848487	3881243.17220431	100
507599.89457860927	3881243.094453992	100
507599.89457860927	3881243.094453992	100
507599.748772365	3881243.016703675	100
507599.748772365	3881243.016703675	100
507599.6029661206	3881242.938953361	100
507599.4662675471	3881242.872300433	100
507599.4662675471	3881242.872300433	100
507599.3204705724	3881242.7834603656	100
507599.3204705724	3881242.7834603656	100
507599.1837905407	3881242.694627923	100
507599.1837905407	3881242.694627923	100
507599.1837905407	3881242.694627923	100
507599.0379935604	3881242.605787859	100
507599.0379935604	3881242.605787859	100
507598.737264093	3881242.4502796326	100
507598.737264093	3881242.4502796326	100
507598.5914671045	3881242.361439575	100
507598.2907376214	3881242.205931363	100
507598.2907376214	3881242.205931363	100
507598.2907376214	3881242.205931363	100
507598.14493135153	3881242.128181073	100
507598.14493135153	3881242.128181073	100
507597.9991250769	3881242.050430785	100
507597.9991250769	3881242.050430785	100
507597.8533188021	3881241.9726804974	100
507597.8533188021	3881241.9726804974	100
507597.7075125248	3881241.894930216	100
507597.5617155149	3881241.806090175	100
507597.7075125248	3881241.894930216	100
507597.5617155149	3881241.806090175	100
507597.4159092324	3881241.728339896	100
507597.4159092324	3881241.728339896	100
507597.2701029474	3881241.650589619	100
507597.2701029474	3881241.650589619	100
507597.1242966577	3881241.572839345	100
507597.1242966577	3881241.572839345	100
507596.9784903677	3881241.4950890746	100
507596.83269334666	3881241.406249046	100
507596.9784903677	3881241.4950890746	100
507596.83269334666	3881241.406249046	100
507596.6960039988	3881241.3285064	100
507596.6960039988	3881241.3285064	100
507596.55019770126	3881241.250756135	100
507596.55019770126	3881241.250756135	100
507596.4043914012	3881241.173005872	100
507596.4043914012	3881241.173005872	100
507596.26770204847	3881241.095263235	100
507596.26770204847	3881241.095263235	100
507596.1310126911	3881241.017520598	100
507596.1310126911	3881241.017520598	100
507595.9760894338	3881240.939762721	100
507595.8211661716	3881240.862004847	100
507595.9760894338	3881240.939762721	100
507595.6753691291	3881240.773164837	100
507595.6753691291	3881240.773164837	100
507595.6753691291	3881240.773164837	100
507595.53867976414	3881240.695422209	100
507595.53867976414	3881240.695422209	100
507595.4019903968	3881240.617679584	100
507595.26531029673	3881240.5288472	100
507595.26531029673	3881240.5288472	100
507595.26531029673	3881240.5288472	100
507595.11950397183	3881240.451096959	100
507595.11950397183	3881240.451096959	100
507594.9828238641	3881240.36226458	100
507594.83701753645	3881240.284514344	100
507594.83701753645	3881240.284514344	100
507594.7095099893	3881240.129151034	100
507594.83701753645	3881240.284514344	100
507594.7095099893	3881240.129151034	100
507594.40878963465	3881239.962553192	100
507594.40878963465	3881239.962553192	100
507594.1262846372	3881239.818150117	100
507594.1262846372	3881239.818150117	100
507593.9804875592	3881239.7293101344	100
507593.9804875592	3881239.7293101344	100
507593.8255642616	3881239.651552294	100
507593.8255642616	3881239.651552294	100
507593.6888841316	3881239.562719935	100
507593.6888841316	3881239.562719935	100
507593.5430777777	3881239.484969719	100
507593.5430777777	3881239.484969719	100
507593.3972714237	3881239.407219505	100
507593.3972714237	3881239.407219505	100
507593.251474332	3881239.318379534	100
507593.251474332	3881239.318379534	100
507593.0965417544	3881239.2517114654	100
507592.9416184388	3881239.173953642	100
507593.0965417544	3881239.2517114654	100
507592.9416184388	3881239.173953642	100
507592.80492902646	3881239.0962110544	100
507592.80492902646	3881239.0962110544	100
507592.65912266	3881239.018460853	100
507592.65912266	3881239.018460853	100
507592.5042086028	3881238.929613277	100
507592.3584022311	3881238.8518630792	100
507592.5042086028	3881238.929613277	100
507592.3584022311	3881238.8518630792	100
507592.2125958568	3881238.774112885	100
507592.2125958568	3881238.774112885	100
507592.0576725256	3881238.696355074	100
507592.0576725256	3881238.696355074	100
507591.75694280985	3881238.54084708	100
507591.75694280985	3881238.54084708	100
507591.6111364255	3881238.4630968967	100
507591.6111364255	3881238.4630968967	100
507591.46533004096	3881238.385346712	100
507591.46533004096	3881238.385346712	100
507591.31952364696	3881238.307596531	100
507591.31952364696	3881238.307596531	100
507591.1646003048	3881238.2298387378	100
507591.1646003048	3881238.2298387378	100
507591.0188031724	3881238.140998802	100
507591.0188031724	3881238.140998802	100
507590.8638890866	3881238.052151255	100
507590.8638890866	3881238.052151255	100
507590.7180826845	3881237.974401083	100
507590.7180826845	3881237.974401083	100
507590.5722762822	3881237.896650917	100
507590.5722762822	3881237.896650917	100
507590.426479141	3881237.807810989	100
507590.426479141	3881237.807810989	100
507590.28066346777	3881237.741150585	100
507590.28066346777	3881237.741150585	100
507589.9890506457	3881237.5856502657	100
507589.9890506457	3881237.5856502657	100
507589.8523704472	3881237.4968179655	100
507589.8523704472	3881237.4968179655	100
507589.6974470741	3881237.419060195	100
507589.6974470741	3881237.419060195	100
507589.40583422943	3881237.2635598937	100
507589.40583422943	3881237.2635598937	100
507589.2600370667	3881237.174719988	100
507589.2600370667	3881237.174719988	100
507589.1142306391	3881237.096969843	100
507589.1142306391	3881237.096969843	100
507588.9684334685	3881237.008129941	100
507588.8226270358	3881236.930379801	100
507588.8226270358	3881236.930379801	100
507588.67682986206	3881236.841539904	100
507588.8226270358	3881236.930379801	100
507588.67682986206	3881236.841539904	100
507588.52192499023	3881236.741602637	100
507588.3670108563	3881236.652755131	100
507588.52192499023	3881236.741602637	100
507588.3670108563	3881236.652755131	100
507588.2303306256	3881236.563922855	100
507588.2303306256	3881236.563922855	100
507588.0845241794	3881236.486172727	100
507588.0845241794	3881236.486172727	100
507587.9387269913	3881236.397332841	100
507587.9387269913	3881236.397332841	100
507587.8020282342	3881236.33068009	100
507587.8020282342	3881236.33068009	100
507587.6562310362	3881236.241840209	100
507587.6562310362	3881236.241840209	100
507587.5377754464	3881236.164112929	100
507587.5377754464	3881236.164112929	100
507587.41932911216	3881236.07529589	100
507587.41932911216	3881236.07529589	100
507587.2735319087	3881235.986456016	100
507587.2735319087	3881235.986456016	100
507587.09127614193	3881235.886495936	100
507587.09127614193	3881235.886495936	100
507586.9637035853	3881235.8087610495	100
507586.8178971162	3881235.7310109423	100
507586.9637035853	3881235.8087610495	100
507586.8178971162	3881235.7310109423	100
507586.6629736872	3881235.653253225	100
507586.6629736872	3881235.653253225	100
507586.508040999	3881235.58658527	100
507586.508040999	3881235.58658527	100
507586.3531545992	3881235.464468521	100
507586.3531545992	3881235.464468521	100
507586.21646507486	3881235.386726034	100
507586.21646507486	3881235.386726034	100
507586.0797755482	3881235.3089835504	100
507586.0797755482	3881235.3089835504	100
507585.94308601925	3881235.231241068	100
507585.94308601925	3881235.231241068	100
507585.7972795322	3881235.153490977	100
507585.6423560845	3881235.075733277	100
507585.6423560845	3881235.075733277	100
507585.6423560845	3881235.075733277	100
507585.5056665483	3881234.9979908015	100
507585.5056665483	3881234.9979908015	100
507585.35985079646	3881234.931330477	100
507585.2140257829	3881234.8757599127	100
507585.35985079646	3881234.931330477	100
507585.2140257829	3881234.8757599127	100
507585.06821002695	3881234.809099592	100
507585.06821002695	3881234.809099592	100
507584.8768094859	3881234.742401224	100
507584.8768094859	3881234.742401224	100
507584.7401106792	3881234.675748519	100
507584.7401106792	3881234.675748519	100
507584.59430417296	3881234.597998447	100
507584.59430417296	3881234.597998447	100
507584.4393899619	3881234.509151008	100
507584.4393899619	3881234.509151008	100
507584.2935834505	3881234.4314009417	100
507584.2935834505	3881234.4314009417	100
507584.1386599824	3881234.3536432674	100
507584.1386599824	3881234.3536432674	100
507583.9928534613	3881234.275893205	100
507583.9928534613	3881234.275893205	100
507583.84704694455	3881234.198143146	100
507583.84704694455	3881234.198143146	100
507583.692123464	3881234.120385479	100
507583.692123464	3881234.120385479	100
507583.54631694	3881234.042635425	100
507583.54631694	3881234.042635425	100
507583.4005104135	3881233.964885371	100
507583.2455961799	3881233.876037953	100
507583.4005104135	3881233.964885371	100
507583.2455961799	3881233.876037953	100
507583.09978964814	3881233.7982879058	100
507583.09978964814	3881233.7982879058	100
507582.9448661544	3881233.720530252	100
507582.9448661544	3881233.720530252	100
507582.7990596176	3881233.642780209	100
507582.7990596176	3881233.642780209	100
507582.6532623324	3881233.553940408	100
507582.6532623324	3881233.553940408	100
507582.49833883066	3881233.4761827625	100
507582.49833883066	3881233.4761827625	100
507582.3525322861	3881233.398432728	100
507582.1976087792	3881233.320675087	100
507582.3525322861	3881233.398432728	100
507582.1976087792	3881233.320675087	100
507582.0518022296	3881233.242925056	100
507582.0518022296	3881233.242925056	100
507581.90600492834	3881233.1540852687	100
507581.90600492834	3881233.1540852687	100
507581.7602076265	3881233.0652454826	100
507581.7602076265	3881233.0652454826	100
507581.61441032187	3881232.9764057	100
507581.61441032187	3881232.9764057	100
507581.4686037595	3881232.89865568	100
507581.4686037595	3881232.89865568	100
507581.3228064493	3881232.8098159	100
507581.3228064493	3881232.8098159	100
507581.1678829259	3881232.732058277	100
507581.1678829259	3881232.732058277	100
507581.02207635576	3881232.6543082646	100
507580.8762790373	3881232.565468492	100
507581.02207635576	3881232.6543082646	100
507580.8762790373	3881232.565468492	100
507580.730472462	3881232.4877184825	100
507580.730472462	3881232.4877184825	100
507580.58467513806	3881232.398878716	100
507580.58467513806	3881232.398878716	100
507580.42975160136	3881232.3211211055	100
507580.42975160136	3881232.3211211055	100
507580.2748373109	3881232.2322737393	100
507580.2748373109	3881232.2322737393	100
507580.1563816036	3881232.154546554	100
507580.1563816036	3881232.154546554	100
507580.00143955735	3881232.098968471	100
507580.00143955735	3881232.098968471	100
507579.85564221774	3881232.010128716	100
507579.7007186682	3881231.932371116	100
507579.7007186682	3881231.932371116	100
507579.7007186682	3881231.932371116	100
507579.56402903405	3881231.854628732	100
507579.56402903405	3881231.854628732	100
507579.4182316863	3881231.765788984	100
507579.4182316863	3881231.765788984	100
507579.272425088	3881231.688038997	100
507579.272425088	3881231.688038997	100
507579.1174922782	3881231.621371169	100
507579.1174922782	3881231.621371169	100
507578.962577963	3881231.532523824	100
507578.962577963	3881231.532523824	100
507578.8350237748	3881231.4326095367	100
507578.8350237748	3881231.4326095367	100
507578.68919866777	3881231.3770390777	100
507578.68919866777	3881231.3770390777	100
507578.5342658461	3881231.310371258	100
507578.5342658461	3881231.310371258	100
507578.3702253114	3881231.23260608	100
507578.3702253114	3881231.23260608	100
507578.224437193	3881231.132676592	100
507578.224437193	3881231.132676592	100
507578.096864494	3881231.054941832	100
507577.9693380346	3881230.921758277	100
507577.9693380346	3881230.921758277	100
507577.9693380346	3881230.921758277	100
507577.8235499069	3881230.821828798	100
507577.8235499069	3881230.821828798	100
507577.6595278533	3881230.721884113	100
507577.6595278533	3881230.721884113	100
507577.54108135175	3881230.6330672046	100
507577.54108135175	3881230.6330672046	100
507577.2403511216	3881230.477559692	100
507577.2403511216	3881230.477559692	100
507577.0763105633	3881230.399794537	100
507577.0763105633	3881230.399794537	100
507576.9669625158	3881230.3331647567	100
507576.9669625158	3881230.3331647567	100
507576.8302728343	3881230.255422412	100
507576.8302728343	3881230.255422412	100
507576.7210357499	3881230.0557155246	100
507576.7210357499	3881230.0557155246	100
507576.5752383456	3881229.9668758223	100
507576.5752383456	3881229.9668758223	100
507576.4294409406	3881229.878036124	100
507576.4294409406	3881229.878036124	100
507576.2745265695	3881229.789188826	100
507576.2745265695	3881229.789188826	100
507576.1287291589	3881229.700349132	100
507576.1287291589	3881229.700349132	100
507575.9738055358	3881229.6225915975	100
507575.9738055358	3881229.6225915975	100
507575.8188819125	3881229.544834066	100
507575.8188819125	3881229.544834066	100
507575.67308449344	3881229.4559943774	100
507575.67308449344	3881229.4559943774	100
507575.5181701077	3881229.367147093	100
507575.3723634377	3881229.2893971694	100
507575.3723634377	3881229.2893971694	100
507575.3723634377	3881229.2893971694	100
507575.226566008	3881229.2005574913	100
507575.226566008	3881229.2005574913	100
507575.07165161584	3881229.111710213	100
507575.07165161584	3881229.111710213	100
507574.9167279738	3881229.033952697	100
507574.9167279738	3881229.033952697	100
507574.7709305378	3881228.9451130256	100
507574.7709305378	3881228.9451130256	100
507574.6160068903	3881228.867355516	100
507574.6160068903	3881228.867355516	100
507574.4610832449	3881228.789598007	100
507574.31528579816	3881228.700758341	100
507574.4610832449	3881228.789598007	100
507574.1694883509	3881228.6119186776	100
507574.1694883509	3881228.6119186776	100
507574.1694883509	3881228.6119186776	100
507574.0145739385	3881228.523071419	100
507574.0145739385	3881228.523071419	100
507573.8687857265	3881228.423142002	100
507573.8687857265	3881228.423142002	100
507573.7138713079	3881228.3342947466	100
507573.7138713079	3881228.3342947466	100
507573.5680738466	3881228.245455094	100
507573.5680738466	3881228.245455094	100
507573.4222578992	3881228.1787949614	100
507573.4222578992	3881228.1787949614	100
507573.27644194965	3881228.112134832	100
507573.27644194965	3881228.112134832	100
507573.1215182752	3881228.034377346	100
507573.1215182752	3881228.034377346	100
507572.9666038428	3881227.945530105	100
507572.9666038428	3881227.945530105	100
507572.8390310542	3881227.867795419	100
507572.8390310542	3881227.867795419	100
507572.54743609903	3881227.6901161424	100
507572.54743609903	3881227.6901161424	100
507572.3925216528	3881227.601268912	100
507572.3925216528	3881227.601268912	100
507572.2467334105	3881227.501339521	100
507572.2467334105	3881227.501339521	100
507572.0918004758	3881227.434671812	100
507572.0918004758	3881227.434671812	100
507571.9460029866	3881227.345832186	100
507571.7910792901	3881227.2680747225	100
507571.7910792901	3881227.2680747225	100
507571.6361555886	3881227.1903172624	100
507571.6361555886	3881227.1903172624	100
507571.6361555886	3881227.1903172624	100
507571.4903488506	3881227.1125674034	100
507571.4903488506	3881227.1125674034	100
507571.35365907394	3881227.0348251415	100
507571.35365907394	3881227.0348251415	100
507571.2078615688	3881226.9459855272	100
507571.2078615688	3881226.9459855272	100
507571.0620640631	3881226.8571459134	100
507571.0620640631	3881226.8571459134	100
507570.9162573149	3881226.779396061	100
507570.7704598013	3881226.690556456	100
507570.9162573149	3881226.779396061	100
507570.7704598013	3881226.690556456	100
507570.615545323	3881226.601709253	100
507570.615545323	3881226.601709253	100
507570.46062160016	3881226.5239518126	100
507570.3148240805	3881226.435112214	100
507570.46062160016	3881226.5239518126	100
507570.3148240805	3881226.435112214	100
507570.1690173167	3881226.357362374	100
507570.1690173167	3881226.357362374	100
507570.0232197915	3881226.2685227785	100
507570.0232197915	3881226.2685227785	100
507569.7316154918	3881226.1019333526	100
507569.7316154918	3881226.1019333526	100
507569.5858087201	3881226.024183523	100
507569.5858087201	3881226.024183523	100
507569.4308849786	3881225.9464261015	100
507569.4308849786	3881225.9464261015	100
507569.28507820185	3881225.868676277	100
507569.28507820185	3881225.868676277	100
507569.1392714226	3881225.7909264537	100
507569.1392714226	3881225.7909264537	100
507568.984338436	3881225.7242587977	100
507568.8385224146	3881225.657598739	100
507568.8385224146	3881225.657598739	100
507568.8385224146	3881225.657598739	100
507568.69267868006	3881225.624207961	100
507568.54686265264	3881225.557547907	100
507568.54686265264	3881225.557547907	100
507568.54686265264	3881225.557547907	100
507568.273483	3881225.402063475	100
507568.273483	3881225.402063475	100
507568.1367931701	3881225.3243212607	100
507567.99098637	3881225.246571457	100
507567.99098637	3881225.246571457	100
507567.99098637	3881225.246571457	100
507567.8451795697	3881225.168821656	100
507567.8451795697	3881225.168821656	100
507567.5626829276	3881225.0133296526	100
507567.5626829276	3881225.0133296526	100
507567.4259930858	3881224.9355874495	100
507567.4259930858	3881224.9355874495	100
507567.2893032394	3881224.857845249	100
507567.2893032394	3881224.857845249	100
507567.1526226258	3881224.7690132926	100
507567.1526226258	3881224.7690132926	100
507567.0159327769	3881224.6912710974	100
507567.0159327769	3881224.6912710974	100
507566.8974676233	3881224.624633847	100
507566.8974676233	3881224.624633847	100
507566.76077777	3881224.546891655	100
507566.76077777	3881224.546891655	100
507566.6240879144	3881224.469149464	100
