166018.4431793313	-6.6	100
507610.611130934	3881249.9475385128	100
507610.611130934	3881249.9475385128	100
507610.5837893968	3881249.936425846	100
507610.5837893968	3881249.936425846	100
507610.5199800898	3881249.9252826353	100
507610.5199800898	3881249.9252826353	100
507610.46529701486	3881249.903057303	100
507610.46529701486	3881249.903057303	100
507610.4106139396	3881249.8808319694	100
507610.4106139396	3881249.8808319694	100
507610.337696978	3881249.8585913647	100
507610.337696978	3881249.8585913647	100
507610.2556816497	3881249.814163606	100
507610.2556816497	3881249.814163606	100
507610.1736756084	3881249.75864609	100
507610.1736756084	3881249.75864609	100
507610.0734356818	3881249.703113303	100
507609.9823126985	3881249.6475881534	100
507609.9823126985	3881249.6475881534	100
507609.9823126985	3881249.6475881534	100
507609.87295582506	3881249.5920477337	100
507609.87295582506	3881249.5920477337	100
507609.763598955	3881249.536507315	100
507609.763598955	3881249.536507315	100
507609.6542420789	3881249.4809668977	100
507609.54488520615	3881249.425426482	100
507609.54488520615	3881249.425426482	100
507609.54488520615	3881249.425426482	100
507609.43552832736	3881249.369886067	100
507609.216823857	3881249.247715484	100
507609.216823857	3881249.247715484	100
507609.216823857	3881249.247715484	100
507608.9890117245	3881249.1144475103	100
507608.9890117245	3881249.1144475103	100
507608.8796734155	3881249.036727584	100
507608.7612088712	3881248.970089784	100
507608.8796734155	3881249.036727584	100
507608.7612088712	3881248.970089784	100
507608.6336273846	3881248.903444352	100
507608.6336273846	3881248.903444352	100
507608.5060458962	3881248.8367989217	100
507608.38758134656	3881248.770161126	100
507608.38758134656	3881248.770161126	100
507608.38758134656	3881248.770161126	100
507608.2782337429	3881248.7035309663	100
507608.1597784775	3881248.625803415	100
507608.2782337429	3881248.7035309663	100
507608.1597784775	3881248.625803415	100
507608.04132320994	3881248.5480758655	100
507608.04132320994	3881248.5480758655	100
507607.9228586555	3881248.481438078	100
507607.9228586555	3881248.481438078	100
507607.8044033818	3881248.40371053	100
507607.8044033818	3881248.40371053	100
507607.6859481084	3881248.325982985	100
507607.6859481084	3881248.325982985	100
507607.5583666049	3881248.259337568	100
507607.5583666049	3881248.259337568	100
507607.2940959306	3881248.114949347	100
507607.03892362857	3881247.9927482847	100
507607.03892362857	3881247.9927482847	100
507606.9204590572	3881247.9261105102	100
507606.9204590572	3881247.9261105102	100
507606.9204590572	3881247.9261105102	100
507606.79288682615	3881247.848375344	100
507606.79288682615	3881247.848375344	100
507606.6653145928	3881247.77064018	100
507606.6653145928	3881247.77064018	100
507606.53774235735	3881247.692905018	100
507606.53774235735	3881247.692905018	100
507606.4101701174	3881247.6151698576	100
507606.4101701174	3881247.6151698576	100
507606.28258859465	3881247.548524459	100
507606.1550070701	3881247.481879061	100
507606.1550070701	3881247.481879061	100
507606.1550070701	3881247.481879061	100
507606.0274348261	3881247.404143907	100
507605.9089702421	3881247.337506144	100
507605.9089702421	3881247.337506144	100
507605.7905149386	3881247.259778624	100
507605.7905149386	3881247.259778624	100
507605.7905149386	3881247.259778624	100
507605.6811672931	3881247.193148497	100
507605.5535950412	3881247.1154133487	100
507605.5535950412	3881247.1154133487	100
507605.3166844203	3881246.9599583177	100
507605.3166844203	3881246.9599583177	100
507605.3166844203	3881246.9599583177	100
507605.1891121619	3881246.882223175	100
507605.0615399014	3881246.8044880345	100
507605.1891121619	3881246.882223175	100
507605.0615399014	3881246.8044880345	100
507604.9248506937	3881246.726745265	100
507604.9248506937	3881246.726745265	100
507604.66969687823	3881246.582364751	100
507604.66969687823	3881246.582364751	100
507604.5329983831	3881246.515711747	100
507604.5329983831	3881246.515711747	100
507604.40542611177	3881246.437976615	100
507604.40542611177	3881246.437976615	100
507604.2687276124	3881246.371323615	100
507604.2687276124	3881246.371323615	100
507604.1411460542	3881246.304678246	100
507604.0044475509	3881246.238025249	100
507604.0044475509	3881246.238025249	100
507604.0044475509	3881246.238025249	100
507603.86774904566	3881246.171372255	100
507603.86774904566	3881246.171372255	100
507603.7310505384	3881246.104719263	100
507603.5943520292	3881246.038066273	100
507603.7310505384	3881246.104719263	100
507603.5943520292	3881246.038066273	100
507603.4485180108	3881245.993585175	100
507603.4485180108	3881245.993585175	100
507603.3209457229	3881245.9158500577	100
507603.3209457229	3881245.9158500577	100
507603.1933734306	3881245.838114944	100
507602.9291211768	3881245.671547332	100
507603.1933734306	3881245.838114944	100
507602.9291211768	3881245.671547332	100
507602.80155815865	3881245.582722463	100
507602.6648689133	3881245.504979728	100
507602.6648689133	3881245.504979728	100
507602.6648689133	3881245.504979728	100
507602.5281703848	3881245.4383267537	100
507602.3914718568	3881245.371673782	100
507602.5281703848	3881245.4383267537	100
507602.3914718568	3881245.371673782	100
507602.2547826047	3881245.293931053	100
507602.2547826047	3881245.293931053	100
507602.1363179655	3881245.227293341	100
507602.1363179655	3881245.227293341	100
507601.9996287091	3881245.149550616	100
507601.9996287091	3881245.149550616	100
507601.8720563947	3881245.071815519	100
507601.8720563947	3881245.071815519	100
507601.72625018697	3881244.9940651697	100
507601.72625018697	3881244.9940651697	100
507601.5895609235	3881244.9163224497	100
507601.5895609235	3881244.9163224497	100
507601.30706544034	3881244.760829392	100
507601.0154437239	3881244.616418476	100
507601.30706544034	3881244.760829392	100
507601.0154437239	3881244.616418476	100
507600.8787544487	3881244.538675768	100
507600.8787544487	3881244.538675768	100
507600.74205589504	3881244.4720228207	100
507600.74205589504	3881244.4720228207	100
507600.6053758914	3881244.383190358	100
507600.45956966176	3881244.305440028	100
507600.6053758914	3881244.383190358	100
507600.45956966176	3881244.305440028	100
507600.3228803772	3881244.22769733	100
507600.3228803772	3881244.22769733	100
507600.1770741404	3881244.149947007	100
507600.1770741404	3881244.149947007	100
507600.0403848487	3881244.07220431	100
507600.0403848487	3881244.07220431	100
507599.89457860927	3881243.994453992	100
507599.89457860927	3881243.994453992	100
507599.748772365	3881243.916703675	100
507599.748772365	3881243.916703675	100
507599.6029661206	3881243.838953361	100
507599.4662675471	3881243.772300433	100
507599.4662675471	3881243.772300433	100
507599.3204705724	3881243.6834603655	100
507599.3204705724	3881243.6834603655	100
507599.1837905407	3881243.594627923	100
507599.1837905407	3881243.594627923	100
507599.1837905407	3881243.594627923	100
507599.0379935604	3881243.5057878583	100
507599.0379935604	3881243.5057878583	100
507598.737264093	3881243.350279633	100
507598.737264093	3881243.350279633	100
507598.5914671045	3881243.261439575	100
507598.2907376214	3881243.105931363	100
507598.2907376214	3881243.105931363	100
507598.2907376214	3881243.105931363	100
507598.14493135153	3881243.028181073	100
507598.14493135153	3881243.028181073	100
507597.9991250769	3881242.950430785	100
507597.9991250769	3881242.950430785	100
507597.8533188021	3881242.872680498	100
507597.8533188021	3881242.872680498	100
507597.7075125248	3881242.794930216	100
507597.5617155149	3881242.706090175	100
507597.7075125248	3881242.794930216	100
507597.5617155149	3881242.706090175	100
507597.4159092324	3881242.628339896	100
507597.4159092324	3881242.628339896	100
507597.2701029474	3881242.5505896183	100
507597.2701029474	3881242.5505896183	100
507597.1242966577	3881242.4728393448	100
507597.1242966577	3881242.4728393448	100
507596.9784903677	3881242.3950890745	100
507596.83269334666	3881242.3062490458	100
507596.9784903677	3881242.3950890745	100
507596.83269334666	3881242.3062490458	100
507596.6960039988	3881242.2285064	100
507596.6960039988	3881242.2285064	100
507596.55019770126	3881242.150756135	100
507596.55019770126	3881242.150756135	100
507596.4043914012	3881242.073005872	100
507596.4043914012	3881242.073005872	100
507596.26770204847	3881241.9952632342	100
507596.26770204847	3881241.9952632342	100
507596.1310126911	3881241.917520598	100
507596.1310126911	3881241.917520598	100
507595.9760894338	3881241.8397627207	100
507595.8211661716	3881241.762004847	100
507595.9760894338	3881241.8397627207	100
507595.6753691291	3881241.673164837	100
507595.6753691291	3881241.673164837	100
507595.6753691291	3881241.673164837	100
507595.53867976414	3881241.595422209	100
507595.53867976414	3881241.595422209	100
507595.4019903968	3881241.517679584	100
507595.26531029673	3881241.4288472	100
507595.26531029673	3881241.4288472	100
507595.26531029673	3881241.4288472	100
507595.11950397183	3881241.351096959	100
507595.11950397183	3881241.351096959	100
507594.9828238641	3881241.26226458	100
507594.83701753645	3881241.184514344	100
507594.83701753645	3881241.184514344	100
507594.7095099893	3881241.029151034	100
507594.83701753645	3881241.184514344	100
507594.7095099893	3881241.029151034	100
507594.40878963465	3881240.862553192	100
507594.40878963465	3881240.862553192	100
507594.1262846372	3881240.718150117	100
507594.1262846372	3881240.718150117	100
507593.9804875592	3881240.6293101343	100
507593.9804875592	3881240.6293101343	100
507593.8255642616	3881240.551552294	100
507593.8255642616	3881240.551552294	100
507593.6888841316	3881240.462719935	100
507593.6888841316	3881240.462719935	100
507593.5430777777	3881240.384969719	100
507593.5430777777	3881240.384969719	100
507593.3972714237	3881240.307219505	100
507593.3972714237	3881240.307219505	100
507593.251474332	3881240.218379534	100
507593.251474332	3881240.218379534	100
507593.0965417544	3881240.151711465	100
507592.9416184388	3881240.073953642	100
507593.0965417544	3881240.151711465	100
507592.9416184388	3881240.073953642	100
507592.80492902646	3881239.9962110543	100
507592.80492902646	3881239.9962110543	100
507592.65912266	3881239.918460853	100
507592.65912266	3881239.918460853	100
507592.5042086028	3881239.8296132768	100
507592.3584022311	3881239.751863079	100
507592.5042086028	3881239.8296132768	100
507592.3584022311	3881239.751863079	100
507592.2125958568	3881239.674112885	100
507592.2125958568	3881239.674112885	100
507592.0576725256	3881239.596355074	100
507592.0576725256	3881239.596355074	100
507591.75694280985	3881239.44084708	100
507591.75694280985	3881239.44084708	100
507591.6111364255	3881239.363096897	100
507591.6111364255	3881239.363096897	100
507591.46533004096	3881239.285346712	100
507591.46533004096	3881239.285346712	100
507591.31952364696	3881239.207596531	100
507591.31952364696	3881239.207596531	100
507591.1646003048	3881239.1298387377	100
507591.1646003048	3881239.1298387377	100
507591.0188031724	3881239.040998802	100
507591.0188031724	3881239.040998802	100
507590.8638890866	3881238.952151255	100
507590.8638890866	3881238.952151255	100
507590.7180826845	3881238.8744010823	100
507590.7180826845	3881238.8744010823	100
507590.5722762822	3881238.796650917	100
507590.5722762822	3881238.796650917	100
507590.426479141	3881238.707810989	100
507590.426479141	3881238.707810989	100
507590.28066346777	3881238.641150585	100
507590.28066346777	3881238.641150585	100
507589.9890506457	3881238.4856502656	100
507589.9890506457	3881238.4856502656	100
507589.8523704472	3881238.396817965	100
507589.8523704472	3881238.396817965	100
507589.6974470741	3881238.319060195	100
507589.6974470741	3881238.319060195	100
507589.40583422943	3881238.1635598936	100
507589.40583422943	3881238.1635598936	100
507589.2600370667	3881238.074719988	100
507589.2600370667	3881238.074719988	100
507589.1142306391	3881237.996969843	100
507589.1142306391	3881237.996969843	100
507588.9684334685	3881237.9081299407	100
507588.8226270358	3881237.830379801	100
507588.8226270358	3881237.830379801	100
507588.67682986206	3881237.741539904	100
507588.8226270358	3881237.830379801	100
507588.67682986206	3881237.741539904	100
507588.52192499023	3881237.641602637	100
507588.3670108563	3881237.552755131	100
507588.52192499023	3881237.641602637	100
507588.3670108563	3881237.552755131	100
507588.2303306256	3881237.463922855	100
507588.2303306256	3881237.463922855	100
507588.0845241794	3881237.386172727	100
507588.0845241794	3881237.386172727	100
507587.9387269913	3881237.297332841	100
507587.9387269913	3881237.297332841	100
507587.8020282342	3881237.23068009	100
507587.8020282342	3881237.23068009	100
507587.6562310362	3881237.141840209	100
507587.6562310362	3881237.141840209	100
507587.5377754464	3881237.0641129287	100
507587.5377754464	3881237.0641129287	100
507587.41932911216	3881236.97529589	100
507587.41932911216	3881236.97529589	100
507587.2735319087	3881236.886456016	100
507587.2735319087	3881236.886456016	100
507587.09127614193	3881236.786495936	100
507587.09127614193	3881236.786495936	100
507586.9637035853	3881236.7087610494	100
507586.8178971162	3881236.631010942	100
507586.9637035853	3881236.7087610494	100
507586.8178971162	3881236.631010942	100
507586.6629736872	3881236.553253225	100
507586.6629736872	3881236.553253225	100
507586.508040999	3881236.4865852697	100
507586.508040999	3881236.4865852697	100
507586.3531545992	3881236.364468521	100
507586.3531545992	3881236.364468521	100
507586.21646507486	3881236.286726034	100
507586.21646507486	3881236.286726034	100
507586.0797755482	3881236.2089835503	100
507586.0797755482	3881236.2089835503	100
507585.94308601925	3881236.131241068	100
507585.94308601925	3881236.131241068	100
507585.7972795322	3881236.053490977	100
507585.6423560845	3881235.975733277	100
507585.6423560845	3881235.975733277	100
507585.6423560845	3881235.975733277	100
507585.5056665483	3881235.8979908014	100
507585.5056665483	3881235.8979908014	100
507585.35985079646	3881235.831330477	100
507585.2140257829	3881235.775759913	100
507585.35985079646	3881235.831330477	100
507585.2140257829	3881235.775759913	100
507585.06821002695	3881235.709099592	100
507585.06821002695	3881235.709099592	100
507584.8768094859	3881235.642401224	100
507584.8768094859	3881235.642401224	100
507584.7401106792	3881235.575748519	100
507584.7401106792	3881235.575748519	100
507584.59430417296	3881235.497998447	100
507584.59430417296	3881235.497998447	100
507584.4393899619	3881235.409151008	100
507584.4393899619	3881235.409151008	100
507584.2935834505	3881235.3314009416	100
507584.2935834505	3881235.3314009416	100
507584.1386599824	3881235.2536432673	100
507584.1386599824	3881235.2536432673	100
507583.9928534613	3881235.1758932048	100
507583.9928534613	3881235.1758932048	100
507583.84704694455	3881235.098143146	100
507583.84704694455	3881235.098143146	100
507583.692123464	3881235.020385479	100
507583.692123464	3881235.020385479	100
507583.54631694	3881234.942635425	100
507583.54631694	3881234.942635425	100
507583.4005104135	3881234.8648853702	100
507583.2455961799	3881234.776037953	100
507583.4005104135	3881234.8648853702	100
507583.2455961799	3881234.776037953	100
507583.09978964814	3881234.6982879057	100
507583.09978964814	3881234.6982879057	100
507582.9448661544	3881234.620530252	100
507582.9448661544	3881234.620530252	100
507582.7990596176	3881234.542780209	100
507582.7990596176	3881234.542780209	100
507582.6532623324	3881234.453940408	100
507582.6532623324	3881234.453940408	100
507582.49833883066	3881234.3761827615	100
507582.49833883066	3881234.3761827615	100
507582.3525322861	3881234.298432728	100
507582.1976087792	3881234.220675087	100
507582.3525322861	3881234.298432728	100
507582.1976087792	3881234.220675087	100
507582.0518022296	3881234.142925056	100
507582.0518022296	3881234.142925056	100
507581.90600492834	3881234.0540852686	100
507581.90600492834	3881234.0540852686	100
507581.7602076265	3881233.9652454825	100
507581.7602076265	3881233.9652454825	100
507581.61441032187	3881233.8764057	100
507581.61441032187	3881233.8764057	100
507581.4686037595	3881233.79865568	100
507581.4686037595	3881233.79865568	100
507581.3228064493	3881233.7098159	100
507581.3228064493	3881233.7098159	100
507581.1678829259	3881233.632058277	100
507581.1678829259	3881233.632058277	100
507581.02207635576	3881233.554308265	100
507580.8762790373	3881233.465468492	100
507581.02207635576	3881233.554308265	100
507580.8762790373	3881233.465468492	100
507580.730472462	3881233.3877184815	100
507580.730472462	3881233.3877184815	100
507580.58467513806	3881233.298878716	100
507580.58467513806	3881233.298878716	100
507580.42975160136	3881233.221121106	100
507580.42975160136	3881233.221121106	100
507580.2748373109	3881233.132273739	100
507580.2748373109	3881233.132273739	100
507580.1563816036	3881233.054546554	100
507580.1563816036	3881233.054546554	100
507580.00143955735	3881232.998968471	100
507580.00143955735	3881232.998968471	100
507579.85564221774	3881232.910128716	100
507579.7007186682	3881232.832371116	100
507579.7007186682	3881232.832371116	100
507579.7007186682	3881232.832371116	100
507579.56402903405	3881232.754628732	100
507579.56402903405	3881232.754628732	100
507579.4182316863	3881232.665788984	100
507579.4182316863	3881232.665788984	100
507579.272425088	3881232.588038997	100
507579.272425088	3881232.588038997	100
507579.1174922782	3881232.521371169	100
507579.1174922782	3881232.521371169	100
507578.962577963	3881232.432523824	100
507578.962577963	3881232.432523824	100
507578.8350237748	3881232.3326095366	100
507578.8350237748	3881232.3326095366	100
507578.68919866777	3881232.2770390776	100
507578.68919866777	3881232.2770390776	100
507578.5342658461	3881232.2103712577	100
507578.5342658461	3881232.2103712577	100
507578.3702253114	3881232.13260608	100
507578.3702253114	3881232.13260608	100
507578.224437193	3881232.032676592	100
507578.224437193	3881232.032676592	100
507578.096864494	3881231.954941832	100
507577.9693380346	3881231.821758277	100
507577.9693380346	3881231.821758277	100
507577.9693380346	3881231.821758277	100
507577.8235499069	3881231.721828798	100
507577.8235499069	3881231.721828798	100
507577.6595278533	3881231.6218841127	100
507577.6595278533	3881231.6218841127	100
507577.54108135175	3881231.533067205	100
507577.54108135175	3881231.533067205	100
507577.2403511216	3881231.377559692	100
507577.2403511216	3881231.377559692	100
507577.0763105633	3881231.299794537	100
507577.0763105633	3881231.299794537	100
507576.9669625158	3881231.233164757	100
507576.9669625158	3881231.233164757	100
507576.8302728343	3881231.155422412	100
507576.8302728343	3881231.155422412	100
507576.7210357499	3881230.955715525	100
507576.7210357499	3881230.955715525	100
507576.5752383456	3881230.866875822	100
507576.5752383456	3881230.866875822	100
507576.4294409406	3881230.778036124	100
507576.4294409406	3881230.778036124	100
507576.2745265695	3881230.689188826	100
507576.2745265695	3881230.689188826	100
507576.1287291589	3881230.600349132	100
507576.1287291589	3881230.600349132	100
507575.9738055358	3881230.522591597	100
507575.9738055358	3881230.522591597	100
507575.8188819125	3881230.444834066	100
507575.8188819125	3881230.444834066	100
507575.67308449344	3881230.355994377	100
507575.67308449344	3881230.355994377	100
507575.5181701077	3881230.267147093	100
507575.3723634377	3881230.189397169	100
507575.3723634377	3881230.189397169	100
507575.3723634377	3881230.189397169	100
507575.226566008	3881230.100557491	100
507575.226566008	3881230.100557491	100
507575.07165161584	3881230.011710213	100
507575.07165161584	3881230.011710213	100
507574.9167279738	3881229.933952697	100
507574.9167279738	3881229.933952697	100
507574.7709305378	3881229.8451130255	100
507574.7709305378	3881229.8451130255	100
507574.6160068903	3881229.767355516	100
507574.6160068903	3881229.767355516	100
507574.4610832449	3881229.689598007	100
507574.31528579816	3881229.6007583407	100
507574.4610832449	3881229.689598007	100
507574.1694883509	3881229.5119186775	100
507574.1694883509	3881229.5119186775	100
507574.1694883509	3881229.5119186775	100
507574.0145739385	3881229.423071419	100
507574.0145739385	3881229.423071419	100
507573.8687857265	3881229.323142002	100
507573.8687857265	3881229.323142002	100
507573.7138713079	3881229.2342947465	100
507573.7138713079	3881229.2342947465	100
507573.5680738466	3881229.145455094	100
507573.5680738466	3881229.145455094	100
507573.4222578992	3881229.078794961	100
507573.4222578992	3881229.078794961	100
507573.27644194965	3881229.012134832	100
507573.27644194965	3881229.012134832	100
507573.1215182752	3881228.9343773457	100
507573.1215182752	3881228.9343773457	100
507572.9666038428	3881228.845530105	100
507572.9666038428	3881228.845530105	100
507572.8390310542	3881228.767795419	100
507572.8390310542	3881228.767795419	100
507572.54743609903	3881228.5901161423	100
507572.54743609903	3881228.5901161423	100
507572.3925216528	3881228.501268912	100
507572.3925216528	3881228.501268912	100
507572.2467334105	3881228.4013395207	100
507572.2467334105	3881228.4013395207	100
507572.0918004758	3881228.334671812	100
507572.0918004758	3881228.334671812	100
507571.9460029866	3881228.2458321857	100
507571.7910792901	3881228.1680747215	100
507571.7910792901	3881228.1680747215	100
507571.6361555886	3881228.0903172623	100
507571.6361555886	3881228.0903172623	100
507571.6361555886	3881228.0903172623	100
507571.4903488506	3881228.0125674033	100
507571.4903488506	3881228.0125674033	100
507571.35365907394	3881227.934825141	100
507571.35365907394	3881227.934825141	100
507571.2078615688	3881227.845985527	100
507571.2078615688	3881227.845985527	100
507571.0620640631	3881227.757145913	100
507571.0620640631	3881227.757145913	100
507570.9162573149	3881227.6793960608	100
507570.7704598013	3881227.590556456	100
507570.9162573149	3881227.6793960608	100
507570.7704598013	3881227.590556456	100
507570.615545323	3881227.501709253	100
507570.615545323	3881227.501709253	100
507570.46062160016	3881227.423951813	100
507570.3148240805	3881227.335112214	100
507570.46062160016	3881227.423951813	100
507570.3148240805	3881227.335112214	100
507570.1690173167	3881227.257362374	100
507570.1690173167	3881227.257362374	100
507570.0232197915	3881227.1685227775	100
507570.0232197915	3881227.1685227775	100
507569.7316154918	3881227.001933353	100
507569.7316154918	3881227.001933353	100
507569.5858087201	3881226.924183523	100
507569.5858087201	3881226.924183523	100
507569.4308849786	3881226.846426101	100
507569.4308849786	3881226.846426101	100
507569.28507820185	3881226.768676277	100
507569.28507820185	3881226.768676277	100
507569.1392714226	3881226.6909264536	100
507569.1392714226	3881226.6909264536	100
507568.984338436	3881226.6242587976	100
507568.8385224146	3881226.557598739	100
507568.8385224146	3881226.557598739	100
507568.8385224146	3881226.557598739	100
507568.69267868006	3881226.524207961	100
507568.54686265264	3881226.457547907	100
507568.54686265264	3881226.457547907	100
507568.54686265264	3881226.457547907	100
507568.273483	3881226.302063475	100
507568.273483	3881226.302063475	100
507568.1367931701	3881226.2243212606	100
507567.99098637	3881226.146571457	100
507567.99098637	3881226.146571457	100
507567.99098637	3881226.146571457	100
507567.8451795697	3881226.068821656	100
507567.8451795697	3881226.068821656	100
507567.5626829276	3881225.913329653	100
507567.5626829276	3881225.913329653	100
507567.4259930858	3881225.8355874494	100
507567.4259930858	3881225.8355874494	100
507567.2893032394	3881225.757845249	100
507567.2893032394	3881225.757845249	100
507567.1526226258	3881225.669013293	100
507567.1526226258	3881225.669013293	100
507567.0159327769	3881225.591271097	100
507567.0159327769	3881225.591271097	100
507566.8974676233	3881225.524633847	100
507566.8974676233	3881225.524633847	100
507566.76077777	3881225.446891655	100
507566.76077777	3881225.446891655	100
507566.6240879144	3881225.369149464	100
