166021.443179331	0.0	120
507818.372927689	3881336.41241959	120
507818.628800763	3881335.71398422	120
507818.628800763	3881335.71398422	120
507818.628800763	3881335.71398422	120
507818.866325686	3881335.14861029	120
507818.866325686	3881335.14861029	120
507819.313901008	3881334.16200583	120
507819.313901008	3881334.16200583	120
507819.642775916	3881333.3860049	120
507819.642775916	3881333.3860049	120
507819.642775916	3881333.3860049	120
507819.871040995	3881332.98696957	120
507819.871040995	3881332.98696957	120
507820.245414462	3881332.31081572	120
507820.245414462	3881332.31081572	120
507820.610623415	3881331.69010285	120
507820.610623415	3881331.69010285	120
507821.140174575	3881330.79228717	120
507821.140174575	3881330.79228717	120
507821.62395065	3881330.1162275	120
507821.62395065	3881330.1162275	120
507821.943594522	3881329.47329594	120
507821.943594522	3881329.47329594	120
507822.454959919	3881328.52001584	120
507822.454959919	3881328.52001584	120
507822.747071964	3881328.08776623	120
507822.747071964	3881328.08776623	120
507822.747071964	3881328.08776623	120
507823.267468496	3881327.23430187	120
507823.267468496	3881327.23430187	120
507823.751416724	3881326.35862663	120
507823.751416724	3881326.35862663	120
507824.034459758	3881325.87092041	120
507824.034459758	3881325.87092041	120
507824.308385944	3881325.38320635	120
507824.308385944	3881325.38320635	120
507824.646206644	3881324.80682914	120
507824.646206644	3881324.80682914	120
507825.148398429	3881323.92007992	120
507825.148398429	3881323.92007992	120
507825.659735832	3881323.00006928	120
507825.659735832	3881323.00006928	120
507826.116295697	3881322.16872967	120
507826.116295697	3881322.16872967	120
507826.527185323	3881321.43715869	120
507826.527185323	3881321.43715869	120
507826.88327826	3881320.81643822	120
507826.88327826	3881320.81643822	120
507827.312411315	3881320.07379321	120
507827.312411315	3881320.07379321	120
507827.677611689	3881319.46417039	120
507827.677611689	3881319.46417039	120
507828.024578351	3881318.85453189	120
507828.024578351	3881318.85453189	120
507828.316767376	3881318.33356437	120
507828.316767376	3881318.33356437	120
507828.791580581	3881317.48006108	120
507828.791580581	3881317.48006108	120
507829.266365219	3881316.6598271	120
507829.266365219	3881316.6598271	120
507829.558563934	3881316.12776987	120
507829.558563934	3881316.12776987	120
507829.905549954	3881315.49595191	120
507829.905549954	3881315.49595191	120
507830.435036101	3881314.67576511	120
507830.435036101	3881314.67576511	120
507830.964627433	3881313.73359097	120
507830.964627433	3881313.73359097	120
507831.339050287	3881313.00198879	120
507831.339050287	3881313.00198879	120
507831.795620723	3881312.15955972	120
507831.795620723	3881312.15955972	120
507831.795620723	3881312.15955972	120
507832.252191247	3881311.31713067	120
507832.252191247	3881311.31713067	120
507832.672408965	3881310.34159309	120
507832.882670754	3881309.67638814	120
507832.882670754	3881309.67638814	120
507833.09274145	3881309.2329784	120
507833.09274145	3881309.2329784	120
507833.412654447	3881308.27953397	120
507833.412654447	3881308.27953397	120
507833.540701852	3881307.80278426	120
507833.540701852	3881307.80278426	120
507833.540701852	3881307.80278426	120
507833.641408156	3881307.31492122	120
507833.641408156	3881307.31492122	120
507833.714658664	3881306.94902197	120
507833.714658664	3881306.94902197	120
507833.769675396	3881306.58310702	120
507833.769675396	3881306.58310702	120
507833.824816372	3881306.07302517	120
507833.852606675	3881305.56291976	120
507833.852606675	3881305.56291976	120
507833.843805165	3881305.19694981	120
507833.843805165	3881305.19694981	120
507833.843805165	3881305.19694981	120
507833.835013211	3881304.8198901	120
507833.835013211	3881304.8198901	120
507833.835013211	3881304.8198901	120
507833.780837483	3881304.20990613	120
507833.780837483	3881304.20990613	120
507833.67184569	3881303.73295215	120
507833.67184569	3881303.73295215	120
507833.56285389	3881303.25599817	120
507833.56285389	3881303.25599817	120
507833.417365821	3881302.81228205	120
507833.417365821	3881302.81228205	120
507833.235410153	3881302.36853451	120
507833.235410153	3881302.36853451	120
507833.098952947	3881302.02463409	120
507833.098952947	3881302.02463409	120
507832.962457507	3881301.72509272	120
507832.962457507	3881301.72509272	120
507832.962457507	3881301.72509272	120
507832.680292367	3881301.19254069	120
507832.680292367	3881301.19254069	120
507832.361640491	3881300.68213676	120
507832.361640491	3881300.68213676	120
507831.98824897	3881300.21604477	120
507831.587487602	3881299.77210874	120
507831.587487602	3881299.77210874	120
507830.986278606	3881299.18383306	120
507830.986278606	3881299.18383306	120
507830.594509854	3881298.88407181	120
507830.594509854	3881298.88407181	120
507830.09340514	3881298.50658803	120
507830.09340514	3881298.50658803	120
507829.564940132	3881298.14017047	120
507829.564940132	3881298.14017047	120
507828.890633321	3881297.74035803	120
507828.890633321	3881297.74035803	120
507828.453260831	3881297.46273715	120
507828.453260831	3881297.46273715	120
507827.687813547	3881297.029577	120
507827.687813547	3881297.029577	120
507827.113716102	3881296.71856914	120
507827.113716102	3881296.71856914	120
507826.576086227	3881296.40759271	120
507826.576086227	3881296.40759271	120
507825.892643157	3881296.02995217	120
507825.892643157	3881296.02995217	120
507825.21831693	3881295.65231953	120
507825.21831693	3881295.65231953	120
507824.65332667	3881295.35240943	120
507824.65332667	3881295.35240943	120
507823.769426092	3881294.84151928	120
507823.769426092	3881294.84151928	120
507822.921973948	3881294.35284012	120
507822.921973948	3881294.35284012	120
507822.275007733	3881293.96414147	120
507822.275007733	3881293.96414147	120
507821.391078261	3881293.48652084	120
507821.391078261	3881293.48652084	120
507820.507148695	3881293.00890029	120
507820.507148695	3881293.00890029	120
507819.88750438	3881292.65349462	120
507819.88750438	3881292.65349462	120
507819.149397468	3881292.23144849	120
507819.149397468	3881292.23144849	120
507818.292846999	3881291.7205824	120
507818.292846999	3881291.7205824	120
507818.292846999	3881291.7205824	120
507817.636753955	3881291.34296601	120
507817.636753955	3881291.34296601	120
507816.980660857	3881290.96534966	120
507816.980660857	3881290.96534966	120
507816.324577239	3881290.57664361	120
507816.324577239	3881290.57664361	120
507815.47713383	3881290.07687538	120
507815.47713383	3881290.07687538	120
507814.602339601	3881289.57708373	120
507814.602339601	3881289.57708373	120
507814.602339601	3881289.57708373	120
507813.937148405	3881289.17728025	120
507813.937148405	3881289.17728025	120
507813.937148405	3881289.17728025	120
507813.271947619	3881288.78856657	120
507813.271947619	3881288.78856657	120
507812.497381972	3881288.35539988	120
507811.813928183	3881287.98885017	120
507811.130512454	3881287.57794146	120
507811.130512454	3881287.57794146	120
507810.319488487	3881287.13365386	120
507810.319488487	3881287.13365386	120
507809.61778164	3881286.78926816	120
507808.952580495	3881286.40055481	120
507808.952580495	3881286.40055481	120
507808.168888004	3881285.97847042	120
507808.168888004	3881285.97847042	120
507808.168888004	3881285.97847042	120
507807.357882797	3881285.51200356	120
507807.357882797	3881285.51200356	120
507806.80202728	3881285.18992289	120
507806.80202728	3881285.18992289	120
507806.018325062	3881284.77892844	120
507806.018325062	3881284.77892844	120
507805.152637196	3881284.29023529	120
507805.152637196	3881284.29023529	120
507804.286958761	3881283.79045246	120
507804.286958761	3881283.79045246	120
507803.366635853	3881283.2240842	120
507803.366635853	3881283.2240842	120
507803.366635853	3881283.2240842	120
507802.555639674	3881282.74652802	120
507802.555639674	3881282.74652802	120
507802.555639674	3881282.74652802	120
507801.662648267	3881282.20236292	120
507801.662648267	3881282.20236292	120
507801.152348383	3881281.913591	120
507801.152348383	3881281.913591	120
507800.751413406	3881281.66927203	120
507800.751413406	3881281.66927203	120
507800.751413406	3881281.66927203	120
507799.931281003	3881281.21388778	120
507799.931281003	3881281.21388778	120
507799.229639909	3881280.79187457	120
507799.229639909	3881280.79187457	120
507798.537115667	3881280.36986923	120
507798.537115667	3881280.36986923	120
507797.817221578	3881279.97002001	120
507797.817221578	3881279.97002001	120
507797.206701921	3881279.60353397	120
507797.206701921	3881279.60353397	120
507796.377471256	3881279.1259627	120
507796.377471256	3881279.1259627	120
507795.539142608	3881278.62620416	120
507795.539142608	3881278.62620416	120
507794.883057186	3881278.23749967	120
507794.883057186	3881278.23749967	120
507794.035601944	3881277.74882322	120
507794.035601944	3881277.74882322	120
507793.133435572	3881277.27118971	120
507793.133435572	3881277.27118971	120
507792.258610366	3881276.8046695	120
507791.620739503	3881276.43816038	120
507791.620739503	3881276.43816038	120
507790.755021558	3881275.98273789	120
507790.755021558	3881275.98273789	120
507790.1171981	3881275.56078009	120
507790.1171981	3881275.56078009	120
507789.579546703	3881275.27198538	120
507789.579546703	3881275.27198538	120
507788.795833353	3881274.87208219	120
507788.795833353	3881274.87208219	120
507787.857255729	3881274.3278794	120
507787.857255729	3881274.3278794	120
507787.465417983	3881274.10574835	120
507787.465417983	3881274.10574835	120
507786.763794763	3881273.66155659	120
507786.763794763	3881273.66155659	120
507785.98012864	3881273.20620485	120
507785.98012864	3881273.20620485	120
507785.497188029	3881272.90636747	120
507785.497188029	3881272.90636747	120
507784.831984839	3881272.51765589	120
507784.831984839	3881272.51765589	120
