507949.3156386623	3881350.1331337816	120
507949.3156386623	3881350.1331337816	120
507949.3429795098	3881350.1442474616	120
507949.8077254256	3881350.3886288335	120
507950.4000877928	3881350.655301388	120
507951.0562583593	3881350.933119563	120
507951.5027898931	3881351.1553055504	120
507952.30467472057	3881351.610687598	120
507953.2159325209	3881352.09943472	120
507954.1727841602	3881352.5771320607	120
507954.7559711807	3881352.9103354895	120
507955.8038746394	3881353.5211899215	120
507956.6969080785	3881353.998831674	120
507957.662895594	3881354.45435784	120
507958.46488662914	3881354.787753061	80
507959.5311786738	3881355.221187704	80
507960.4151337542	3881355.6544627952	80
507961.5453017833	3881356.021414996	80
507962.4752294698	3881356.011139756	80
507963.5148798822	3881355.634998326	80
507964.3176090438	3881355.125572191	80
507964.9198551706	3881354.5161625263	80
507965.4401955438	3881353.740334581	80
507965.9240880594	3881352.942295185	80
507966.4262435098	3881352.1110025113	80
507967.0015185048	3881351.069068324	80
507967.6315627664	3881349.94955379	120
507968.1795360941	3881348.8521469	120
507968.7457335314	3881347.765845791	120
507969.09271832014	3881347.145122868	120
507969.6132247579	3881346.180769225	120
507970.279766264	3881345.0280175726	120
507970.7272408668	3881344.1744976575	120
507970.9281325801	3881343.808711413	120
507971.34825673385	3881342.955167548	120
507971.9143965615	3881341.935405211	120
507972.3617644837	3881341.203872756	120
507972.8730574781	3881340.350408924	120
507973.4757428984	3881339.241960584	120
507974.3414518077	3881338.38845683	120
507974.7797810324	3881337.568198389	120
507975.50127791456	3881336.1271612993	120
507976.304943572	3881334.55311913	120
507977.00799311366	3881333.3560409104	120
507977.71110123536	3881332.092424181	120
507978.3320214749	3881330.983992151	120
507978.88907511736	3881329.9309529527	120
507979.546472864	3881328.811463254	70
507980.09430281806	3881327.880403504	70
507980.75163270975	3881326.838542221	70
507981.3724368424	3881325.863187536	70
507981.79246539256	3881325.120541768	70
507982.3403055407	3881324.178392393	70
507982.97042166686	3881322.981250607	70
507983.60964509856	3881321.795206635	70
507984.1666414725	3881320.80870634	70
507984.7053165384	3881319.921997912	70
507985.380988448	3881318.758165621	70
507986.0386508402	3881317.339252865	70
507986.4496801994	3881316.463522179	70
507986.98845317867	3881315.465916283	70
507987.61850231065	3881314.346403159	70
507988.21205481776	3881313.260127316	70
507988.75991583377	3881312.295798824	70
507989.2803580774	3881311.409074654	70
507989.7551380016	3881310.611028535	70
507990.5312042599	3881309.325297414	70
507991.38033259806	3881307.895463589	70
507992.2112761669	3881306.410165012	70
507993.0146743072	3881305.146637679	70
507993.66296843445	3881304.016051259	70
507994.1378856621	3881303.062748728	120
507994.62187112	3881302.164903044	120
507995.17885037686	3881301.200582969	120
507995.5896667543	3881300.568827446	120
507995.8179111047	3881300.2030658177	70
507996.3657249344	3881299.294186602	70
507997.05073138815	3881297.886388497	70
507997.63528626855	3881296.6670281454	70
507998.14667190495	3881295.713757917	70
507998.703612901	3881294.793797108	70
507999.216650044	3881293.264212386	70
508000.0019434333	3881291.856502794	70
508000.5863429792	3881290.814578836	70
508001.0337840407	3881290.005419517	70
508001.435523493	3881289.3292972194	70
508001.919403056	3881288.5534393247	70
508002.5677483325	3881287.367404792	70
508003.3256529536	3881286.004030461	70
508003.98312527325	3881284.8069142974	70
508004.51263869647	3881283.975647882	70
508005.3160796417	3881282.667762664	70
508006.4568272437	3881281.382354144	70
508007.1866983939	3881280.795239273	70
508008.4182151265	3881279.964591478	70
508009.9047224593	3881279.455771826	70
508010.98963590775	3881279.4567278656	70
508012.1927858505	3881279.779391544	70
508013.29546385584	3881280.312672423	70
508014.38897592766	3881280.901394198	70
508015.8652126009	3881281.701159197	70
508017.07715623465	3881282.3897936535	70
508017.87907321536	3881282.811912151	70
508018.5260710298	3881283.156265684	70
508019.9112454451	3881283.83396356	70
508021.095896458	3881284.456035863	120
508022.2077098632	3881284.967146352	120
508023.2830261253	3881285.5114940703	120
508024.4495407592	3881286.022653115	120
508026.0079160532	3881286.72268436	120
508027.0832318785	3881287.26703253	40
508027.89425508585	3881287.7002497287	40
508028.9057229228	3881288.277811037	40
508030.4822039465	3881289.1220260416	40
508032.2592076883	3881290.021867351	40
508033.5805028727	3881290.7660494926	40
508034.8471160006	3881291.488003956	40
508036.1137191238	3881292.2210483584	40
508037.2254522972	3881292.820878777	40
508038.46477297135	3881293.4762710016	40
508040.05038873496	3881294.298316217	40
508041.8638188906	3881295.242550711	40
508043.23985320254	3881295.942423617	40
508044.5520886123	3881296.620060732	40
508045.6091192818	3881297.2198437736	40
508046.6752372609	3881297.8529042895	40
508048.0238513788	3881297.830382036	40
508049.77345172816	3881298.385651376	40
508051.0674228628	3881299.096542575	40
508052.0335783897	3881299.563552801	40
508052.6169616647	3881299.8749672687	40
508053.3827123669	3881300.153274032	40
508053.8111378166	3881300.431281988	40
508054.5950633337	3881300.7761435728	40
508056.0168473677	3881301.4875328825	40
508057.192484843	3881302.2876144666	40
508058.2586801077	3881302.631958263	40
508059.2064539153	3881303.0652995	40
508060.1450222365	3881303.598440599	40
508061.10181440576	3881304.142687724	40
508062.2317586096	3881304.764716909	40
508063.6259450209	3881305.453327173	40
508064.9472550803	3881306.275334377	40
508065.6759669306	3881306.996815948	40
508066.5593509102	3881308.273307455	40
508067.33357804647	3881309.072457938	40
508068.2263246116	3881309.571713682	120
508069.5747579487	3881310.548810341	120
508070.7228853106	3881311.22630558	120
508071.6523155232	3881311.781619303	120
508072.6820313805	3881312.3370221816	120
508073.7663794781	3881312.970102089	120
508074.86891194456	3881313.658647128	120
508075.88039362367	3881314.214034175	120
508077.11051288765	3881314.9581416873	120
508078.52282178507	3881315.868757825	120
508080.1082821688	3881316.857156484	120
508081.8122518036	3881317.856750554	120
508083.1789556568	3881318.789506416	120
508084.5091917149	3881319.72223005	120
508086.0216466902	3881320.788193208	120
508087.8530144148	3881322.054056221	120
508089.64812138	3881323.08700217	120
508091.0514095972	3881323.8867145474	120
508092.39103740593	3881324.5089341504	120
508093.53927979554	3881325.053355157	120
508094.6510644272	3881325.5866540754	120
508096.3552185007	3881326.375545428	120
508097.922520406	3881327.2752128863	120
508099.6719519103	3881328.4079280687	120
508099.6719519103	3881328.4079280687	120
508099.8086259188	3881328.4967680112	120
508101.2118135787	3881329.407379579	120
508102.40543158574	3881330.184727322	120
508103.5169975764	3881330.962002077	120
508104.719692504	3881331.7837173	120
508105.85868781287	3881332.4722986384	120
508106.7607136656	3881333.083040395	120
508107.37117773545	3881333.493906333	120
508107.4622771539	3881333.571615976	120
508107.444053314	3881333.560509951	120
508107.4076155248	3881333.527208142	120
508107.407605634	3881333.5382979033	120
508107.407605634	3881333.5382979033	120
508107.4076155248	3881333.527208142	120
508107.407605634	3881333.5382979033	120
508107.407605634	3881333.5382979033	120
508107.407605634	3881333.5382979033	120
508107.407605634	3881333.5382979033	120
508107.407605634	3881333.5382979033	120
508107.407605634	3881333.5382979033	120
508107.407605634	3881333.5382979033	120
508107.407605634	3881333.5382979033	120
508107.407605634	3881333.5382979033	120
508107.407605634	3881333.5382979033	120
