507949.31563866226	3881350.1331337816	120
507949.31563866226	3881350.1331337816	120
507949.3429795098	3881350.1442474616	120
507949.80772542563	3881350.3886288344	120
507950.4000877928	3881350.655301388	120
507951.0562583593	3881350.933119563	120
507951.5027898931	3881351.1553055504	120
507952.30467472057	3881351.610687598	120
507953.2159325209	3881352.0994347204	120
507954.17278416024	3881352.5771320607	120
507954.7559711807	3881352.9103354895	120
507955.80387463944	3881353.5211899215	120
507956.6969080785	3881353.998831674	120
507957.66289559397	3881354.45435784	120
507958.46488662914	3881354.7877530605	80
507959.5311786738	3881355.221187704	80
507960.4151337542	3881355.6544627952	80
507961.5453017833	3881356.021414996	80
507962.4752294698	3881356.0111397556	80
507963.5148798822	3881355.634998326	80
507964.3176090438	3881355.1255721906	80
507964.9198551706	3881354.5161625263	80
507965.4401955438	3881353.740334581	80
507965.9240880594	3881352.942295185	80
507966.4262435098	3881352.1110025113	80
507967.0015185048	3881351.0690683243	80
507967.63156276644	3881349.94955379	120
507968.1795360941	3881348.8521469	120
507968.7457335314	3881347.7658457905	120
507969.09271832014	3881347.1451228675	120
507969.6132247579	3881346.180769225	120
507970.27976626396	3881345.0280175726	120
507970.72724086675	3881344.1744976584	120
507970.9281325801	3881343.8087114124	120
507971.34825673385	3881342.955167548	120
507971.9143965615	3881341.935405211	120
507972.36176448374	3881341.203872756	120
507972.8730574781	3881340.3504089243	120
507973.4757428984	3881339.2419605837	120
507973.9414518077	3881338.38845683	120
507974.3797810324	3881337.5681983894	120
507975.10127791465	3881336.1271612993	120
507975.90494357207	3881334.55311913	120
507976.6079931137	3881333.3560409104	120
507977.31110123545	3881332.092424181	120
507977.93202147493	3881330.9839921505	120
507978.4890751174	3881329.9309529527	120
507979.146472864	3881328.811463254	120
507979.69430281816	3881327.880403504	120
507980.35163270985	3881326.838542221	120
507980.9724368424	3881325.863187536	120
507981.3924653926	3881325.1205417677	120
507981.9403055407	3881324.178392393	120
507982.5704216669	3881322.981250607	120
507983.2096450986	3881321.795206635	120
507983.7666414725	3881320.80870634	120
507984.3053165384	3881319.9219979118	70
507984.98098844796	3881318.758165621	70
507985.6386508402	3881317.339252865	70
507986.0496801994	3881316.463522179	70
507986.5884531787	3881315.465916283	70
507987.2185023107	3881314.346403159	70
507987.8120548178	3881313.2601273158	70
507988.35991583386	3881312.295798824	70
507988.8803580774	3881311.409074654	70
507989.35513800156	3881310.611028535	70
507990.13120425993	3881309.325297414	70
507990.98033259815	3881307.895463589	70
507991.81127616693	3881306.4101650123	70
507992.61467430723	3881305.1466376786	70
507993.2629684345	3881304.016051259	70
507993.7378856621	3881303.0627487274	120
507994.22187112	3881302.1649030442	120
507994.77885037696	3881301.200582969	120
507995.1896667543	3881300.568827446	120
507995.4179111047	3881300.2030658177	70
507995.96572493436	3881299.294186602	70
507996.65073138825	3881297.886388497	70
507997.2352862686	3881296.6670281463	70
507997.74667190504	3881295.7137579173	70
507998.303612901	3881294.7937971083	70
507999.21665004396	3881293.264212386	70
508000.00194343325	3881291.8565027947	70
508000.5863429792	3881290.814578836	70
508001.0337840407	3881290.005419517	70
508001.435523493	3881289.3292972194	70
508001.91940305603	3881288.5534393247	70
508002.5677483325	3881287.3674047915	70
508003.32565295364	3881286.0040304605	70
508003.98312527325	3881284.8069142983	70
508004.51263869647	3881283.975647882	70
508005.3160796417	3881282.667762664	70
508006.45682724373	3881281.382354144	70
508007.1866983939	3881280.7952392725	70
508008.4182151265	3881279.964591478	70
508009.9047224593	3881279.4557718267	70
508010.98963590775	3881279.4567278656	70
508012.1927858505	3881279.779391544	70
508013.29546385584	3881280.3126724227	70
508014.38897592766	3881280.901394198	70
508015.8652126009	3881281.701159197	70
508017.07715623465	3881282.3897936535	70
508017.87907321536	3881282.811912151	70
508018.5260710298	3881283.156265684	70
508019.9112454451	3881283.83396356	70
508021.09589645796	3881284.4560358627	120
508022.2077098632	3881284.9671463524	120
508023.2830261253	3881285.5114940703	120
508024.44954075915	3881286.0226531154	120
508026.0079160532	3881286.7226843596	120
508027.0832318785	3881287.26703253	120
508027.89425508585	3881287.7002497287	120
508028.90572292276	3881288.2778110364	120
508030.48220394645	3881289.1220260416	120
508032.2592076883	3881290.021867351	120
508033.5805028727	3881290.7660494926	120
508034.8471160006	3881291.4880039557	120
508036.1137191238	3881292.2210483584	120
508037.2254522972	3881292.820878777	120
508038.46477297135	3881293.4762710016	120
508040.05038873496	3881294.2983162166	120
508041.8638188906	3881295.2425507107	120
508043.23985320254	3881295.942423617	120
508044.5520886123	3881296.620060732	120
508045.6091192818	3881297.2198437736	120
508046.67523726093	3881297.8529042904	120
508048.0238513788	3881298.630382036	120
508049.77345172816	3881299.585651376	120
508051.0674228628	3881300.296542575	120
508052.0335783897	3881300.563552801	120
508052.6169616647	3881300.674967269	120
508053.38271236693	3881300.753274032	120
508053.8111378166	3881300.831281988	120
508054.5950633337	3881300.976143573	60
508056.0168473677	3881301.4875328825	60
508057.192484843	3881301.987614467	60
508058.2586801077	3881302.531958263	60
508059.2064539153	3881302.9652995	60
508060.1450222365	3881303.4984405986	60
508061.10181440576	3881304.0426877243	60
508062.2317586096	3881304.6647169087	60
508063.62594502093	3881305.4533271734	60
508064.9472550803	3881306.1753343777	60
508065.67596693063	3881306.896815948	60
508066.5593509102	3881307.973307455	120
508067.33357804647	3881308.772457938	120
508068.2263246116	3881309.571713682	120
508069.5747579487	3881310.548810341	120
508070.7228853106	3881311.2263055798	120
508071.65231552324	3881311.781619303	120
508072.6820313805	3881312.3370221816	120
508073.76637947804	3881312.970102089	120
508074.86891194456	3881313.6586471284	120
508075.88039362367	3881314.2140341746	120
508077.11051288765	3881314.9581416873	120
508078.52282178507	3881315.8687578253	120
508080.1082821688	3881316.857156484	120
508081.8122518036	3881317.856750554	120
508083.1789556568	3881318.789506416	120
508084.5091917149	3881319.72223005	120
508086.0216466902	3881320.788193208	120
508087.8530144148	3881322.054056221	120
508089.64812137996	3881323.0870021703	120
508091.05140959716	3881323.8867145474	120
508092.39103740593	3881324.5089341504	120
508093.53927979554	3881325.0533551574	120
508094.65106442716	3881325.5866540754	120
508096.3552185007	3881326.3755454277	120
508097.92252040596	3881327.2752128863	120
508099.67195191025	3881328.4079280687	120
508099.67195191025	3881328.4079280687	120
508099.8086259188	3881328.4967680112	120
508101.2118135787	3881329.407379579	120
508102.40543158574	3881330.184727322	120
508103.5169975764	3881330.962002077	120
508104.71969250403	3881331.7837173	120
508105.85868781287	3881332.4722986384	120
508106.76071366563	3881333.083040395	120
508107.37117773545	3881333.493906333	120
508107.4622771539	3881333.5716159754	120
508107.444053314	3881333.560509951	120
508107.40761552483	3881333.527208142	120
508107.40760563395	3881333.5382979033	120
508107.40760563395	3881333.5382979033	120
508107.40761552483	3881333.527208142	120
508107.40760563395	3881333.5382979033	120
508107.40760563395	3881333.5382979033	120
508107.40760563395	3881333.5382979033	120
508107.40760563395	3881333.5382979033	120
508107.40760563395	3881333.5382979033	120
508107.40760563395	3881333.5382979033	120
508107.40760563395	3881333.5382979033	120
508107.40760563395	3881333.5382979033	120
508107.40760563395	3881333.5382979033	120
508107.40760563395	3881333.5382979033	120
