507351.00115279475 3881251.9620147413 40.0
166021.4431793313 0.0 40.0
507350.9920448143 3881251.95091761 40.0
507351.00115279475 3881251.9620147413 40.0
507350.9920448143 3881251.95091761 40.0
507350.9920448143 3881251.95091761 40.0
507350.9738198901 3881251.939813107 40.0
507350.9738198901 3881251.939813107 40.0
507350.9738198901 3881251.939813107 40.0
507350.9738198901 3881251.939813107 40.0
507350.9738198901 3881251.939813107 40.0
507350.97382885794 3881251.9287233464 40.0
507350.97382885794 3881251.9287233464 40.0
507350.96471191425 3881251.9287159736 40.0
507350.96471191425 3881251.9287159736 40.0
507350.96472088207 3881251.9176262147 40.0
507350.9556129015 3881251.906529084 40.0
507350.9556129015 3881251.906529084 40.0
507350.9556129015 3881251.906529084 40.0
507350.9556129015 3881251.906529084 40.0
507350.9556129015 3881251.906529084 40.0
507350.9465049233 3881251.8954319526 40.0
507350.9465049233 3881251.8954319526 40.0
507350.9465049233 3881251.8954319526 40.0
507350.9465049233 3881251.8954319526 40.0
507350.9373879772 3881251.89542458 40.0
507350.9373879772 3881251.89542458 40.0
507350.93739694497 3881251.8843348217 40.0
507350.92827999895 3881251.8843274494 40.0
507350.92827999895 3881251.8843274494 40.0
507350.92827999895 3881251.8843274494 40.0
507350.9282889667 3881251.87323769 40.0
507350.9282889667 3881251.87323769 40.0
507350.9282889667 3881251.87323769 40.0
507350.9282889667 3881251.87323769 40.0
507350.9191809884 3881251.862140558 40.0
507350.9191809884 3881251.862140558 40.0
507350.9191809884 3881251.862140558 40.0
507350.9191809884 3881251.862140558 40.0
507350.9191809884 3881251.862140558 40.0
507350.9191809884 3881251.862140558 40.0
507350.9100730077 3881251.851043425 40.0
507350.9100730077 3881251.851043425 40.0
507350.9100730077 3881251.851043425 40.0
507350.9100730077 3881251.851043425 40.0
507350.9009650294 3881251.8399462947 40.0
507350.9009650294 3881251.8399462947 40.0
507350.9009650294 3881251.8399462947 40.0
507350.9009650294 3881251.8399462947 40.0
507350.9009650294 3881251.8399462947 40.0
507350.9009650294 3881251.8399462947 40.0
507350.89185705327 3881251.8288491624 40.0
507350.8827490749 3881251.8177520325 40.0
507350.89185705327 3881251.8288491624 40.0
507350.8827490749 3881251.8177520325 40.0
507350.864524148 3881251.8066475275 40.0
507350.864524148 3881251.8066475275 40.0
507350.84629922337 3881251.7955430243 40.0
507350.8189663202 3881251.773341389 40.0
507350.8189663202 3881251.773341389 40.0
507350.7916334169 3881251.7511397544 40.0
507350.7916334169 3881251.7511397544 40.0
507350.7916334169 3881251.7511397544 40.0
507350.7551835649 3881251.7289307453 40.0
507350.70962573634 3881251.6956246076 40.0
507350.70962573634 3881251.6956246076 40.0
507350.70962573634 3881251.6956246076 40.0
507350.66406790743 3881251.66231847 40.0
507350.66406790743 3881251.66231847 40.0
507350.6093931296 3881251.62900496 40.0
507350.6093931296 3881251.62900496 40.0
507350.5547183513 3881251.59569145 40.0
507350.50004357495 3881251.56237794 40.0
507350.5547183513 3881251.59569145 40.0
507350.4362608189 3881251.5179672996 40.0
507350.4362608189 3881251.5179672996 40.0
507350.4362608189 3881251.5179672996 40.0
507350.36336111353 3881251.4735492887 40.0
507350.36336111353 3881251.4735492887 40.0
507350.2904614074 3881251.4291312783 40.0
507350.2084537209 3881251.373616137 40.0
507350.2084537209 3881251.373616137 40.0
507350.2084537209 3881251.373616137 40.0
507350.11732908676 3881251.3180936235 40.0
507350.0353213982 3881251.262578485 40.0
507350.0353213982 3881251.262578485 40.0
507349.9441967619 3881251.207055973 40.0
507349.9441967619 3881251.207055973 40.0
507349.9441967619 3881251.207055973 40.0
507349.8530721268 3881251.1515334644 40.0
507349.7619564546 3881251.0849211966 40.0
507349.7619564546 3881251.0849211966 40.0
507349.7619564546 3881251.0849211966 40.0
507349.6617238342 3881251.01830156 40.0
507349.6617238342 3881251.01830156 40.0
507349.54325731826 3881250.951667181 40.0
507349.54325731826 3881250.951667181 40.0
507349.43391671596 3881250.8739504144 40.0
507349.43391671596 3881250.8739504144 40.0
507349.3245671413 3881250.8073234092 40.0
507349.2061095859 3881250.729599277 40.0
507349.2061095859 3881250.729599277 40.0
507349.2061095859 3881250.729599277 40.0
507349.08764306287 3881250.6629649037 40.0
507349.08764306287 3881250.6629649037 40.0
507348.9600685562 3881250.585233403 40.0
507348.9600685562 3881250.585233403 40.0
507348.8416109947 3881250.507509274 40.0
507348.71402751637 3881250.4408675353 40.0
507348.71402751637 3881250.4408675353 40.0
507348.71402751637 3881250.4408675353 40.0
507348.58646196825 3881250.3520462797 40.0
507348.58646196825 3881250.3520462797 40.0
507348.4497794699 3881250.263217658 40.0
507348.2948541066 3881250.185464057 40.0
507348.2948541066 3881250.185464057 40.0
507348.158171603 3881250.096635438 40.0
507348.158171603 3881250.096635438 40.0
507348.0214890967 3881250.007806822 40.0
507348.158171603 3881250.096635438 40.0
507348.0214890967 3881250.007806822 40.0
507347.8756896397 3881249.9189708377 40.0
507347.8756896397 3881249.9189708377 40.0
507347.73900712794 3881249.830142227 40.0
507347.58409071487 3881249.741298879 40.0
507347.58409071487 3881249.741298879 40.0
507347.4291832645 3881249.641365773 40.0
507347.4291832645 3881249.641365773 40.0
507347.4291832645 3881249.641365773 40.0
507347.2742758084 3881249.5414326712 40.0
507347.1102514005 3881249.4414922036 40.0
507347.2742758084 3881249.5414326712 40.0
507347.1102514005 3881249.4414922036 40.0
507346.95534393983 3881249.3415591074 40.0
507346.95534393983 3881249.3415591074 40.0
507346.80042751075 3881249.252715773 40.0
507346.80042751075 3881249.252715773 40.0
507346.63640309474 3881249.1527753132 40.0
507346.63640309474 3881249.1527753132 40.0
507346.4632706885 3881249.0417377297 40.0
507346.2901382757 3881248.930700151 40.0
507346.2901382757 3881248.930700151 40.0
507346.2901382757 3881248.930700151 40.0
507346.117005861 3881248.8196625737 40.0
507346.117005861 3881248.8196625737 40.0
507345.9438644781 3881248.71971476 40.0
507345.7707320552 3881248.6086771893 40.0
507345.9438644781 3881248.71971476 40.0
507345.7707320552 3881248.6086771893 40.0
507345.5975996257 3881248.497639623 40.0
507345.42445823096 3881248.397691819 40.0
507345.5975996257 3881248.497639623 40.0
507345.42445823096 3881248.397691819 40.0
507345.2513257956 3881248.286654258 40.0
507345.07818439306 3881248.1867064615 40.0
507345.07818439306 3881248.1867064615 40.0
507345.07818439306 3881248.1867064615 40.0
507344.89593499724 3881248.075661541 40.0
507344.71368559694 3881247.9646166246 40.0
507344.71368559694 3881247.9646166246 40.0
507344.71368559694 3881247.9646166246 40.0
507344.5405531423 3881247.853579077 40.0
507344.5405531423 3881247.853579077 40.0
507344.3583037356 3881247.7425341704 40.0
507344.3583037356 3881247.7425341704 40.0
507344.1760543221 3881247.6314892657 40.0
507344.1760543221 3881247.6314892657 40.0
507344.0029218569 3881247.5204517283 40.0
507344.0029218569 3881247.5204517283 40.0
507343.82978042605 3881247.4205039553 40.0
507343.82978042605 3881247.4205039553 40.0
507343.6475309997 3881247.3094590604 40.0
507343.6475309997 3881247.3094590604 40.0
507343.44704766735 3881247.1983994395 40.0
507343.44704766735 3881247.1983994395 40.0
507343.26479823416 3881247.0873545525 40.0
507343.26479823416 3881247.0873545525 40.0
507343.09166574513 3881246.9763170346 40.0
507343.09166574513 3881246.9763170346 40.0
507342.9002993521 3881246.8652647906 40.0
507342.9002993521 3881246.8652647906 40.0
507342.70893294975 3881246.754212551 40.0
507342.70893294975 3881246.754212551 40.0
507342.53579149244 3881246.6542648007 40.0
507342.53579149244 3881246.6542648007 40.0
507342.3444250835 3881246.54321257 40.0
507342.3444250835 3881246.54321257 40.0
507342.16218458075 3881246.421077946 40.0
507341.9708181624 3881246.3100257213 40.0
507341.9708181624 3881246.3100257213 40.0
507341.9708181624 3881246.3100257213 40.0
507341.7794606959 3881246.1878837417 40.0
507341.5880853139 3881246.087921286 40.0
507341.5880853139 3881246.087921286 40.0
507341.5880853139 3881246.087921286 40.0
507341.3967278353 3881245.965779313 40.0
507341.2053614003 3881245.8547271057 40.0
507341.3967278353 3881245.965779313 40.0
507341.2053614003 3881245.8547271057 40.0
507341.01400391397 3881245.732585142 40.0
507341.01400391397 3881245.732585142 40.0
507340.8226374671 3881245.621532944 40.0
507340.6221630206 3881245.4993836256 40.0
507340.6221630206 3881245.4993836256 40.0
507340.6221630206 3881245.4993836256 40.0
507340.42169752135 3881245.3661445538 40.0
507340.2029891561 3881245.2439805223 40.0
507340.2029891561 3881245.2439805223 40.0
507339.9933977355 3881245.1218238585 40.0
507339.9933977355 3881245.1218238585 40.0
507339.7746983128 3881244.9885700783 40.0
507339.7746983128 3881244.9885700783 40.0
507339.7746983128 3881244.9885700783 40.0
507339.56510688295 3881244.8664134233 40.0
507339.3555154497 3881244.7442567735 40.0
507339.3555154497 3881244.7442567735 40.0
507339.3555154497 3881244.7442567735 40.0
507339.14592400857 3881244.622100128 40.0
507339.14592400857 3881244.622100128 40.0
507338.92721560836 3881244.499936127 40.0
507338.92721560836 3881244.499936127 40.0
507338.7176241558 3881244.377779492 40.0
507338.7176241558 3881244.377779492 40.0
507338.50803269766 3881244.255622862 40.0
507338.50803269766 3881244.255622862 40.0
507338.29844123154 3881244.1334662368 40.0
507338.29844123154 3881244.1334662368 40.0
507338.0888497645 3881244.0113096163 40.0
507338.0888497645 3881244.0113096163 40.0
507337.8701413354 3881243.8891456416 40.0
507337.8701413354 3881243.8891456416 40.0
507337.6605498546 3881243.766989032 40.0
507337.6605498546 3881243.766989032 40.0
507337.4509583682 3881243.6448324253 40.0
507337.4509583682 3881243.6448324253 40.0
507337.2413668762 3881243.5226758253 40.0
507337.2413668762 3881243.5226758253 40.0
507337.02266737475 3881243.389422112 40.0
507337.02266737475 3881243.389422112 40.0
507336.8039589164 3881243.267258161 40.0
507336.8039589164 3881243.267258161 40.0
507336.5761334974 3881243.14508686 40.0
507336.5761334974 3881243.14508686 40.0
507336.3483170222 3881243.0118258046 40.0
507336.1204915884 3881242.8896545144 40.0
507336.3483170222 3881243.0118258046 40.0
507336.1204915884 3881242.8896545144 40.0
507335.9017831059 3881242.767490587 40.0
507335.9017831059 3881242.767490587 40.0
507335.6830746176 3881242.6453266656 40.0
507335.6830746176 3881242.6453266656 40.0
507335.4643571745 3881242.534252507 40.0
507335.2456486747 3881242.412088595 40.0
507335.2456486747 3881242.412088595 40.0
507335.00870625774 3881242.289909977 40.0
507335.00870625774 3881242.289909977 40.0
507334.789997746 3881242.1677460764 40.0
507334.789997746 3881242.1677460764 40.0
507334.789997746 3881242.1677460764 40.0
507334.57128922833 3881242.045582181 40.0
507334.3617066083 3881241.9123358885 40.0
507334.3617066083 3881241.9123358885 40.0
507334.1429891315 3881241.8012617617 40.0
507334.1429891315 3881241.8012617617 40.0
507333.93339755264 3881241.679105238 40.0
507333.93339755264 3881241.679105238 40.0
507333.93339755264 3881241.679105238 40.0
507333.71468901174 3881241.5569413635 40.0
507333.71468901174 3881241.5569413635 40.0
507333.49598046497 3881241.4347774945 40.0
507333.49598046497 3881241.4347774945 40.0
507333.28637992276 3881241.3237107447 40.0
507333.28637992276 3881241.3237107447 40.0
507333.0767883237 3881241.2015542407 40.0
507333.0767883237 3881241.2015542407 40.0
507332.867187771 3881241.0904874997 40.0
507332.867187771 3881241.0904874997 40.0
507332.6575961586 3881240.9683310054 40.0
507332.6575961586 3881240.9683310054 40.0
507332.4388875835 3881240.846167161 40.0
507332.4388875835 3881240.846167161 40.0
507332.22928701254 3881240.735100436 40.0
507332.22928701254 3881240.735100436 40.0
507332.01969538344 3881240.612943956 40.0
507332.01969538344 3881240.612943956 40.0
507331.80097784684 3881240.501869886 40.0
507331.80097784684 3881240.501869886 40.0
507331.582269249 3881240.3797060633 40.0
507331.582269249 3881240.3797060633 40.0
507331.35444368765 3881240.2575348937 40.0
507331.35444368765 3881240.2575348937 40.0
507331.1266270637 3881240.1242739707 40.0
507330.89880149224 3881240.0021028114 40.0
507330.89880149224 3881240.0021028114 40.0
507330.89880149224 3881240.0021028114 40.0
507330.6618678949 3881239.8688345472 40.0
507330.6618678949 3881239.8688345472 40.0
507330.41581733467 3881239.735558938 40.0
507330.41581733467 3881239.735558938 40.0
507330.1788837233 3881239.6022906867 40.0
507330.1788837233 3881239.6022906867 40.0
507329.9237251325 3881239.45791798 40.0
507329.9237251325 3881239.45791798 40.0
507329.67767455033 3881239.324642391 40.0
507329.4316239611 3881239.1913668076 40.0
507329.4316239611 3881239.1913668076 40.0
507329.1855733622 3881239.058091231 40.0
507329.1855733622 3881239.058091231 40.0
507329.1855733622 3881239.058091231 40.0
507328.94863971754 3881238.924823013 40.0
507328.94863971754 3881238.924823013 40.0
507328.71170606586 3881238.7915548002 40.0
507328.71170606586 3881238.7915548002 40.0
507328.46565544803 3881238.658279243 40.0
507328.22871284233 3881238.5361008006 40.0
507328.22871284233 3881238.5361008006 40.0
507328.22871284233 3881238.5361008006 40.0
507327.9826622082 3881238.4028252573 40.0
507327.9826622082 3881238.4028252573 40.0
507327.7457285288 3881238.2695570705 40.0
507327.7457285288 3881238.2695570705 40.0
507327.50880378165 3881238.125199131 40.0
507327.26275312586 3881237.991923607 40.0
507327.26275312586 3881237.991923607 40.0
507327.02581942524 3881237.858655438 40.0
507327.26275312586 3881237.991923607 40.0
507327.02581942524 3881237.858655438 40.0
507326.77975981927 3881237.7364696856 40.0
507326.77975981927 3881237.7364696856 40.0
507326.5428261049 3881237.603201531 40.0
507326.30589238135 3881237.469933381 40.0
507326.5428261049 3881237.603201531 40.0
507326.30589238135 3881237.469933381 40.0
507326.06895865314 3881237.336665237 40.0
507326.06895865314 3881237.336665237 40.0
507325.8320249203 3881237.2033971 40.0
507325.5950911759 3881237.070128969 40.0
507325.5950911759 3881237.070128969 40.0
507325.5950911759 3881237.070128969 40.0
507325.3490404659 3881236.9368534964 40.0
507325.3490404659 3881236.9368534964 40.0
507325.1212236686 3881236.803592725 40.0
507325.1212236686 3881236.803592725 40.0
507324.8751818827 3881236.6592275063 40.0
507324.8751818827 3881236.6592275063 40.0
507324.63824811013 3881236.5259594005 40.0
507324.63824811013 3881236.5259594005 40.0
507324.4013143329 3881236.392691301 40.0
507324.15526358713 3881236.2594158608 40.0
507324.4013143329 3881236.392691301 40.0
507324.15526358713 3881236.2594158608 40.0
507323.9183387307 3881236.115058015 40.0
507323.6814049299 3881235.9817899335 40.0
507323.6814049299 3881235.9817899335 40.0
507323.6814049299 3881235.9817899335 40.0
507323.43536309665 3881235.8374247565 40.0
507323.43536309665 3881235.8374247565 40.0
507323.1984292839 3881235.7041566875 40.0
507323.1984292839 3881235.7041566875 40.0
507322.96149546426 3881235.5708886264 40.0
507322.7154536061 3881235.4265234666 40.0
507322.7154536061 3881235.4265234666 40.0
507322.7154536061 3881235.4265234666 40.0
507322.47851977445 3881235.2932554167 40.0
507322.47851977445 3881235.2932554167 40.0
507322.23247790115 3881235.1488902722 40.0
507322.23247790115 3881235.1488902722 40.0
507321.98643602 3881235.0045251334 40.0
507321.98643602 3881235.0045251334 40.0
507321.74950216437 3881234.8712571017 40.0
507321.74950216437 3881234.8712571017 40.0
507321.512577236 3881234.7268993193 40.0
507321.512577236 3881234.7268993193 40.0
507321.2665264005 3881234.59362396 40.0
507321.2665264005 3881234.59362396 40.0
507321.02960145485 3881234.4492661892 40.0
507320.79266757076 3881234.315998184 40.0
507320.79266757076 3881234.315998184 40.0
507320.79266757076 3881234.315998184 40.0
507320.5466256443 3881234.1716330843 40.0
507320.3096917459 3881234.038365091 40.0
507320.3096917459 3881234.038365091 40.0
507320.0636408742 3881233.9050897635 40.0
507320.3096917459 3881234.038365091 40.0
507320.0636408742 3881233.9050897635 40.0
507319.8267158939 3881233.760732025 40.0
507319.8267158939 3881233.760732025 40.0
507319.58066500764 3881233.6274567093 40.0
507319.58066500764 3881233.6274567093 40.0
507319.3437400101 3881233.483098984 40.0
507319.3437400101 3881233.483098984 40.0
507319.10680607386 3881233.3498310223 40.0
507319.10680607386 3881233.3498310223 40.0
507318.86987213534 3881233.216563068 40.0
507318.86987213534 3881233.216563068 40.0
507318.6238301486 3881233.0721980208 40.0
507318.6238301486 3881233.0721980208 40.0
507318.38689619343 3881232.9389300784 40.0
507318.14996223367 3881232.8056621426 40.0
507318.14996223367 3881232.8056621426 40.0
507317.90392022446 3881232.6612971146 40.0
507317.90392022446 3881232.6612971146 40.0
507317.90392022446 3881232.6612971146 40.0
507317.6578692803 3881232.528021852 40.0
507317.6578692803 3881232.528021852 40.0
507317.4209352992 3881232.3947539353 40.0
507317.4209352992 3881232.3947539353 40.0
507317.184010233 3881232.250396268 40.0
507317.184010233 3881232.250396268 40.0
507316.9379592695 3881232.1171210255 40.0
507316.9379592695 3881232.1171210255 40.0
507316.7010341884 3881231.9727633675 40.0
507316.7010341884 3881231.9727633675 40.0
507316.4641001788 3881231.839495477 40.0
507316.4641001788 3881231.839495477 40.0
507316.2180581167 3881231.6951304944 40.0
507316.2180581167 3881231.6951304944 40.0
507315.98112409044 3881231.5618626154 40.0
507315.98112409044 3881231.5618626154 40.0
507315.74419897975 3881231.4175049835 40.0
507315.74419897975 3881231.4175049835 40.0
507315.498147975 3881231.28422978 40.0
507315.498147975 3881231.28422978 40.0
507315.26122284937 3881231.1398721607 40.0
507315.26122284937 3881231.1398721607 40.0
507315.02428879467 3881231.006604307 40.0
507314.7873547307 3881230.873336458 40.0
507315.02428879467 3881231.006604307 40.0
507314.7873547307 3881230.873336458 40.0
507314.5504206644 3881230.7400686173 40.0
507314.5504206644 3881230.7400686173 40.0
507314.3134865889 3881230.606800782 40.0
507314.07655250415 3881230.4735329524 40.0
507314.07655250415 3881230.4735329524 40.0
507313.83961841476 3881230.3402651297 40.0
507313.83961841476 3881230.3402651297 40.0
507313.83961841476 3881230.3402651297 40.0
507313.6118012861 3881230.2070046486 40.0
507313.36575021513 3881230.0737295025 40.0
507313.36575021513 3881230.0737295025 40.0
507313.1379330729 3881229.940469034 40.0
507313.1379330729 3881229.940469034 40.0
507313.1379330729 3881229.940469034 40.0
507312.910124843 3881229.7961188112 40.0
507312.910124843 3881229.7961188112 40.0
507312.6731907189 3881229.662851019 40.0
507312.44537355856 3881229.5295905676 40.0
507312.44537355856 3881229.5295905676 40.0
507312.44537355856 3881229.5295905676 40.0
507312.2175563893 3881229.396330119 40.0
507312.2175563893 3881229.396330119 40.0
507311.98062224226 3881229.263062346 40.0
507311.98062224226 3881229.263062346 40.0
507311.7619220283 3881229.1298092455 40.0
507311.53409591934 3881229.0076385746 40.0
507311.53409591934 3881229.0076385746 40.0
507311.30627872364 3881228.8743781503 40.0
507311.30627872364 3881228.8743781503 40.0
507311.30627872364 3881228.8743781503 40.0
507311.0784615189 3881228.741117733 40.0
507311.0784615189 3881228.741117733 40.0
507310.85064430983 3881228.607857321 40.0
507310.85064430983 3881228.607857321 40.0
507310.6228270941 3881228.4745969134 40.0
507310.4041268413 3881228.3413438443 40.0
507310.6228270941 3881228.4745969134 40.0
507310.4041268413 3881228.3413438443 40.0
507310.17630069674 3881228.219173209 40.0
507309.9484834614 3881228.08591282 40.0
507310.17630069674 3881228.219173209 40.0
507309.9484834614 3881228.08591282 40.0
507309.72978318704 3881227.952659767 40.0
507309.72978318704 3881227.952659767 40.0
507309.5019659385 3881227.8193993894 40.0
507309.5019659385 3881227.8193993894 40.0
507309.28326565353 3881227.6861463473 40.0
507309.28326565353 3881227.6861463473 40.0
507309.0645653621 3881227.5528933103 40.0
507309.0645653621 3881227.5528933103 40.0
507308.84586506436 3881227.419640281 40.0
507308.84586506436 3881227.419640281 40.0
507308.6271736763 3881227.275297495 40.0
507308.6271736763 3881227.275297495 40.0
507308.4084733654 3881227.142044475 40.0
507308.4084733654 3881227.142044475 40.0
507308.1897819637 3881226.997701701 40.0
507308.1897819637 3881226.997701701 40.0
507307.9710727245 3881226.8755384497 40.0
507307.7523813094 3881226.7311956873 40.0
507307.7523813094 3881226.7311956873 40.0
507307.7523813094 3881226.7311956873 40.0
507307.53368097264 3881226.597942687 40.0
507307.53368097264 3881226.597942687 40.0
507307.32409759867 3881226.464697023 40.0
507307.32409759867 3881226.464697023 40.0
507307.1053972493 3881226.3314440334 40.0
507307.1053972493 3881226.3314440334 40.0
507306.89582278143 3881226.187108619 40.0
507306.89582278143 3881226.187108619 40.0
507306.686239391 3881226.05386297 40.0
507306.686239391 3881226.05386297 40.0
507306.4766649078 3881225.909527565 40.0
507306.4766649078 3881225.909527565 40.0
507306.2670815048 3881225.7762819235 40.0
507306.2670815048 3881225.7762819235 40.0
507306.0575070086 3881225.6319465293 40.0
507305.84792359534 3881225.4987008986 40.0
507306.0575070086 3881225.6319465293 40.0
507305.84792359534 3881225.4987008986 40.0
507305.6474660564 3881225.354372842 40.0
507305.4470085133 3881225.2100447877 40.0
507305.6474660564 3881225.354372842 40.0
507305.4470085133 3881225.2100447877 40.0
507305.24654205434 3881225.0768064973 40.0
507305.0552014695 3881224.932485779 40.0
507305.0552014695 3881224.932485779 40.0
507305.0552014695 3881224.932485779 40.0
507304.8547439101 3881224.7881577387 40.0
507304.8547439101 3881224.7881577387 40.0
507304.6634033153 3881224.6438370296 40.0
507304.6634033153 3881224.6438370296 40.0
507304.4720716254 3881224.4884265657 40.0
507304.4720716254 3881224.4884265657 40.0
507304.28984799417 3881224.3441131893 40.0
507304.28984799417 3881224.3441131893 40.0
507304.10762435483 3881224.1997998175 40.0
507304.10762435483 3881224.1997998175 40.0
507303.9345265962 3881224.0444040145 40.0
507303.75231185305 3881223.8890008917 40.0
507303.75231185305 3881223.8890008917 40.0
507303.75231185305 3881223.8890008917 40.0
507303.57920517254 3881223.744694856 40.0
507303.40610739624 3881223.5892990646 40.0
507303.40610739624 3881223.5892990646 40.0
507303.2330007022 3881223.444993033 40.0
507303.2330007022 3881223.444993033 40.0
507303.2330007022 3881223.444993033 40.0
507303.06901988894 3881223.289604573 40.0
507303.06901988894 3881223.289604573 40.0
507302.9050390678 3881223.1342161153 40.0
507302.9050390678 3881223.1342161153 40.0
507302.741058241 3881222.9788276614 40.0
507302.741058241 3881222.9788276614 40.0
507302.586194386 3881222.8234465336 40.0
507302.586194386 3881222.8234465336 40.0
507302.4313305234 3881222.6680654087 40.0
507302.4313305234 3881222.6680654087 40.0
507302.2855836333 3881222.5126916096 40.0
507302.13071976026 3881222.3573104893 40.0
507302.2855836333 3881222.5126916096 40.0
507302.13071976026 3881222.3573104893 40.0
507301.98497286 3881222.2019366957 40.0
507301.98497286 3881222.2019366957 40.0
507301.8392259548 3881222.0465629045 40.0
507301.8392259548 3881222.0465629045 40.0
507301.70259601827 3881221.89119644 40.0
507301.70259601827 3881221.89119644 40.0
507301.5659749869 3881221.724740215 40.0
507301.5659749869 3881221.724740215 40.0
507301.4384620196 3881221.5693810764 40.0
507301.3200749316 3881221.4029395035 40.0
507301.3200749316 3881221.4029395035 40.0
507301.3200749316 3881221.4029395035 40.0
507301.19256195554 3881221.247580368 40.0
507301.08329183573 3881221.081146121 40.0
507301.19256195554 3881221.247580368 40.0
507301.08329183573 3881221.081146121 40.0
507300.9557877555 3881220.9146972303 40.0
507300.9557877555 3881220.9146972303 40.0
507300.84651762963 3881220.7482629865 40.0
507300.84651762963 3881220.7482629865 40.0
507300.72813051776 3881220.58182142 40.0
507300.62797736126 3881220.415394501 40.0
507300.62797736126 3881220.415394501 40.0
507300.62797736126 3881220.415394501 40.0
507300.5278331049 3881220.237877824 40.0
507300.5278331049 3881220.237877824 40.0
507300.44591389433 3881220.0714655495 40.0
507300.44591389433 3881220.0714655495 40.0
507300.3640035891 3881219.8939635176 40.0
507300.2729763001 3881219.7164541655 40.0
507300.2729763001 3881219.7164541655 40.0
507300.1819490075 3881219.538944814 40.0
507300.1819490075 3881219.538944814 40.0
507300.10002978425 3881219.3725325423 40.0
507300.10002978425 3881219.3725325423 40.0
507300.0181194636 3881219.1950305155 40.0
507300.0181194636 3881219.1950305155 40.0
507299.9635600788 3881219.017550451 40.0
507299.9635600788 3881219.017550451 40.0
507299.9635600788 3881219.017550451 40.0
507299.90900068963 3881218.8400703873 40.0
507299.90900068963 3881218.8400703873 40.0
507299.8453332266 3881218.6514932443 40.0
507299.8453332266 3881218.6514932443 40.0
507299.7907738329 3881218.4740131823 40.0
507299.7907738329 3881218.4740131823 40.0
507299.72709745733 3881218.2965257983 40.0
507299.72709745733 3881218.2965257983 40.0
507299.67255587166 3881218.09686622 40.0
507299.67255587166 3881218.09686622 40.0
507299.6179964735 3881217.919386159 40.0
507299.6179964735 3881217.919386159 40.0
507299.56344597356 3881217.7308163387 40.0
507299.56344597356 3881217.7308163387 40.0
507299.508895476 3881217.5422465205 40.0
507299.508895476 3881217.5422465205 40.0
507299.4816959202 3881217.353698664 40.0
507299.4816959202 3881217.353698664 40.0
507299.4362623948 3881217.165136166 40.0
507299.4362623948 3881217.165136166 40.0
507299.3999547602 3881216.96549123 40.0
507299.3636471194 3881216.765846296 40.0
507299.3999547602 3881216.96549123 40.0
507299.3182224979 3881216.5661940402 40.0
507299.3182224979 3881216.5661940402 40.0
507299.3182224979 3881216.5661940402 40.0
507299.2819237583 3881216.3554593474 40.0
507299.2819237583 3881216.3554593474 40.0
507299.2547330965 3881216.1558217327 40.0
507299.2275513381 3881215.945094361 40.0
507299.2275513381 3881215.945094361 40.0
507299.2275513381 3881215.945094361 40.0
507299.2094954628 3881215.7232845514 40.0
507299.2094954628 3881215.7232845514 40.0
507299.1914306868 3881215.5125645 40.0
507299.18248289026 3881215.301851768 40.0
507299.18248289026 3881215.301851768 40.0
507299.18248289026 3881215.301851768 40.0
507299.173535091 3881215.091139037 40.0
507299.173535091 3881215.091139037 40.0
507299.16459619807 3881214.8693365483 40.0
507299.16459619807 3881214.8693365483 40.0
507299.15565730474 3881214.647534059 40.0
507299.15565730474 3881214.647534059 40.0
507299.16494347353 3881214.4368359717 40.0
507299.16494347353 3881214.4368359717 40.0
507299.18334662874 3881214.226145201 40.0
507299.18334662874 3881214.226145201 40.0
507299.2017586847 3881214.0043646735 40.0
507299.2017586847 3881214.0043646735 40.0
507299.2201707439 3881213.782584146 40.0
507299.2476908861 3881213.5719006974 40.0
507299.2201707439 3881213.782584146 40.0
507299.2476908861 3881213.5719006974 40.0
507299.27521993185 3881213.3501274916 40.0
507299.27521993185 3881213.3501274916 40.0
507299.29362308944 3881213.1394367237 40.0
507299.29362308944 3881213.1394367237 40.0
507299.3211432352 3881212.928753276 40.0
507299.3211432352 3881212.928753276 40.0
507299.35778926994 3881212.706987389 40.0
507299.35778926994 3881212.706987389 40.0
507299.39442640165 3881212.496311263 40.0
507299.44930641353 3881212.27456002 40.0
507299.39442640165 3881212.496311263 40.0
507299.44930641353 3881212.27456002 40.0
507299.5041864258 3881212.052808776 40.0
507299.5041864258 3881212.052808776 40.0
507299.559066443 3881211.8310575318 40.0
507299.559066443 3881211.8310575318 40.0
507299.6139464606 3881211.609306292 40.0
507299.6139464606 3881211.609306292 40.0
507299.67795237486 3881211.3764726124 40.0
507299.73283239803 3881211.1547213695 40.0
507299.67795237486 3881211.3764726124 40.0
507299.73283239803 3881211.1547213695 40.0
507299.78772132914 3881210.9218803714 40.0
507299.8699612272 3881210.6890613353 40.0
507299.8699612272 3881210.6890613353 40.0
507299.8699612272 3881210.6890613353 40.0
507299.94308414194 3881210.45623498 40.0
507299.94308414194 3881210.45623498 40.0
507300.01620706037 3881210.223408625 40.0
507300.09845587384 3881209.979499833 40.0
507300.01620706037 3881210.223408625 40.0
507300.09845587384 3881209.979499833 40.0
507300.1898127789 3881209.746688121 40.0
507300.1898127789 3881209.746688121 40.0
507300.2629446128 3881209.5027720104 40.0
507300.2629446128 3881209.5027720104 40.0
507300.3360675471 3881209.2699456564 40.0
507300.3360675471 3881209.2699456564 40.0
507300.418307474 3881209.0371266278 40.0
507300.418307474 3881209.0371266278 40.0
507300.50967330043 3881208.793225162 40.0
507300.50967330043 3881208.793225162 40.0
507300.6010391294 3881208.549323697 40.0
507300.6010391294 3881208.549323697 40.0
507300.69241387193 3881208.2943324754 40.0
507300.69241387193 3881208.2943324754 40.0
507300.7837797131 3881208.0504310117 40.0
507300.8751544657 3881207.7954397923 40.0
507300.8751544657 3881207.7954397923 40.0
507300.8751544657 3881207.7954397923 40.0
507300.957412233 3881207.540441251 40.0
507301.0396610958 3881207.296532469 40.0
507301.0396610958 3881207.296532469 40.0
507301.0396610958 3881207.296532469 40.0
507301.1401528541 3881207.0415485734 40.0
507301.1401528541 3881207.0415485734 40.0
507301.24976161146 3881206.7865720023 40.0
507301.3593614632 3881206.542685192 40.0
507301.3593614632 3881206.542685192 40.0
507301.3593614632 3881206.542685192 40.0
507301.46897023276 3881206.287708622 40.0
507301.56034501985 3881206.0327174105 40.0
507301.56034501985 3881206.0327174105 40.0
507301.56034501985 3881206.0327174105 40.0
507301.66994489124 3881205.788830603 40.0
507301.7704366837 3881205.5338467155 40.0
507301.66994489124 3881205.788830603 40.0
507301.87092848186 3881205.2788628293 40.0
507301.7704366837 3881205.5338467155 40.0
507301.87092848186 3881205.2788628293 40.0
507301.9896453636 3881205.034983349 40.0
507301.9896453636 3881205.034983349 40.0
507302.09925416653 3881204.7800067896 40.0
507302.09925416653 3881204.7800067896 40.0
507302.2271058708 3881204.5139551195 40.0
507302.3458316827 3881204.2589858854 40.0
507302.2271058708 3881204.5139551195 40.0
507302.3458316827 3881204.2589858854 40.0
507302.4736744929 3881204.0040239776 40.0
507302.4736744929 3881204.0040239776 40.0
507302.60151731025 3881203.7490620706 40.0
507302.60151731025 3881203.7490620706 40.0
507302.7111350546 3881203.48299576 40.0
507302.8389778859 3881203.228033859 40.0
507302.8389778859 3881203.228033859 40.0
507302.9577126384 3881202.9619748746 40.0
507302.9577126384 3881202.9619748746 40.0
507302.9577126384 3881202.9619748746 40.0
507303.0946813885 3881202.695930542 40.0
507303.2225331533 3881202.4298788877 40.0
507303.2225331533 3881202.4298788877 40.0
507303.3595019191 3881202.163834558 40.0
507303.3595019191 3881202.163834558 40.0
507303.3595019191 3881202.163834558 40.0
507303.4873447871 3881201.9088726644 40.0
507303.4873447871 3881201.9088726644 40.0
507303.6151876622 3881201.653910773 40.0
507303.6151876622 3881201.653910773 40.0
507303.73391355015 3881201.3989415593 40.0
507303.73391355015 3881201.3989415593 40.0
507303.8708823464 3881201.1328972382 40.0
507303.8708823464 3881201.1328972382 40.0
507303.98960824363 3881200.8779280274 40.0
507303.98960824363 3881200.8779280274 40.0
507304.1174600578 3881200.611876385 40.0
507304.1174600578 3881200.611876385 40.0
507304.24530297105 3881200.3569145026 40.0
507304.24530297105 3881200.3569145026 40.0
507304.364037802 3881200.090855539 40.0
507304.364037802 3881200.090855539 40.0
507304.4918807271 3881199.8358936617 40.0
507304.4918807271 3881199.8358936617 40.0
507304.6106155744 3881199.569834701 40.0
507304.6106155744 3881199.569834701 40.0
507304.7293415127 3881199.3148655 40.0
507304.7293415127 3881199.3148655 40.0
507304.84806746227 3881199.0598963015 40.0
507304.84806746227 3881199.0598963015 40.0
507304.9668023277 3881198.7938373457 40.0
507305.0946452879 3881198.538875475 40.0
507305.0946452879 3881198.538875475 40.0
507305.0946452879 3881198.538875475 40.0
507305.22249716707 3881198.2728238497 40.0
507305.35034014407 3881198.0178619847 40.0
507305.22249716707 3881198.2728238497 40.0
507305.35034014407 3881198.0178619847 40.0
507305.47819203796 3881197.7518103616 40.0
507305.47819203796 3881197.7518103616 40.0
507305.59692693653 3881197.485751415 40.0
507305.59692693653 3881197.485751415 40.0
507305.7247788475 3881197.2196997977 40.0
507305.7247788475 3881197.2196997977 40.0
507305.8343967614 3881196.953633526 40.0
507305.8343967614 3881196.953633526 40.0
507305.96225759713 3881196.6764921537 40.0
507306.08100143896 3881196.399343455 40.0
507306.08100143896 3881196.399343455 40.0
507306.08100143896 3881196.399343455 40.0
507306.19974528806 3881196.1221947595 40.0
507306.19974528806 3881196.1221947595 40.0
507306.32759723335 3881195.85614315 40.0
507306.32759723335 3881195.85614315 40.0
507306.4645751019 3881195.5790091115 40.0
507306.4645751019 3881195.5790091115 40.0
507306.5924359784 3881195.301867747 40.0
507306.5924359784 3881195.301867747 40.0
507306.7111709437 3881195.035808816 40.0
507306.82991482737 3881194.7586601283 40.0
507306.82991482737 3881194.7586601283 40.0
507306.82991482737 3881194.7586601283 40.0
507306.9577668125 3881194.492608529 40.0
507307.0856277169 3881194.215467172 40.0
507307.0856277169 3881194.215467172 40.0
507307.0856277169 3881194.215467172 40.0
507307.21348862903 3881193.9383258186 40.0
507307.21348862903 3881193.9383258186 40.0
507307.3413406369 3881193.672274224 40.0
507307.4600845598 3881193.395125545 40.0
507307.3413406369 3881193.672274224 40.0
507307.4600845598 3881193.395125545 40.0
507307.58794549486 3881193.1179841957 40.0
507307.58794549486 3881193.1179841957 40.0
507307.7066805176 3881192.8519252795 40.0
507307.7066805176 3881192.8519252795 40.0
507307.8254244623 3881192.5747766034 40.0
507307.95328541996 3881192.29763526 40.0
507307.8254244623 3881192.5747766034 40.0
507307.95328541996 3881192.29763526 40.0
507308.07202938164 3881192.0204865905 40.0
507308.1998903546 3881191.7433452504 40.0
507308.07202938164 3881192.0204865905 40.0
507308.3186343264 3881191.466196583 40.0
507308.3186343264 3881191.466196583 40.0
507308.44649531454 3881191.1890552468 40.0
507308.3186343264 3881191.466196583 40.0
507308.44649531454 3881191.1890552468 40.0
507308.5652482216 3881190.9008168257 40.0
507308.68400113384 3881190.6125784046 40.0
507308.68400113384 3881190.6125784046 40.0
507308.8118710636 3881190.324347316 40.0
507308.8118710636 3881190.324347316 40.0
507308.9306239888 3881190.0361089003 40.0
507308.9306239888 3881190.0361089003 40.0
507308.9306239888 3881190.0361089003 40.0
507309.0493769238 3881189.747870484 40.0
507309.1590039435 3881189.470714499 40.0
507309.0493769238 3881189.747870484 40.0
507309.2868917355 3881189.1603039014 40.0
507309.2868917355 3881189.1603039014 40.0
507309.2868917355 3881189.1603039014 40.0
507309.3965366009 3881188.860968403 40.0
507309.3965366009 3881188.860968403 40.0
507309.5061814735 3881188.5616329047 40.0
507309.5061814735 3881188.5616329047 40.0
507309.6067182607 3881188.25120032 40.0
507309.6067182607 3881188.25120032 40.0
507309.71636314515 3881187.9518648246 40.0
507309.71636314515 3881187.9518648246 40.0
507309.82600804145 3881187.652529332 40.0
507309.82600804145 3881187.652529332 40.0
507309.9083108281 3881187.3420820883 40.0
507309.9997217113 3881187.042731935 40.0
507309.9083108281 3881187.3420820883 40.0
507309.9997217113 3881187.042731935 40.0
507310.09114152065 3881186.7322920254 40.0
507310.09114152065 3881186.7322920254 40.0
507310.1734532424 3881186.4107550266 40.0
507310.1734532424 3881186.4107550266 40.0
507310.255756052 3881186.100307787 40.0
507310.255756052 3881186.100307787 40.0
507310.32894185255 3881185.7898532185 40.0
507310.32894185255 3881185.7898532185 40.0
507310.4935207444 3881185.202228016 40.0
507310.54848145216 3881184.8806690266 40.0
507310.54848145216 3881184.8806690266 40.0
507310.54848145216 3881184.8806690266 40.0
507310.61256809795 3881184.5480276104 40.0
507310.61256809795 3881184.5480276104 40.0
507310.65842963685 3881184.204281774 40.0
507310.65842963685 3881184.204281774 40.0
507310.69516524876 3881183.871618364 40.0
507310.69516524876 3881183.871618364 40.0
507310.7319097796 3881183.5278651966 40.0
507310.7319097796 3881183.5278651966 40.0
507310.76864539454 3881183.1952017862 40.0
507310.76864539454 3881183.1952017862 40.0
507310.7962729179 3881182.851441287 40.0
507310.7962729179 3881182.851441287 40.0
507310.82390044094 3881182.5076807886 40.0
507310.82390044094 3881182.5076807886 40.0
507310.8150777396 3881182.141711445 40.0
507310.8150777396 3881182.141711445 40.0
507310.7880299235 3881181.7646376803 40.0
507310.7880299235 3881181.7646376803 40.0
507310.7974055789 3881181.4430420343 40.0
507310.7974055789 3881181.4430420343 40.0
507310.82501526887 3881181.121461052 40.0
507310.82501526887 3881181.121461052 40.0
507310.8070755464 3881180.755484376 40.0
507310.80733418575 3881180.4338813983 40.0
507310.80733418575 3881180.4338813983 40.0
507310.80733418575 3881180.4338813983 40.0
507310.7984668909 3881180.1233608467 40.0
507310.7984668909 3881180.1233608467 40.0
507310.78050041187 3881179.7906534458 40.0
507310.7534169106 3881179.4579387144 40.0
507310.7534169106 3881179.4579387144 40.0
507310.7534169106 3881179.4579387144 40.0
507310.71721639065 3881179.12521665 40.0
507310.71721639065 3881179.12521665 40.0
507310.6810158657 3881178.7924945867 40.0
507310.6448153427 3881178.4597725235 40.0
507310.6448153427 3881178.4597725235 40.0
507310.6448153427 3881178.4597725235 40.0
507310.60860589397 3881178.13814022 40.0
507310.60860589397 3881178.13814022 40.0
507310.5997475058 3881177.816529911 40.0
507310.5997475058 3881177.816529911 40.0
507310.5635380552 3881177.494897606 40.0
507310.5635380552 3881177.494897606 40.0
507310.5273196814 3881177.1843550596 40.0
507310.5273196814 3881177.1843550596 40.0
507310.4819753681 3881176.884894939 40.0
507310.4819753681 3881176.884894939 40.0
507310.4457391527 3881176.596531909 40.0
507310.4003948337 3881176.2970717913 40.0
507310.4457391527 3881176.596531909 40.0
507310.3641586134 3881176.00870876 40.0
507310.4003948337 3881176.2970717913 40.0
507310.3641586134 3881176.00870876 40.0
507310.31881428865 3881175.709248642 40.0
507310.27346104296 3881175.420878282 40.0
507310.27346104296 3881175.420878282 40.0
507310.27346104296 3881175.420878282 40.0
507310.2372337329 3881175.121425495 40.0
507310.2372337329 3881175.121425495 40.0
507310.1918983173 3881174.8108756193 40.0
507310.14654506074 3881174.52250526 40.0
507310.14654506074 3881174.52250526 40.0
507310.1011918035 3881174.234134902 40.0
507310.14654506074 3881174.52250526 40.0
507310.1011918035 3881174.234134902 40.0
507310.0649555676 3881173.9457718744 40.0
507310.0649555676 3881173.9457718744 40.0
507310.0196023026 3881173.657401515 40.0
507310.0196023026 3881173.657401515 40.0
507309.9742401194 3881173.380120915 40.0
507309.9379949561 3881173.102847648 40.0
507309.9379949561 3881173.102847648 40.0
507309.9017497929 3881172.825574379 40.0
507309.9379949561 3881173.102847648 40.0
507309.9017497929 3881172.825574379 40.0
507309.86550462747 3881172.548301111 40.0
507309.86550462747 3881172.548301111 40.0
507309.82925945974 3881172.2710278416 40.0
507309.7838972614 3881171.993747244 40.0
507309.7838972614 3881171.993747244 40.0
507309.747652089 3881171.716473976 40.0
507309.747652089 3881171.716473976 40.0
507309.747652089 3881171.716473976 40.0
507309.7113979947 3881171.4502904676 40.0
507309.66602687375 3881171.1840996267 40.0
507309.66602687375 3881171.1840996267 40.0
507309.66602687375 3881171.1840996267 40.0
507309.6388987193 3881170.9068336906 40.0
507309.6388987193 3881170.9068336906 40.0
507309.5935275934 3881170.6406428507 40.0
507309.5935275934 3881170.6406428507 40.0
507309.5481564649 3881170.374452012 40.0
507309.5481564649 3881170.374452012 40.0
507309.50278533134 3881170.1082611727 40.0
507309.50278533134 3881170.1082611727 40.0
507309.4574141974 3881169.842070334 40.0
507309.4574141974 3881169.842070334 40.0
507309.4120430608 3881169.575879497 40.0
507309.4120430608 3881169.575879497 40.0
507309.3666719192 3881169.309688659 40.0
507309.3666719192 3881169.309688659 40.0
507309.32130077726 3881169.0434978222 40.0
507309.32130077726 3881169.0434978222 40.0
507309.27592071355 3881168.788396742 40.0
507309.27592071355 3881168.788396742 40.0
507309.23055848293 3881168.5111161484 40.0
507309.23055848293 3881168.5111161484 40.0
507309.1760792197 3881168.2338282233 40.0
507309.1760792197 3881168.2338282233 40.0
507309.12159103184 3881167.967630057 40.0
507309.12159103184 3881167.967630057 40.0
507309.0762287923 3881167.690349464 40.0
507309.02174060297 3881167.424151298 40.0
507309.02174060297 3881167.424151298 40.0
507309.02174060297 3881167.424151298 40.0
507308.9763694413 3881167.1579604633 40.0
507308.9218812434 3881166.891762299 40.0
507308.9218812434 3881166.891762299 40.0
507308.9218812434 3881166.891762299 40.0
507308.86739304464 3881166.6255641333 40.0
507308.81291375647 3881166.3482762123 40.0
507308.81291375647 3881166.3482762123 40.0
507308.75841663516 3881166.093167806 40.0
507308.75841663516 3881166.093167806 40.0
507308.75841663516 3881166.093167806 40.0
507308.7039284244 3881165.826969643 40.0
507308.7039284244 3881165.826969643 40.0
507308.6403231779 3881165.5607641507 40.0
507308.6403231779 3881165.5607641507 40.0
507308.59494307975 3881165.3056630758 40.0
507308.59494307975 3881165.3056630758 40.0
507308.54044594365 3881165.0505546727 40.0
507308.48595772247 3881164.7843565107 40.0
507308.48595772247 3881164.7843565107 40.0
507308.48595772247 3881164.7843565107 40.0
507308.4223435466 3881164.529240778 40.0
507308.4223435466 3881164.529240778 40.0
507308.35872936936 3881164.2741250456 40.0
507308.35872936936 3881164.2741250456 40.0
507308.29511518625 3881164.019009313 40.0
507308.24061803624 3881163.7639009105 40.0
507308.24061803624 3881163.7639009105 40.0
507308.16788681387 3881163.5087778517 40.0
507308.16788681387 3881163.5087778517 40.0
507308.16788681387 3881163.5087778517 40.0
507308.10427261767 3881163.2536621215 40.0
507308.10427261767 3881163.2536621215 40.0
507308.0406584225 3881162.9985463917 40.0
507307.96791827097 3881162.75451309 40.0
507307.96791827097 3881162.75451309 40.0
507307.96791827097 3881162.75451309 40.0
507307.90430406615 3881162.499397363 40.0
507307.90430406615 3881162.499397363 40.0
507307.84068986 3881162.244281634 40.0
507307.84068986 3881162.244281634 40.0
507307.77706673543 3881162.0002556643 40.0
507307.72256064153 3881161.756237025 40.0
507307.77706673543 3881162.0002556643 40.0
507307.72256064153 3881161.756237025 40.0
507307.658946425 3881161.501121299 40.0
507307.59532328567 3881161.25709533 40.0
507307.658946425 3881161.501121299 40.0
507307.59532328567 3881161.25709533 40.0
507307.53170014755 3881161.013069363 40.0
507307.53170014755 3881161.013069363 40.0
507307.4772029578 3881160.757960966 40.0
507307.4772029578 3881160.757960966 40.0
507307.4226968483 3881160.5139423283 40.0
507307.4226968483 3881160.5139423283 40.0
507307.3681907381 3881160.269923691 40.0
507307.3681907381 3881160.269923691 40.0
507307.30456758454 3881160.0258977246 40.0
507307.30456758454 3881160.0258977246 40.0
507307.2591785066 3881159.781886417 40.0
507307.2591785066 3881159.781886417 40.0
507307.20467238524 3881159.537867781 40.0
507307.20467238524 3881159.537867781 40.0
507307.15016626334 3881159.2938491427 40.0
507307.15016626334 3881159.2938491427 40.0
507307.1138942143 3881159.0498451646 40.0
507307.1138942143 3881159.0498451646 40.0
507307.0685051262 3881158.8058338584 40.0
507307.0685051262 3881158.8058338584 40.0
507307.0231160334 3881158.561822551 40.0
507306.9868439803 3881158.3178185737 40.0
507307.0231160334 3881158.561822551 40.0
507306.9868439803 3881158.3178185737 40.0
507306.9505719252 3881158.073814596 40.0
507306.9505719252 3881158.073814596 40.0
507306.91429986816 3881157.8298106184 40.0
507306.91429986816 3881157.8298106184 40.0
507306.8871537611 3881157.5747242114 40.0
507306.8871537611 3881157.5747242114 40.0
507306.85089061403 3881157.3196304766 40.0
507306.85089061403 3881157.3196304766 40.0
507306.8419696744 3881157.075648484 40.0
507306.8419696744 3881157.075648484 40.0
507306.81481464935 3881156.8316518357 40.0
507306.79678558034 3881156.5765727567 40.0
507306.79678558034 3881156.5765727567 40.0
507306.79678558034 3881156.5765727567 40.0
507306.778747599 3881156.332583436 40.0
507306.778747599 3881156.332583436 40.0
507306.77894369845 3881156.0886087716 40.0
507306.7700227533 3881155.8446267806 40.0
507306.7700227533 3881155.8446267806 40.0
507306.7793358973 3881155.6006594445 40.0
507306.7793358973 3881155.6006594445 40.0
507306.7795319967 3881155.3566847807 40.0
507306.7795319967 3881155.3566847807 40.0
507306.7979621799 3881155.1127247713 40.0
507306.7979621799 3881155.1127247713 40.0
507306.7979621799 3881155.1127247713 40.0
507306.8072664094 3881154.879847194 40.0
507306.81657955307 3881154.635879857 40.0
507306.8072664094 3881154.879847194 40.0
507306.844126787 3881154.391927178 40.0
507306.81657955307 3881154.635879857 40.0
507306.844126787 3881154.391927178 40.0
507306.8625480601 3881154.1590569285 40.0
507306.8625480601 3881154.1590569285 40.0
507306.90832047135 3881153.9262086623 40.0
507306.90832047135 3881153.9262086623 40.0
507306.9449758382 3881153.6933530685 40.0
507306.99074825394 3881153.460504804 40.0
507306.99074825394 3881153.460504804 40.0
507307.0273947108 3881153.238738968 40.0
507307.0273947108 3881153.238738968 40.0
507307.0731582169 3881153.016980462 40.0
507307.0273947108 3881153.238738968 40.0
507307.11893063696 3881152.784132198 40.0
507307.11893063696 3881152.784132198 40.0
507307.11893063696 3881152.784132198 40.0
507307.16468523117 3881152.5734634483 40.0
507307.16468523117 3881152.5734634483 40.0
507307.21044874395 3881152.351704941 40.0
507307.21044874395 3881152.351704941 40.0
507307.2744374368 3881152.141050852 40.0
507307.2744374368 3881152.141050852 40.0
507307.33842613024 3881151.9303967594 40.0
507307.33842613024 3881151.9303967594 40.0
507307.40241482895 3881151.719742669 40.0
507307.4663946139 3881151.520178337 40.0
507307.4663946139 3881151.520178337 40.0
507307.53038331843 3881151.3095242474 40.0
507307.4663946139 3881151.520178337 40.0
507307.53038331843 3881151.3095242474 40.0
507307.60348907067 3881151.0988774877 40.0
507307.6765948286 3881150.8882307275 40.0
507307.6765948286 3881150.8882307275 40.0
507307.6765948286 3881150.8882307275 40.0
507307.75879980787 3881150.699770813 40.0
507307.75879980787 3881150.699770813 40.0
507307.84102262027 3881150.4891313845 40.0
507307.84102262027 3881150.4891313845 40.0
507307.93234465434 3881150.3006787985 40.0
507308.0145585592 3881150.1011291295 40.0
507308.0145585592 3881150.1011291295 40.0
507308.0145585592 3881150.1011291295 40.0
507308.10588060075 3881149.9126765477 40.0
507308.10588060075 3881149.9126765477 40.0
507308.2063286076 3881149.7131415387 40.0
507308.2063286076 3881149.7131415387 40.0
507308.2976595724 3881149.513599199 40.0
507308.2976595724 3881149.513599199 40.0
507308.4072246413 3881149.314071522 40.0
507308.4072246413 3881149.314071522 40.0
507308.50766374555 3881149.1256262735 40.0
507308.50766374555 3881149.1256262735 40.0
507308.61722882366 3881148.9260985986 40.0
507308.73590203543 3881148.7376680123 40.0
507308.61722882366 3881148.9260985986 40.0
507308.8636833879 3881148.560334515 40.0
507308.8636833879 3881148.560334515 40.0
507308.8636833879 3881148.560334515 40.0
507308.9914647477 3881148.3830010197 40.0
507308.9914647477 3881148.3830010197 40.0
507309.12837207655 3881148.1945850984 40.0
507309.12837207655 3881148.1945850984 40.0
507309.27438754693 3881148.0172662693 40.0
507309.27438754693 3881148.0172662693 40.0
507309.41128597036 3881147.839940109 40.0
507309.41128597036 3881147.839940109 40.0
507309.5664185001 3881147.662628614 40.0
507309.5664185001 3881147.662628614 40.0
507309.72155103827 3881147.4853171217 40.0
507309.72155103827 3881147.4853171217 40.0
507309.8766835778 3881147.308005631 40.0
507310.031816128 3881147.1306941444 40.0
507310.031816128 3881147.1306941444 40.0
507310.031816128 3881147.1306941444 40.0
507310.18694868195 3881146.953382659 40.0
507310.18694868195 3881146.953382659 40.0
507310.3511893778 3881146.7871682663 40.0
507310.3511893778 3881146.7871682663 40.0
507310.51543007954 3881146.6209538765 40.0
507310.51543007954 3881146.6209538765 40.0
507310.6887967551 3881146.4436570634 40.0
507310.6887967551 3881146.4436570634 40.0
507310.85303746926 3881146.2774426807 40.0
507311.02640416025 3881146.100145875 40.0
507311.02640416025 3881146.100145875 40.0
507311.02640416025 3881146.100145875 40.0
507311.208878989 3881145.933946161 40.0
507311.39133598824 3881145.7899259673 40.0
507311.208878989 3881145.933946161 40.0
507311.39133598824 3881145.7899259673 40.0
507311.59201817896 3881145.6570102 40.0
507311.59201817896 3881145.6570102 40.0
507311.7835922402 3881145.5129973446 40.0
507311.7835922402 3881145.5129973446 40.0
507311.9751752298 3881145.357894738 40.0
507311.9751752298 3881145.357894738 40.0
507312.1576322528 3881145.2138745594 40.0
507312.1576322528 3881145.2138745594 40.0
507312.3491884939 3881145.0920412317 40.0
507312.3491884939 3881145.0920412317 40.0
507312.5498707141 3881144.9591254853 40.0
507312.5498707141 3881144.9591254853 40.0
507312.75055293774 3881144.826209743 40.0
507312.9421091973 3881144.7043764284 40.0
507312.9421091973 3881144.7043764284 40.0
507312.9421091973 3881144.7043764284 40.0
507313.142782511 3881144.582550452 40.0
507313.142782511 3881144.582550452 40.0
507313.35256396455 3881144.4718215717 40.0
507313.5532372912 3881144.3499956043 40.0
507313.35256396455 3881144.4718215717 40.0
507313.5532372912 3881144.3499956043 40.0
507313.7630098307 3881144.250356491 40.0
507313.7630098307 3881144.250356491 40.0
507313.9727823795 3881144.1507173823 40.0
507313.9727823795 3881144.1507173823 40.0
507314.1825460079 3881144.062168037 40.0
507314.1825460079 3881144.062168037 40.0
507314.3923007176 3881143.984708453 40.0
507314.3923007176 3881143.984708453 40.0
507314.6202984625 3881143.8961737882 40.0
507314.6202984625 3881143.8961737882 40.0
507314.83006210317 3881143.807624457 40.0
507314.83006210317 3881143.807624457 40.0
507315.0580598569 3881143.719089802 40.0
507315.0580598569 3881143.719089802 40.0
507315.2678145819 3881143.641630239 40.0
507315.4775782348 3881143.553080922 40.0
507315.4775782348 3881143.553080922 40.0
507315.6782159103 3881143.4756140313 40.0
507315.6782159103 3881143.4756140313 40.0
507315.90619583114 3881143.4092589137 40.0
507315.90619583114 3881143.4092589137 40.0
507316.13415790774 3881143.365083316 40.0
507316.13415790774 3881143.365083316 40.0
507316.3621289095 3881143.309817966 40.0
507316.3621289095 3881143.309817966 40.0
507316.580965008 3881143.2767247995 40.0
507316.580965008 3881143.2767247995 40.0
507316.8089360148 3881143.2214594595 40.0
507316.8089360148 3881143.2214594595 40.0
507317.0369070242 3881143.1661941293 40.0
507317.0369070242 3881143.1661941293 40.0
507317.2557520551 3881143.1220112205 40.0
507317.2557520551 3881143.1220112205 40.0
507317.2557520551 3881143.1220112205 40.0
507317.4928133474 3881143.1000225097 40.0
507317.4928133474 3881143.1000225097 40.0
507317.7298657092 3881143.0891235615 40.0
507317.7298657092 3881143.0891235615 40.0
507317.9669270035 3881143.067134864 40.0
507317.9669270035 3881143.067134864 40.0
507318.2130964243 3881143.056243268 40.0
507318.2130964243 3881143.056243268 40.0
507318.44103173766 3881143.0453370004 40.0
507318.44103173766 3881143.0453370004 40.0
507318.6871922292 3881143.0455351747 40.0
507318.6871922292 3881143.0455351747 40.0
507318.92422674183 3881143.056815773 40.0
507318.92422674183 3881143.056815773 40.0
507319.1703872354 3881143.0570139606 40.0
507319.1703872354 3881143.0570139606 40.0
507319.41653880005 3881143.068301913 40.0
507319.41653880005 3881143.068301913 40.0
507319.66267250775 3881143.1017693854 40.0
507319.66267250775 3881143.1017693854 40.0
507319.9088062114 3881143.135236865 40.0
507320.16405696823 3881143.168711693 40.0
507319.9088062114 3881143.135236865 40.0
507320.4284247783 3881143.2021938693 40.0
507320.16405696823 3881143.168711693 40.0
507320.4284247783 3881143.2021938693 40.0
507320.6836755337 3881143.2356687114 40.0
507320.6836755337 3881143.2356687114 40.0
507320.92980030144 3881143.2802259764 40.0
507321.17590719997 3881143.3469627607 40.0
507321.17590719997 3881143.3469627607 40.0
507321.17590719997 3881143.3469627607 40.0
507321.44027500344 3881143.3804449667 40.0
507321.44027500344 3881143.3804449667 40.0
507321.70461600734 3881143.4471964524 40.0
507321.9689659394 3881143.502858188 40.0
507321.9689659394 3881143.502858188 40.0
507321.9689659394 3881143.502858188 40.0
507322.24241506273 3881143.580706789 40.0
507322.5067471222 3881143.6585480548 40.0
507322.5067471222 3881143.6585480548 40.0
507322.5067471222 3881143.6585480548 40.0
507322.7710881126 3881143.725299571 40.0
507322.7710881126 3881143.725299571 40.0
507323.0171949856 3881143.792036408 40.0
507323.0171949856 3881143.792036408 40.0
507323.28151810094 3881143.8809674536 40.0
507323.28151810094 3881143.8809674536 40.0
507323.55496719945 3881143.9588160943 40.0
507323.819281368 3881144.058836913 40.0
507323.55496719945 3881143.9588160943 40.0
507323.819281368 3881144.058836913 40.0
507324.0927215195 3881144.1477753273 40.0
507324.3479096901 3881144.258878574 40.0
507324.0927215195 3881144.1477753273 40.0
507324.3479096901 3881144.258878574 40.0
507324.6122059706 3881144.3810789296 40.0
507324.6122059706 3881144.3810789296 40.0
507324.88562823576 3881144.4921968826 40.0
507324.88562823576 3881144.4921968826 40.0
507325.1408253207 3881144.5922103957 40.0
507325.1408253207 3881144.5922103957 40.0
507325.4051305195 3881144.7033210173 40.0
507325.687660882 3881144.825536098 40.0
507325.4051305195 3881144.7033210173 40.0
507325.687660882 3881144.825536098 40.0
507325.9610652444 3881144.9588335985 40.0
507326.2162354949 3881145.0921164122 40.0
507325.9610652444 3881144.9588335985 40.0
507326.48963090393 3881145.236503686 40.0
507326.48963090393 3881145.236503686 40.0
507326.7630352422 3881145.3698012102 40.0
507326.7630352422 3881145.3698012102 40.0
507326.7630352422 3881145.3698012102 40.0
507327.0182144077 3881145.4919942883 40.0
507327.0182144077 3881145.4919942883 40.0
507327.29161873064 3881145.6252918285 40.0
507327.5650319868 3881145.747499621 40.0
507327.5650319868 3881145.747499621 40.0
507327.5650319868 3881145.747499621 40.0
507327.8202021894 3881145.88078248 40.0
507327.8202021894 3881145.88078248 40.0
507328.09360649117 3881146.014080044 40.0
507328.09360649117 3881146.014080044 40.0
507328.34877667855 3881146.147362918 40.0
507328.34877667855 3881146.147362918 40.0
507328.62218990485 3881146.269570742 40.0
507328.62218990485 3881146.269570742 40.0
507328.8773600773 3881146.40285363 40.0
507328.8773600773 3881146.40285363 40.0
507329.1416562372 3881146.525054117 40.0
507329.1416562372 3881146.525054117 40.0
507329.39683533605 3881146.647247264 40.0
507329.39683533605 3881146.647247264 40.0
507329.6519965451 3881146.791619932 40.0
507329.9162926833 3881146.913820443 40.0
507329.9162926833 3881146.913820443 40.0
507330.1623457676 3881147.0470960164 40.0
507330.1623457676 3881147.0470960164 40.0
507330.1623457676 3881147.0470960164 40.0
507330.4266240043 3881147.191476057 40.0
507330.68178518413 3881147.3358487543 40.0
507330.4266240043 3881147.191476057 40.0
507330.68178518413 3881147.3358487543 40.0
507330.9369642396 3881147.4580419436 40.0
507330.9369642396 3881147.4580419436 40.0
507331.19214329054 3881147.5802351395 40.0
507331.19214329054 3881147.5802351395 40.0
507331.429088229 3881147.7024136386 40.0
507331.429088229 3881147.7024136386 40.0
507331.6842762105 3881147.813517092 40.0
507331.6842762105 3881147.813517092 40.0
507331.9394641834 3881147.924620552 40.0
507332.20376025804 3881148.0468211304 40.0
507332.20376025804 3881148.0468211304 40.0
507332.20376025804 3881148.0468211304 40.0
507332.4771733733 3881148.16902907 40.0
507332.7414515407 3881148.3134091794 40.0
507332.7414515407 3881148.3134091794 40.0
507333.0148646454 3881148.435617135 40.0
507332.7414515407 3881148.3134091794 40.0
507333.0148646454 3881148.435617135 40.0
507333.2700346905 3881148.5689001475 40.0
507333.5251957866 3881148.713272924 40.0
507333.5251957866 3881148.713272924 40.0
507333.78949181474 3881148.835473549 40.0
507333.78949181474 3881148.835473549 40.0
507334.0446707888 3881148.9576668255 40.0
507334.0446707888 3881148.9576668255 40.0
507334.318083852 3881149.0798748215 40.0
507334.0446707888 3881148.9576668255 40.0
507334.5732538623 3881149.21315787 40.0
507334.5732538623 3881149.21315787 40.0
507334.84665796754 3881149.346455639 40.0
507334.84665796754 3881149.346455639 40.0
507335.1382872094 3881149.4908578857 40.0
507335.1382872094 3881149.4908578857 40.0
507335.1382872094 3881149.4908578857 40.0
507335.4390245444 3881149.646357257 40.0
507335.4390245444 3881149.646357257 40.0
507335.7306448206 3881149.8018492814 40.0
