302658.377	4123699.09	120
302462.901	4123715.746	120
302463.3867	4123716.62	120
302463.8635	4123717.499	120
302464.3391	4123718.378	120
302465.304	4123720.13	120
302465.7863	4123721.006	120
302466.7514	4123722.758	120
302467.7179	4123724.509	120
302468.2044	4123725.382	120
302469.1693	4123727.134	120
302469.6553	4123728.008	120
302470.1419	4123728.882	120
302470.6284	4123729.755	120
302471.113	4123730.63	120
302471.5964	4123731.506	120
302472.0813	4123732.38	120
302472.5703	4123733.252	120
302473.0549	4123734.127	120
302473.5391	4123735.002	120
302474.0246	4123735.876	120
302474.5097	4123736.751	120
302474.9935	4123737.626	120
302475.4758	4123738.502	120
302475.9599	4123739.377	120
302476.4446	4123740.252	120
302476.932	4123741.125	120
302477.417	4123741.999	120
302477.9024	4123742.874	120
302478.3883	4123743.748	120
302478.8687	4123744.625	120
302479.3534	4123745.499	120
302479.8436	4123746.371	120
302480.3177	4123747.251	120
302480.8023	4123748.126	120
302481.7845	4123749.868	120
302482.265	4123750.745	120
302482.7495	4123751.62	120
302483.2392	4123752.492	120
302483.723	4123753.367	120
302484.1993	4123754.246	120
302484.6857	4123755.12	120
302485.1699	4123755.995	120
302485.6575	4123756.868	120
302486.1442	4123757.741	120
302486.6281	4123758.617	120
302487.1068	4123759.495	120
302487.5868	4123760.372	120
302488.0726	4123761.246	120
302488.565	4123762.116	120
302489.0485	4123762.991	120
302489.5326	4123763.866	120
302490.0188	4123764.74	120
302490.5039	4123765.615	120
302490.9889	4123766.489	120
302491.4712	4123767.365	120
302491.9535	4123768.241	120
302492.9294	4123769.987	120
302493.4087	4123770.864	120
302493.8939	4123771.739	120
302494.372	4123772.617	120
302494.8682	4123773.485	120
302495.3666	4123774.352	120
302495.8634	4123775.22	120
302496.3468	4123776.095	120
302496.8711	4123776.946	120
302497.3622	4123777.817	120
302497.845	4123778.693	120
302498.4326	4123779.746	120
302498.8838	4123780.639	120
302499.3522	4123781.523	120
302499.8068	4123782.412	120
302500.1494	4123783.352	120
302500.492	4123784.291	120
302501.085	4123784.371	120
302501.8335	4123785.864	120
302502.3192	4123786.739	120
302502.805	4123787.613	120
302503.2908	4123788.487	120
302503.8161	4123789.047	120
302504.2623	4123790.235	120
302504.748	4123791.109	120
302505.2336	4123791.983	120
302505.7196	4123792.857	120
302506.2055	4123793.731	120
302506.6914	4123794.605	120
302507.1772	4123795.479	120
302507.6631	4123796.353	120
302508.1489	4123797.227	120
302508.6345	4123798.102	120
302509.0494	4123798.806	120
302509.5354	4123799.761	120
302510.003	4123800.645	120
302510.4756	4123801.526	120
302510.9443	4123802.409	120
302511.4288	4123803.284	120
302511.9139	4123804.158	120
302512.3982	4123805.033	120
302512.8833	4123805.907	120
302513.3684	4123806.782	120
302513.8528	4123807.657	120
302514.3372	4123808.532	120
302514.8224	4123809.406	120
302515.3067	4123810.281	120
302515.7918	4123811.155	120
302516.2765	4123812.03	120
302516.7612	4123812.905	120
302517.2456	4123813.78	120
302517.7306	4123814.654	120
302518.2159	4123815.528	120
302518.7011	4123816.403	120
302519.2836	4123817.353	120
302519.7288	4123818.251	120
302520.1457	4123819.162	120
302520.6083	4123820.049	120
302521.0708	4123820.935	120
302521.6725	4123821.747	120
302522.1584	4123822.621	120
302522.6444	4123823.495	120
302523.1303	4123824.369	120
302523.6165	4123825.243	120
302523.8473	4123826.254	120
302524.5888	4123826.991	120
302525.0746	4123827.865	120
302526.0462	4123829.613	120
302526.5321	4123830.487	120
302527.018	4123831.361	120
302527.504	4123832.235	120
302527.9899	4123833.109	120
302528.4758	4123833.983	120
302528.9618	4123834.857	120
302529.4218	4123836.258	120
302529.9336	4123836.605	120
302530.4195	4123837.479	120
302530.98	4123838.204	120
302531.3914	4123839.227	120
302531.8773	4123840.101	120
302532.8497	4123841.849	120
302533.3359	4123842.722	120
302533.8218	4123843.596	120
302534.3077	4123844.47	120
302534.7936	4123845.344	120
302535.2796	4123846.218	120
302535.7655	4123847.092	120
302536.2514	4123847.966	120
302536.5167	4123848.596	120
302536.965	4123849.25	120
302537.4511	4123850.124	120
302537.936	4123850.998	120
302538.4212	4123851.873	120
302538.9069	4123852.747	120
302539.3916	4123853.622	120
302539.8765	4123854.496	120
302540.3621	4123855.37	120
302540.847	4123856.245	120
302541.332	4123857.119	120
302541.8175	4123857.994	120
302542.3021	4123858.868	120
302542.788	4123859.742	120
302543.2732	4123860.617	120
302543.7579	4123861.492	120
302544.2433	4123862.366	120
302544.729	4123863.24	120
302545.2137	4123864.115	120
302545.585	4123864.796	120
302546.0781	4123865.666	120
302546.5712	4123866.536	120
302546.8273	4123867.527	120
302547.5574	4123868.276	120
302548.0505	4123869.146	120
302548.5436	4123870.016	120
302549.0367	4123870.886	120
302549.5298	4123871.756	120
302550.0229	4123872.626	120
302550.516	4123873.496	120
302551.0091	4123874.366	120
302551.9956	4123876.105	120
302552.489	4123876.975	120
302552.9823	4123877.845	120
302553.0693	4123878.124	120
302553.4754	4123878.715	120
302553.9685	4123879.585	120
302554.4616	4123880.455	120
302554.9547	4123881.325	120
302555.4478	4123882.195	120
302556.4342	4123883.935	120
302556.9274	4123884.805	120
302557.4207	4123885.675	120
302557.9138	4123886.545	120
302558.4069	4123887.415	120
302558.8723	4123888.072	120
302559.7277	4123889.762	120
302560.2134	4123890.636	120
302560.739	4123891.446	120
302561.185	4123892.384	120
302561.6709	4123893.258	120
302562.312	4123894.056	120
302562.633	4123895.012	120
302563.111	4123895.89	120
302564.0672	4123897.647	120
302564.5474	4123898.524	120
302565.235	4123899.111	120
302565.5216	4123900.271	120
302566.0084	4123901.144	120
302566.4951	4123902.018	120
302566.9806	4123902.892	120
302567.4657	4123903.766	120
302567.9506	4123904.641	120
302568.4339	4123905.516	120
302568.9005	4123906.401	120
302569.62	4123907.215	120
302569.827	4123908.157	120
302570.2934	4123909.042	120
302570.7598	4123909.926	120
302571.2263	4123910.811	120
302571.6853	4123911.699	120
302572.328	4123912.444	120
302572.5955	4123913.48	120
302573.049	4123914.371	120
302573.709	4123915.18	120
302573.956	4123916.154	120
302574.4083	4123917.046	120
302574.8606	4123917.937	120
302575.3129	4123918.829	120
302575.7655	4123919.721	120
302576.6402	4123921.52	120
302577.0769	4123922.419	120
302577.51	4123923.321	120
302578.3752	4123925.124	120
302578.8059	4123926.026	120
302579.2338	4123926.93	120
302579.6612	4123927.834	120
302580.0886	4123928.738	120
302580.51	4123929.645	120
302580.9298	4123930.553	120
302581.3491	4123931.46	120
302581.7674	4123932.369	120
302582.1853	4123933.277	120
302582.5949	4123934.19	120
302582.9977	4123935.105	120
302583.4005	4123936.02	120
302583.7948	4123936.939	120
302584.5712	4123938.782	120
302584.9572	4123939.705	120
302585.3409	4123940.628	120
302585.7246	4123941.552	120
302586.0964	4123942.48	120
302586.4576	4123943.412	120
302586.8184	4123944.345	120
302587.1806	4123945.277	120
302587.5444	4123946.209	120
302587.9083	4123947.14	120
302588.2725	4123948.071	120
302588.6371	4123949.002	120
302588.9752	4123949.944	120
302589.3117	4123950.885	120
302589.6482	4123951.827	120
302589.9706	4123952.774	120
302590.2918	4123953.721	120
302590.6134	4123954.667	120
302590.9297	4123955.616	120
302591.2346	4123956.568	120
302591.5396	4123957.521	120
302591.8413	4123958.474	120
302592.1241	4123959.433	120
302592.4037	4123960.393	120
302592.6834	4123961.354	120
302592.9634	4123962.314	120
302593.2434	4123963.274	120
302593.5136	4123964.236	120
302593.7798	4123965.2	120
302594.0467	4123966.164	120
302594.2882	4123967.134	120
302594.4924	4123968.113	120
302594.6967	4123969.092	120
302594.8962	4123970.072	120
302595.0668	4123971.057	120
302595.3672	4123973.034	120
302595.5041	4123974.025	120
302595.7435	4123976.01	120
302595.8536	4123977.004	120
302595.9443	4123978.0	120
302596.0349	4123978.996	120
302596.1093	4123979.993	120
302596.1793	4123980.991	120
302596.2493	4123981.988	120
302596.3114	4123982.986	120
302596.3635	4123983.985	120
302596.4156	4123984.983	120
302596.4667	4123985.982	120
302596.5165	4123986.981	120
302596.5629	4123987.98	120
302596.6065	4123988.979	120
302596.636	4123989.653	120
302596.6644	4123990.653	120
302596.6928	4123991.652	120
302596.7213	4123992.652	120
302596.7494	4123993.651	120
302596.7775	4123994.651	120
302596.8341	4123996.65	120
302596.8625	4123997.65	120
302596.891	4123998.649	120
302596.9194	4123999.649	120
302596.9479	4124000.649	120
302596.9763	4124001.648	120
302597.0044	4124002.648	120
302597.0325	4124003.647	120
302597.0606	4124004.647	120
302597.0891	4124005.647	120
302597.1175	4124006.646	120
302597.146	4124007.646	120
302597.1744	4124008.645	120
302597.2029	4124009.645	120
302597.2313	4124010.645	120
302597.2595	4124011.644	120
302597.2878	4124012.644	120
302597.5385	4124015.523	120
302597.6571	4124016.516	120
302597.7828	4124017.508	120
302597.9084	4124018.5	120
302598.079	4124019.26	120
302598.303	4124020.469	120
302598.617	4124021.384	120
302599.181	4124022.536	120
302599.697	4124023.738	120
302600.211	4124024.892	120
302600.773	4124025.947	120
302601.334	4124027.002	120
302601.794	4124027.914	120
302602.204	4124028.73	120
302602.8406	4124030.214	120
302602.9605	4124031.207	120
302603.0813	4124032.199	120
302603.2035	4124033.192	120
302603.3262	4124034.184	120
302603.4489	4124035.177	120
302603.5694	4124036.169	120
302603.689	4124037.162	120
302603.8087	4124038.155	120
302603.884	4124039.152	120
302603.9492	4124040.15	120
302603.9984	4124041.148	120
302604.0071	4124042.148	120
302604.0158	4124043.148	120
302604.0287	4124045.148	120
302604.0344	4124046.148	120
302604.0336	4124048.938	120
302604.0309	4124049.938	120
302604.0286	4124050.938	120
302604.0263	4124051.938	120
302604.0239	4124052.938	120
302604.0216	4124053.938	120
302604.0193	4124054.938	120
302604.0169	4124055.938	120
302604.0146	4124056.938	120
302604.013	4124057.677	120
302604.019	4124058.677	120
302604.0248	4124059.677	120
302604.0304	4124060.677	120
302604.0361	4124061.677	120
302604.0407	4124062.677	120
302604.0451	4124063.677	120
302604.0464	4124064.677	120
302604.0389	4124065.677	120
302604.036	4124066.077	120
302604.0374	4124067.077	120
302604.0359	4124068.077	120
302604.0326	4124069.077	120
302604.0293	4124070.077	120
302604.0255	4124071.077	120
302604.0215	4124072.077	120
302604.0173	4124073.077	120
302604.013	4124074.077	120
302604.0087	4124075.077	120
302604.0041	4124076.077	120
302603.9994	4124077.077	120
302603.9948	4124078.077	120
302603.9901	4124079.077	120
302603.9854	4124080.077	120
302603.9807	4124081.077	120
302603.9763	4124082.077	120
302603.9719	4124083.077	120
302603.9676	4124084.077	120
302603.9634	4124085.077	120
302603.9594	4124086.077	120
302603.9514	4124088.077	120
302603.9474	4124089.077	120
302603.9434	4124090.077	120
302603.9386	4124091.077	120
302603.9304	4124093.077	120
302603.9261	4124094.077	120
302603.9383	4124096.025	120
302603.9547	4124097.025	120
302603.971	4124098.025	120
302603.9871	4124099.024	120
302604.0031	4124100.024	120
302604.0191	4124101.024	120
302604.0355	4124102.024	120
302604.0519	4124103.024	120
302604.0683	4124104.024	120
302603.9052	4124105.025	120
302604.1011	4124106.024	120
302604.2642	4124107.007	120
302604.4726	4124107.985	120
302604.6809	4124108.963	120
302604.8895	4124109.941	120
302605.6135	4124111.793	120
302606.0406	4124112.697	120
302606.4677	4124113.602	120
302606.9387	4124114.477	120
302607.601	4124115.226	120
302608.2634	4124115.975	120
302608.9259	4124116.724	120
302609.7348	4124117.308	120
302610.56	4124117.873	120
302611.3851	4124118.438	120
302612.2102	4124119.003	120
302613.1301	4124119.37	120
302614.0873	4124119.659	120
302615.0445	4124119.948	120
302616.696	4124120.147	120
302617.696	4124120.149	120
302618.696	4124120.151	120
302619.6959	4124120.154	120
302620.6958	4124120.146	120
302622.6956	4124120.118	120
302623.6955	4124120.113	120
302624.6955	4124120.124	120
302625.6954	4124120.135	120
302626.6953	4124120.147	120
302627.6953	4124120.158	120
302628.6952	4124120.169	120
302629.6952	4124120.181	120
302630.6951	4124120.192	120
302631.695	4124120.202	120
302632.6949	4124120.191	120
302634.395	4124119.992	120
302635.653	4124119.55	120
302636.833	4124118.915	120
302637.863	4124118.138	120
302638.869	4124117.362	120
302640.037	4124116.241	120
302640.77	4124115.253	120
302641.271	4124114.246	120
302641.638	4124113.278	120
302641.9349	4124111.866	120
302641.9612	4124110.867	120
302641.9767	4124109.867	120
302641.9928	4124108.867	120
302642.0126	4124106.867	120
302642.0193	4124105.867	120
302642.0264	4124104.867	120
302642.0337	4124103.867	120
302642.0404	4124102.867	120
302642.0473	4124101.867	120
302642.0546	4124100.867	120
302642.0613	4124099.867	120
302642.0682	4124098.867	120
302642.0747	4124097.867	120
302642.0817	4124096.867	120
302642.0882	4124095.867	120
302642.0956	4124094.867	120
302642.1027	4124093.867	120
302642.1093	4124092.867	120
302642.1166	4124091.867	120
302642.1233	4124090.867	120
302642.1302	4124089.867	120
302642.1376	4124088.867	120
302642.1439	4124087.867	120
302642.1512	4124086.867	120
302642.1577	4124085.867	120
302642.1648	4124084.867	120
302642.1716	4124083.867	120
302642.274	4124082.754	120
302642.1857	4124081.868	120
302642.1923	4124080.868	120
302642.1996	4124079.868	120
302642.2063	4124078.868	120
302642.2134	4124077.868	120
302642.2207	4124076.868	120
302642.281	4124075.809	120
302642.2342	4124074.868	120
302642.306	4124073.769	120
302642.2491	4124072.868	120
302642.2564	4124071.868	120
302642.2638	4124070.868	120
302642.2711	4124069.868	120
302642.364	4124067.94	120
302642.3002	4124065.868	120
302642.3076	4124064.868	120
302642.3151	4124063.868	120
302642.3224	4124062.868	120
302642.3297	4124061.868	120
302642.3371	4124060.868	120
302642.3442	4124059.868	120
302642.3516	4124058.868	120
302642.3591	4124057.868	120
302642.3662	4124056.868	120
302642.3736	4124055.868	120
302642.3811	4124054.868	120
302642.3884	4124053.868	120
302642.3957	4124052.868	120
302642.4031	4124051.868	120
302642.4104	4124050.868	120
302642.417	4124049.868	120
302642.4237	4124048.868	120
302642.4302	4124047.868	120
302642.4369	4124046.868	120
302642.4431	4124045.868	120
302642.4496	4124044.868	120
302642.4569	4124043.869	120
302642.4631	4124042.869	120
302642.4698	4124041.869	120
302642.4769	4124040.869	120
302642.4829	4124039.869	120
302642.4856	4124038.869	120
302642.4897	4124037.869	120
302642.4951	4124036.869	120
302642.4959	4124035.869	120
302642.5061	4124033.869	120
302642.5069	4124032.869	120
302642.5161	4124030.869	120
302642.5175	4124029.869	120
302642.5217	4124028.869	120
302642.5262	4124027.869	120
302642.5274	4124026.869	120
302642.5273	4124025.869	120
302642.527	4124024.869	120
302642.5274	4124023.869	120
302642.5266	4124022.869	120
302642.5234	4124021.869	120
302642.4944	4124020.869	120
302642.4225	4124019.872	120
302642.308	4124018.879	120
302642.1214	4124017.897	120
302586.3842	4123844.556	120
302586.0112	4123843.628	120
302585.1411	4123841.828	120
302584.6775	4123840.942	120
302584.201	4123840.063	120
302583.7165	4123839.188	120
302583.2319	4123838.313	120
302582.7477	4123837.438	120
302582.2635	4123836.563	120
302581.7788	4123835.689	120
302581.2944	4123834.814	120
302580.8105	4123833.939	120
302580.3268	4123833.064	120
302579.8421	4123832.189	120
302579.3566	4123831.315	120
302578.8708	4123830.441	120
302578.3861	4123829.566	120
302577.9006	4123828.692	120
302577.4148	4123827.818	120
302576.9301	4123826.943	120
302576.4484	4123826.067	120
302576.436	4123826.044	120
302575.9493	4123825.17	120
302575.4626	4123824.297	120
302574.9759	4123823.423	120
302574.4891	4123822.55	120
302574.0023	4123821.676	120
302573.5155	4123820.803	120
302573.0288	4123819.929	120
302572.5421	4123819.056	120
302572.0554	4123818.182	120
302571.5685	4123817.309	120
302571.0815	4123816.435	120
302570.5946	4123815.562	120
302570.1079	4123814.688	120
302569.6212	4123813.815	120
302569.1345	4123812.941	120
302569.0344	4123812.818	120
302568.6477	4123812.067	120
302568.1609	4123811.194	120
302567.7451	4123810.456	120
302567.1874	4123809.447	120
302566.7007	4123808.573	120
302566.214	4123807.7	120
302565.7273	4123806.826	120
302565.2406	4123805.953	120
302564.7539	4123805.079	120
302564.2671	4123804.206	120
302563.7803	4123803.332	120
302563.2935	4123802.458	120
302562.7876	4123801.87	120
302562.373	4123800.96	120
302562.32	4123800.711	120
302561.99	4123800.119	120
302561.5045	4123799.245	120
302561.0234	4123798.368	120
302560.5424	4123797.491	120
302560.0582	4123796.616	120
302559.5712	4123795.743	120
302559.0841	4123794.87	120
302558.5968	4123793.996	120
302557.622	4123792.25	120
302557.1346	4123791.377	120
302556.6473	4123790.504	120
302556.1599	4123789.63	120
302555.671	4123788.758	120
302555.1821	4123787.886	120
302554.6932	4123787.013	120
302554.2039	4123786.141	120
302553.7147	4123785.269	120
302553.2256	4123784.397	120
302552.2242	4123782.666	120
302551.7105	4123781.808	120
302551.1712	4123780.966	120
302549.8911	4123779.433	120
302549.1936	4123778.717	120
302548.4478	4123778.052	120
302547.6691	4123777.425	120
302547.53	4123777.314	120
302546.6737	4123776.797	120
302545.8174	4123776.281	120
302544.9268	4123775.834	120
302543.9957	4123775.469	120
302543.0647	4123775.104	120
302542.1046	4123774.847	120
302541.1167	4123774.691	120
302540.1234	4123774.671	120
302539.1263	4123774.748	120
302538.1292	4123774.824	120
302537.1734	4123775.078	120
302535.3163	4123775.82	120
302534.4	4123776.187	120
302533.5184	4123776.659	120
302532.6392	4123777.136	120
302530.8825	4123778.091	120
302530.0063	4123778.574	120
302529.1307	4123779.057	120
302528.2552	4123779.54	120
302527.3803	4123780.024	120
302525.631	4123780.994	120
302524.7565	4123781.479	120
302523.8821	4123781.964	120
302523.0074	4123782.448	120
302522.1326	4123782.933	120
302520.3825	4123783.901	120
302519.5071	4123784.384	120
302517.7555	4123785.35	120
302516.8799	4123785.833	120
302516.0053	4123786.318	120
302515.1307	4123786.803	120
302514.2603	4123787.295	120
302513.4017	4123787.807	120
302512.173	4123788.541	120
302511.2979	4123789.025	120
302510.5439	4123789.701	120
302509.5478	4123789.993	120
302508.6727	4123790.477	120
302507.7975	4123790.961	120
302506.9223	4123791.445	120
302506.0472	4123791.928	120
302505.1721	4123792.412	120
302502.7815	4123792.983	120
302501.8475	4123792.643	120
302500.8762	4123792.463	120
302498.7607	4123790.699	120
302498.2768	4123789.823	120
302497.793	4123788.948	120
302497.3089	4123788.073	120
302496.8786	4123787.639	120
302496.8248	4123787.198	120
302496.5232	4123786.715	120
302496.3407	4123786.323	120
302496.0444	4123785.837	120
302495.857	4123785.448	120
302495.5655	4123784.959	120
302495.3732	4123784.573	120
302494.8896	4123783.698	120
302494.4069	4123782.822	120
302494.1286	4123782.326	120
302493.9242	4123781.946	120
302493.668	4123781.481	120
302493.1862	4123780.605	120
302492.6974	4123779.732	120
302491.7141	4123777.991	120
302491.2222	4123777.12	120
302490.7306	4123776.249	120
302490.2391	4123775.378	120
302489.2675	4123773.63	120
302488.7837	4123772.755	120
302488.2977	4123771.881	120
302487.8118	4123771.007	120
302486.3541	4123768.385	120
302485.868	4123767.511	120
302485.382	4123766.637	120
302484.896	4123765.763	120
302484.4101	4123764.889	120
302483.9237	4123764.015	120
302482.9522	4123762.267	120
302482.4663	4123761.393	120
302481.9805	4123760.519	120
302481.4942	4123759.645	120
302481.0084	4123758.771	120
302480.5224	4123757.897	120
302479.5527	4123756.148	120
302478.5845	4123754.398	120
302478.0984	4123753.524	120
302477.6126	4123752.65	120
302477.1292	4123751.775	120
302476.6448	4123750.9	120
302476.1597	4123750.025	120
302475.6763	4123749.15	120
302475.1926	4123748.275	120
302474.7077	4123747.4	120
302474.2243	4123746.525	120
302473.7394	4123745.65	120
302473.255	4123744.775	120
302472.769	4123743.902	120
302472.2833	4123743.027	120
302471.7983	4123742.153	120
302471.3126	4123741.279	120
302470.8271	4123740.405	120
302470.3422	4123739.53	120
302469.8562	4123738.656	120
302469.3705	4123737.782	120
302468.886	4123736.907	120
302468.4001	4123736.033	120
302467.9145	4123735.159	120
302467.4292	4123734.285	120
302466.9433	4123733.411	120
302466.4575	4123732.536	120
302465.9719	4123731.662	120
302464.5142	4123729.04	120
302464.0281	4123728.166	120
302463.5422	4123727.292	120
302463.0568	4123726.418	120
302462.5703	4123725.544	120
302512.173	4123788.541	120
302512.173	4123788.541	120
302576.436	4123826.044	120
302545.585	4123864.796	120
302545.585	4123864.796	120
302596.636	4123989.653	120
