507863.31 3881426.71 45.0
166021.44 0.00 45.0
507863.31 3881426.71 45.0
507863.31 3881426.71 45.0
507863.31 3881426.72 45.0
507863.31 3881426.72 45.0
507863.31 3881426.72 45.0
507863.32 3881426.72 45.0
507863.32 3881426.72 45.0
507863.32 3881426.72 45.0
507863.32 3881426.72 45.0
507863.32 3881426.73 45.0
507863.32 3881426.73 45.0
507863.33 3881426.73 45.0
507863.33 3881426.73 45.0
507863.33 3881426.73 45.0
507863.33 3881426.73 45.0
507863.32 3881426.74 45.0
507863.32 3881426.74 45.0
507863.32 3881426.74 45.0
507863.32 3881426.74 45.0
507863.31 3881426.76 45.0
507863.31 3881426.76 45.0
507863.31 3881426.76 45.0
507863.31 3881426.76 45.0
507863.30 3881426.77 45.0
507863.30 3881426.77 45.0
507863.30 3881426.77 45.0
507863.30 3881426.77 45.0
507863.30 3881426.78 45.0
507863.29 3881426.79 45.0
507863.30 3881426.78 45.0
507863.29 3881426.79 45.0
507863.29 3881426.80 45.0
507863.29 3881426.80 45.0
507863.28 3881426.81 45.0
507863.28 3881426.81 45.0
507863.28 3881426.81 45.0
507863.28 3881426.81 45.0
507863.27 3881426.82 45.0
507863.27 3881426.82 45.0
507863.26 3881426.82 45.0
507863.26 3881426.82 45.0
507863.26 3881426.83 45.0
507863.26 3881426.83 45.0
507863.26 3881426.84 45.0
507863.26 3881426.84 45.0
507863.25 3881426.85 45.0
507863.25 3881426.85 45.0
507863.25 3881426.87 45.0
507863.25 3881426.87 45.0
507863.25 3881426.88 45.0
507863.25 3881426.89 45.0
507863.25 3881426.88 45.0
507863.25 3881426.89 45.0
507863.25 3881426.89 45.0
507863.25 3881426.89 45.0
507863.25 3881426.90 45.0
507863.24 3881426.91 45.0
507863.25 3881426.90 45.0
507863.24 3881426.91 45.0
507863.24 3881426.92 45.0
507863.24 3881426.92 45.0
507863.24 3881426.93 45.0
507863.24 3881426.94 45.0
507863.24 3881426.94 45.0
507863.24 3881426.94 45.0
507863.23 3881426.95 45.0
507863.23 3881426.95 45.0
507863.24 3881426.97 45.0
507863.24 3881426.97 45.0
507863.24 3881426.97 45.0
507863.24 3881426.97 45.0
507863.23 3881426.98 45.0
507863.23 3881426.98 45.0
507863.23 3881426.99 45.0
507863.24 3881427.00 45.0
507863.24 3881427.00 45.0
507863.23 3881427.00 45.0
507863.23 3881427.00 45.0
507863.23 3881427.00 45.0
507863.23 3881427.01 45.0
507863.23 3881427.01 45.0
507863.23 3881427.02 45.0
507863.24 3881427.02 45.0
507863.23 3881427.02 45.0
507863.24 3881427.03 45.0
507863.24 3881427.03 45.0
507863.25 3881427.03 45.0
507863.24 3881427.03 45.0
507863.25 3881427.03 45.0
507863.25 3881427.04 45.0
507863.25 3881427.04 45.0
507863.25 3881427.04 45.0
507863.25 3881427.04 45.0
507863.25 3881427.04 45.0
507863.26 3881427.05 45.0
507863.25 3881427.04 45.0
507863.26 3881427.05 45.0
507863.26 3881427.05 45.0
507863.27 3881427.07 45.0
507863.27 3881427.07 45.0
507863.27 3881427.07 45.0
507863.27 3881427.07 45.0
507863.28 3881427.08 45.0
507863.28 3881427.08 45.0
507863.28 3881427.08 45.0
507863.28 3881427.08 45.0
507863.29 3881427.09 45.0
507863.29 3881427.09 45.0
507863.30 3881427.09 45.0
507863.30 3881427.09 45.0
507863.30 3881427.09 45.0
507863.30 3881427.10 45.0
507863.30 3881427.10 45.0
507863.31 3881427.10 45.0
507863.32 3881427.10 45.0
507863.31 3881427.10 45.0
507863.32 3881427.10 45.0
507863.33 3881427.11 45.0
507863.34 3881427.11 45.0
507863.34 3881427.11 45.0
507863.35 3881427.11 45.0
507863.35 3881427.11 45.0
507863.37 3881427.12 45.0
507863.37 3881427.12 45.0
507863.37 3881427.12 45.0
507863.38 3881427.12 45.0
507863.38 3881427.12 45.0
507863.38 3881427.13 45.0
507863.38 3881427.13 45.0
507863.39 3881427.13 45.0
507863.39 3881427.13 45.0
507863.40 3881427.14 45.0
507863.40 3881427.14 45.0
507863.40 3881427.15 45.0
507863.40 3881427.15 45.0
507863.42 3881427.15 45.0
507863.42 3881427.15 45.0
507863.43 3881427.17 45.0
507863.43 3881427.17 45.0
507863.44 3881427.18 45.0
507863.45 3881427.18 45.0
507863.45 3881427.18 45.0
507863.45 3881427.18 45.0
507863.46 3881427.19 45.0
507863.46 3881427.19 45.0
507863.47 3881427.20 45.0
507863.48 3881427.20 45.0
507863.48 3881427.20 45.0
507863.48 3881427.20 45.0
507863.49 3881427.21 45.0
507863.50 3881427.21 45.0
507863.50 3881427.21 45.0
507863.50 3881427.21 45.0
507863.50 3881427.22 45.0
507863.50 3881427.22 45.0
507863.51 3881427.22 45.0
507863.51 3881427.22 45.0
507863.52 3881427.23 45.0
507863.52 3881427.23 45.0
507863.53 3881427.23 45.0
507863.55 3881427.24 45.0
507863.55 3881427.24 45.0
507863.55 3881427.24 45.0
507863.55 3881427.24 45.0
507863.55 3881427.24 45.0
507863.58 3881427.25 45.0
507863.58 3881427.25 45.0
507863.58 3881427.27 45.0
507863.58 3881427.27 45.0
507863.60 3881427.27 45.0
507863.61 3881427.27 45.0
507863.60 3881427.27 45.0
507863.61 3881427.27 45.0
507863.61 3881427.28 45.0
507863.61 3881427.28 45.0
507863.62 3881427.29 45.0
507863.62 3881427.29 45.0
507863.64 3881427.29 45.0
507863.64 3881427.29 45.0
507863.65 3881427.30 45.0
507863.65 3881427.30 45.0
507863.66 3881427.30 45.0
507863.67 3881427.30 45.0
507863.67 3881427.30 45.0
507863.67 3881427.30 45.0
507863.68 3881427.30 45.0
507863.68 3881427.30 45.0
507863.69 3881427.31 45.0
507863.69 3881427.31 45.0
507863.70 3881427.31 45.0
507863.70 3881427.31 45.0
507863.71 3881427.31 45.0
507863.71 3881427.31 45.0
507863.71 3881427.31 45.0
507863.71 3881427.31 45.0
507863.73 3881427.31 45.0
507863.73 3881427.31 45.0
507863.74 3881427.32 45.0
507863.75 3881427.32 45.0
507863.75 3881427.32 45.0
507863.77 3881427.32 45.0
507863.77 3881427.32 45.0
507863.77 3881427.32 45.0
507863.78 3881427.33 45.0
507863.79 3881427.33 45.0
507863.79 3881427.33 45.0
507863.81 3881427.33 45.0
507863.81 3881427.33 45.0
507863.81 3881427.33 45.0
507863.81 3881427.33 45.0
507863.81 3881427.33 45.0
507863.81 3881427.33 45.0
507863.82 3881427.33 45.0
507863.81 3881427.33 45.0
507863.82 3881427.33 45.0
507863.84 3881427.33 45.0
507863.86 3881427.33 45.0
507863.86 3881427.33 45.0
507863.86 3881427.33 45.0
507863.86 3881427.33 45.0
507863.88 3881427.34 45.0
507863.88 3881427.34 45.0
507863.88 3881427.34 45.0
507863.89 3881427.34 45.0
507863.89 3881427.34 45.0
507863.91 3881427.34 45.0
507863.91 3881427.34 45.0
507863.92 3881427.34 45.0
507863.92 3881427.34 45.0
507863.92 3881427.34 45.0
507863.93 3881427.34 45.0
507863.93 3881427.34 45.0
507863.93 3881427.34 45.0
507863.95 3881427.34 45.0
507863.95 3881427.34 45.0
507863.96 3881427.34 45.0
507863.96 3881427.34 45.0
507863.97 3881427.35 45.0
507863.97 3881427.35 45.0
507863.99 3881427.35 45.0
507863.99 3881427.35 45.0
507864.00 3881427.35 45.0
507864.00 3881427.35 45.0
507864.01 3881427.35 45.0
507864.01 3881427.35 45.0
507864.02 3881427.35 45.0
507864.02 3881427.35 45.0
507864.03 3881427.35 45.0
507864.03 3881427.35 45.0
507864.04 3881427.35 45.0
507864.04 3881427.35 45.0
507864.06 3881427.35 45.0
507864.06 3881427.35 45.0
507864.08 3881427.35 45.0
507864.08 3881427.35 45.0
507864.07 3881427.37 45.0
507864.07 3881427.37 45.0
507864.09 3881427.35 45.0
507864.10 3881427.35 45.0
507864.09 3881427.35 45.0
507864.10 3881427.35 45.0
507864.11 3881427.35 45.0
507864.11 3881427.35 45.0
507864.12 3881427.35 45.0
507864.12 3881427.35 45.0
507864.12 3881427.35 45.0
507864.12 3881427.35 45.0
507864.13 3881427.37 45.0
507864.13 3881427.37 45.0
507864.15 3881427.35 45.0
507864.16 3881427.37 45.0
507864.16 3881427.37 45.0
507864.17 3881427.37 45.0
507864.16 3881427.37 45.0
507864.17 3881427.37 45.0
507864.18 3881427.37 45.0
507864.18 3881427.37 45.0
507864.19 3881427.37 45.0
507864.19 3881427.37 45.0
507864.20 3881427.37 45.0
507864.20 3881427.37 45.0
507864.20 3881427.37 45.0
507864.20 3881427.37 45.0
507864.21 3881427.35 45.0
507864.21 3881427.35 45.0
507864.22 3881427.35 45.0
507864.22 3881427.35 45.0
507864.23 3881427.35 45.0
507864.24 3881427.35 45.0
507864.23 3881427.35 45.0
507864.25 3881427.35 45.0
507864.25 3881427.35 45.0
507864.26 3881427.34 45.0
507864.26 3881427.34 45.0
507864.27 3881427.34 45.0
507864.26 3881427.34 45.0
507864.29 3881427.34 45.0
507864.29 3881427.34 45.0
507864.29 3881427.34 45.0
507864.31 3881427.35 45.0
507864.31 3881427.35 45.0
507864.32 3881427.34 45.0
507864.32 3881427.34 45.0
507864.33 3881427.34 45.0
507864.35 3881427.35 45.0
507864.35 3881427.35 45.0
507864.35 3881427.35 45.0
507864.36 3881427.35 45.0
507864.37 3881427.35 45.0
507864.37 3881427.35 45.0
507864.37 3881427.35 45.0
507864.39 3881427.35 45.0
507864.39 3881427.35 45.0
507864.40 3881427.35 45.0
507864.40 3881427.35 45.0
507864.42 3881427.35 45.0
507864.42 3881427.35 45.0
507864.43 3881427.35 45.0
507864.43 3881427.35 45.0
507864.44 3881427.36 45.0
507864.44 3881427.36 45.0
507864.45 3881427.36 45.0
507864.45 3881427.36 45.0
507864.46 3881427.36 45.0
507864.46 3881427.36 45.0
507864.48 3881427.36 45.0
507864.48 3881427.36 45.0
507864.49 3881427.36 45.0
507864.49 3881427.36 45.0
507864.50 3881427.36 45.0
507864.50 3881427.36 45.0
507864.51 3881427.36 45.0
507864.51 3881427.36 45.0
507864.52 3881427.36 45.0
507864.52 3881427.36 45.0
507864.52 3881427.36 45.0
507864.52 3881427.37 45.0
507864.52 3881427.37 45.0
507864.53 3881427.37 45.0
507864.53 3881427.37 45.0
507864.53 3881427.37 45.0
507864.53 3881427.37 45.0
507864.53 3881427.37 45.0
507864.53 3881427.37 45.0
507864.53 3881427.37 45.0
507864.53 3881427.37 45.0
507864.53 3881427.37 45.0
507864.54 3881427.37 45.0
507864.54 3881427.37 45.0
507864.54 3881427.37 45.0
507864.55 3881427.37 45.0
507864.54 3881427.37 45.0
507864.55 3881427.37 45.0
507864.55 3881427.37 45.0
507864.55 3881427.37 45.0
507864.55 3881427.36 45.0
507864.55 3881427.36 45.0
507864.54 3881427.36 45.0
507864.54 3881427.36 45.0
507864.55 3881427.36 45.0
507864.55 3881427.36 45.0
507864.55 3881427.36 45.0
507864.55 3881427.36 45.0
507864.55 3881427.36 45.0
507864.55 3881427.36 45.0
507864.55 3881427.36 45.0
507864.55 3881427.36 45.0
507864.55 3881427.36 45.0
507864.55 3881427.36 45.0
507864.55 3881427.36 45.0
507864.55 3881427.36 45.0
507864.55 3881427.36 45.0
507864.56 3881427.36 45.0
507864.56 3881427.36 45.0
507864.56 3881427.36 45.0
507864.56 3881427.36 45.0
507864.56 3881427.36 45.0
507864.56 3881427.36 45.0
507864.56 3881427.36 45.0
507864.56 3881427.36 45.0
507864.56 3881427.36 45.0
507864.56 3881427.36 45.0
507864.56 3881427.36 45.0
507864.56 3881427.37 45.0
507864.56 3881427.37 45.0
507864.57 3881427.37 45.0
507864.57 3881427.37 45.0
507864.57 3881427.37 45.0
507864.57 3881427.37 45.0
507864.58 3881427.38 45.0
507864.58 3881427.38 45.0
507864.57 3881427.38 45.0
507864.58 3881427.39 45.0
507864.58 3881427.39 45.0
507864.58 3881427.39 45.0
507864.58 3881427.39 45.0
507864.58 3881427.39 45.0
507864.60 3881427.39 45.0
507864.60 3881427.39 45.0
507864.60 3881427.39 45.0
507864.60 3881427.39 45.0
507864.61 3881427.39 45.0
507864.61 3881427.39 45.0
507864.61 3881427.39 45.0
507864.61 3881427.39 45.0
507864.62 3881427.40 45.0
507864.63 3881427.40 45.0
507864.62 3881427.40 45.0
507864.63 3881427.40 45.0
507864.63 3881427.40 45.0
507864.63 3881427.40 45.0
507864.64 3881427.40 45.0
507864.64 3881427.40 45.0
507864.64 3881427.41 45.0
507864.64 3881427.41 45.0
507864.64 3881427.41 45.0
507864.64 3881427.41 45.0
507864.65 3881427.41 45.0
507864.65 3881427.41 45.0
507864.65 3881427.42 45.0
507864.65 3881427.42 45.0
507864.66 3881427.42 45.0
507864.67 3881427.42 45.0
507864.66 3881427.42 45.0
507864.67 3881427.42 45.0
507864.67 3881427.43 45.0
507864.68 3881427.43 45.0
507864.68 3881427.43 45.0
507864.68 3881427.43 45.0
507864.69 3881427.43 45.0
507864.69 3881427.43 45.0
507864.69 3881427.44 45.0
507864.69 3881427.44 45.0
507864.70 3881427.44 45.0
507864.70 3881427.44 45.0
507864.70 3881427.44 45.0
507864.70 3881427.44 45.0
507864.71 3881427.46 45.0
507864.71 3881427.46 45.0
507864.72 3881427.46 45.0
507864.72 3881427.46 45.0
507864.72 3881427.47 45.0
507864.72 3881427.47 45.0
507864.73 3881427.47 45.0
507864.73 3881427.47 45.0
507864.74 3881427.48 45.0
507864.74 3881427.48 45.0
507864.74 3881427.48 45.0
507864.74 3881427.48 45.0
507864.74 3881427.48 45.0
507864.74 3881427.48 45.0
507864.75 3881427.49 45.0
507864.75 3881427.49 45.0
507864.75 3881427.49 45.0
507864.75 3881427.49 45.0
507864.76 3881427.50 45.0
507864.76 3881427.50 45.0
507864.77 3881427.50 45.0
507864.77 3881427.51 45.0
507864.77 3881427.50 45.0
507864.77 3881427.51 45.0
507864.78 3881427.51 45.0
507864.78 3881427.51 45.0
507864.79 3881427.52 45.0
507864.79 3881427.52 45.0
507864.80 3881427.52 45.0
507864.80 3881427.52 45.0
507864.80 3881427.53 45.0
507864.81 3881427.53 45.0
507864.81 3881427.53 45.0
507864.81 3881427.53 45.0
507864.81 3881427.53 45.0
507864.82 3881427.54 45.0
507864.82 3881427.54 45.0
507864.83 3881427.54 45.0
507864.83 3881427.54 45.0
507864.83 3881427.54 45.0
507864.84 3881427.54 45.0
507864.84 3881427.54 45.0
507864.84 3881427.55 45.0
507864.84 3881427.55 45.0
507864.84 3881427.57 45.0
507864.84 3881427.57 45.0
507864.85 3881427.57 45.0
507864.86 3881427.58 45.0
507864.86 3881427.58 45.0
507864.86 3881427.58 45.0
507864.87 3881427.58 45.0
507864.87 3881427.58 45.0
507864.87 3881427.58 45.0
507864.87 3881427.58 45.0
507864.89 3881427.59 45.0
507864.89 3881427.59 45.0
507864.89 3881427.59 45.0
507864.89 3881427.59 45.0
507864.90 3881427.60 45.0
507864.90 3881427.60 45.0
507864.91 3881427.60 45.0
507864.92 3881427.61 45.0
507864.92 3881427.61 45.0
507864.93 3881427.61 45.0
507864.93 3881427.61 45.0
507864.93 3881427.62 45.0
507864.93 3881427.62 45.0
507864.93 3881427.62 45.0
507864.94 3881427.62 45.0
507864.94 3881427.62 45.0
507864.95 3881427.63 45.0
507864.95 3881427.63 45.0
507864.95 3881427.63 45.0
507864.95 3881427.63 45.0
507864.96 3881427.63 45.0
507864.96 3881427.63 45.0
507864.97 3881427.64 45.0
507864.98 3881427.64 45.0
507864.98 3881427.64 45.0
507864.99 3881427.64 45.0
507864.99 3881427.64 45.0
507865.00 3881427.65 45.0
507865.00 3881427.65 45.0
507865.01 3881427.65 45.0
507865.01 3881427.65 45.0
507865.02 3881427.65 45.0
507865.02 3881427.65 45.0
507865.03 3881427.67 45.0
507865.03 3881427.67 45.0
507865.04 3881427.67 45.0
507865.04 3881427.67 45.0
507865.04 3881427.68 45.0
507865.04 3881427.68 45.0
507865.05 3881427.68 45.0
507865.05 3881427.68 45.0
507865.05 3881427.69 45.0
507865.05 3881427.69 45.0
507865.06 3881427.70 45.0
507865.06 3881427.70 45.0
507865.07 3881427.70 45.0
507865.07 3881427.70 45.0
507865.07 3881427.70 45.0
507865.08 3881427.70 45.0
507865.09 3881427.71 45.0
507865.08 3881427.70 45.0
507865.09 3881427.71 45.0
507865.10 3881427.71 45.0
507865.10 3881427.71 45.0
507865.10 3881427.71 45.0
507865.11 3881427.71 45.0
507865.11 3881427.71 45.0
507865.11 3881427.71 45.0
507865.12 3881427.72 45.0
507865.13 3881427.73 45.0
507865.13 3881427.73 45.0
507865.13 3881427.73 45.0
507865.14 3881427.73 45.0
507865.14 3881427.73 45.0
507865.15 3881427.74 45.0
507865.15 3881427.74 45.0
507865.15 3881427.74 45.0
507865.15 3881427.74 45.0
507865.15 3881427.74 45.0
507865.15 3881427.74 45.0
507865.16 3881427.75 45.0
507865.16 3881427.75 45.0
507865.17 3881427.75 45.0
507865.17 3881427.77 45.0
507865.17 3881427.77 45.0
507865.18 3881427.77 45.0
507865.18 3881427.77 45.0
507865.19 3881427.78 45.0
507865.19 3881427.78 45.0
507865.19 3881427.78 45.0
507865.19 3881427.78 45.0
507865.19 3881427.78 45.0
507865.20 3881427.79 45.0
507865.20 3881427.79 45.0
507865.21 3881427.79 45.0
507865.21 3881427.79 45.0
507865.22 3881427.80 45.0
507865.22 3881427.80 45.0
507865.22 3881427.80 45.0
507865.22 3881427.80 45.0
507865.23 3881427.81 45.0
507865.24 3881427.81 45.0
507865.23 3881427.81 45.0
507865.24 3881427.81 45.0
507865.25 3881427.82 45.0
507865.25 3881427.82 45.0
507865.25 3881427.83 45.0
507865.25 3881427.83 45.0
507865.25 3881427.83 45.0
507865.25 3881427.83 45.0
507865.26 3881427.84 45.0
507865.26 3881427.84 45.0
507865.26 3881427.85 45.0
507865.26 3881427.85 45.0
507865.27 3881427.85 45.0
507865.28 3881427.87 45.0
507865.28 3881427.87 45.0
507865.29 3881427.87 45.0
507865.29 3881427.87 45.0
507865.29 3881427.88 45.0
507865.29 3881427.88 45.0
507865.29 3881427.88 45.0
507865.30 3881427.89 45.0
507865.30 3881427.89 45.0
507865.31 3881427.89 45.0
507865.31 3881427.89 45.0
507865.32 3881427.90 45.0
507865.32 3881427.90 45.0
507865.33 3881427.91 45.0
507865.33 3881427.91 45.0
507865.34 3881427.92 45.0
507865.34 3881427.92 45.0
507865.34 3881427.92 45.0
507865.34 3881427.92 45.0
507865.36 3881427.92 45.0
507865.36 3881427.92 45.0
507865.36 3881427.93 45.0
507865.36 3881427.94 45.0
507865.36 3881427.94 45.0
507865.36 3881427.94 45.0
507865.37 3881427.95 45.0
507865.37 3881427.95 45.0
507865.38 3881427.97 45.0
507865.38 3881427.97 45.0
507865.38 3881427.97 45.0
507865.39 3881427.97 45.0
507865.39 3881427.97 45.0
507865.39 3881427.97 45.0
507865.40 3881427.98 45.0
507865.40 3881427.98 45.0
507865.40 3881427.98 45.0
507865.41 3881427.98 45.0
507865.41 3881427.98 45.0
507865.41 3881427.98 45.0
507865.42 3881427.99 45.0
507865.42 3881427.99 45.0
507865.43 3881427.99 45.0
507865.43 3881427.99 45.0
507865.43 3881427.99 45.0
507865.44 3881427.99 45.0
507865.44 3881427.99 45.0
507865.44 3881427.99 45.0
507865.44 3881428.00 45.0
507865.44 3881428.00 45.0
507865.44 3881428.00 45.0
507865.44 3881428.00 45.0
507865.44 3881428.01 45.0
507865.44 3881428.01 45.0
507865.45 3881428.01 45.0
507865.45 3881428.01 45.0
507865.45 3881428.01 45.0
507865.45 3881428.01 45.0
507865.46 3881428.02 45.0
507865.46 3881428.03 45.0
507865.46 3881428.03 45.0
507865.46 3881428.03 45.0
507865.46 3881428.03 45.0
507865.46 3881428.03 45.0
507865.46 3881428.03 45.0
507865.46 3881428.03 45.0
507865.47 3881428.03 45.0
507865.47 3881428.03 45.0
507865.47 3881428.03 45.0
507865.47 3881428.03 45.0
507865.48 3881428.04 45.0
507865.48 3881428.04 45.0
507865.48 3881428.04 45.0
507865.48 3881428.04 45.0
507865.49 3881428.04 45.0
507865.49 3881428.04 45.0
507865.49 3881428.05 45.0
507865.49 3881428.05 45.0
507865.51 3881428.05 45.0
507865.50 3881428.07 45.0
507865.50 3881428.07 45.0
507865.52 3881428.07 45.0
507865.50 3881428.07 45.0
507865.52 3881428.07 45.0
507865.52 3881428.07 45.0
507865.53 3881428.08 45.0
507865.53 3881428.08 45.0
507865.53 3881428.09 45.0
507865.53 3881428.09 45.0
507865.54 3881428.09 45.0
507865.54 3881428.09 45.0
507865.54 3881428.10 45.0
507865.54 3881428.10 45.0
507865.54 3881428.10 45.0
507865.55 3881428.10 45.0
507865.55 3881428.10 45.0
507865.56 3881428.10 45.0
507865.56 3881428.10 45.0
507865.55 3881428.11 45.0
507865.55 3881428.11 45.0
507865.56 3881428.11 45.0
507865.56 3881428.11 45.0
507865.56 3881428.11 45.0
507865.56 3881428.12 45.0
507865.56 3881428.12 45.0
507865.56 3881428.12 45.0
507865.56 3881428.12 45.0
507865.56 3881428.12 45.0
507865.56 3881428.12 45.0
507865.57 3881428.13 45.0
507865.57 3881428.13 45.0
507865.57 3881428.13 45.0
507865.57 3881428.13 45.0
507865.57 3881428.13 45.0
507865.57 3881428.13 45.0
507865.57 3881428.13 45.0
507865.58 3881428.14 45.0
507865.58 3881428.14 45.0
507865.58 3881428.14 45.0
507865.59 3881428.14 45.0
507865.59 3881428.14 45.0
507865.59 3881428.14 45.0
507865.59 3881428.14 45.0
507865.59 3881428.14 45.0
507865.59 3881428.15 45.0
507865.59 3881428.15 45.0
507865.59 3881428.15 45.0
507865.60 3881428.15 45.0
507865.60 3881428.15 45.0
507865.60 3881428.17 45.0
507865.60 3881428.17 45.0
507865.60 3881428.17 45.0
507865.61 3881428.17 45.0
507865.62 3881428.17 45.0
507865.61 3881428.17 45.0
507865.62 3881428.17 45.0
507865.62 3881428.17 45.0
507865.62 3881428.17 45.0
507865.63 3881428.17 45.0
507865.63 3881428.17 45.0
507865.63 3881428.18 45.0
507865.63 3881428.18 45.0
507865.63 3881428.18 45.0
507865.63 3881428.18 45.0
507865.64 3881428.18 45.0
507865.64 3881428.18 45.0
507865.64 3881428.18 45.0
507865.65 3881428.19 45.0
507865.65 3881428.19 45.0
507865.65 3881428.19 45.0
507865.65 3881428.19 45.0
507865.66 3881428.19 45.0
507865.66 3881428.19 45.0
507865.66 3881428.19 45.0
507865.66 3881428.20 45.0
507865.66 3881428.20 45.0
507865.66 3881428.20 45.0
507865.66 3881428.20 45.0
507865.66 3881428.20 45.0
507865.66 3881428.20 45.0
507865.66 3881428.21 45.0
507865.66 3881428.21 45.0
507865.67 3881428.21 45.0
507865.67 3881428.21 45.0
507865.67 3881428.21 45.0
507865.68 3881428.21 45.0
507865.68 3881428.21 45.0
507865.68 3881428.21 45.0
507865.68 3881428.21 45.0
507865.68 3881428.21 45.0
507865.68 3881428.21 45.0
507865.69 3881428.21 45.0
507865.69 3881428.21 45.0
507865.69 3881428.21 45.0
507865.69 3881428.21 45.0
507865.70 3881428.22 45.0
507865.70 3881428.22 45.0
507865.70 3881428.22 45.0
507865.70 3881428.22 45.0
507865.71 3881428.23 45.0
507865.71 3881428.23 45.0
507865.71 3881428.23 45.0
507865.71 3881428.23 45.0
507865.71 3881428.23 45.0
507865.71 3881428.23 45.0
507865.71 3881428.23 45.0
507865.71 3881428.23 45.0
507865.71 3881428.23 45.0
507865.71 3881428.23 45.0
507865.71 3881428.24 45.0
507865.71 3881428.24 45.0
507865.71 3881428.24 45.0
507865.71 3881428.24 45.0
507865.72 3881428.24 45.0
507865.71 3881428.24 45.0
507865.72 3881428.24 45.0
507865.72 3881428.24 45.0
507865.72 3881428.24 45.0
507865.72 3881428.24 45.0
507865.72 3881428.24 45.0
507865.72 3881428.24 45.0
507865.72 3881428.24 45.0
507865.73 3881428.25 45.0
507865.73 3881428.25 45.0
507865.73 3881428.25 45.0
507865.73 3881428.25 45.0
507865.73 3881428.25 45.0
507865.73 3881428.25 45.0
507865.73 3881428.25 45.0
507865.73 3881428.25 45.0
507865.73 3881428.25 45.0
507865.73 3881428.25 45.0
507865.73 3881428.25 45.0
507865.73 3881428.25 45.0
507865.74 3881428.27 45.0
507865.74 3881428.27 45.0
507865.74 3881428.27 45.0
507865.74 3881428.27 45.0
507865.74 3881428.27 45.0
507865.74 3881428.27 45.0
507865.74 3881428.27 45.0
507865.75 3881428.28 45.0
507865.75 3881428.28 45.0
507865.75 3881428.28 45.0
507865.75 3881428.28 45.0
507865.75 3881428.28 45.0
507865.75 3881428.28 45.0
507865.76 3881428.29 45.0
507865.76 3881428.29 45.0
507865.76 3881428.29 45.0
507865.76 3881428.29 45.0
507865.76 3881428.29 45.0
507865.76 3881428.29 45.0
507865.76 3881428.29 45.0
507865.76 3881428.29 45.0
507865.76 3881428.29 45.0
507865.76 3881428.29 45.0
507865.76 3881428.30 45.0
507865.76 3881428.30 45.0
507865.76 3881428.30 45.0
507865.76 3881428.30 45.0
507865.76 3881428.30 45.0
507865.76 3881428.30 45.0
507865.76 3881428.30 45.0
507865.76 3881428.30 45.0
507865.76 3881428.30 45.0
507865.76 3881428.30 45.0
507865.76 3881428.30 45.0
507865.76 3881428.30 45.0
507865.76 3881428.30 45.0
507865.76 3881428.31 45.0
507865.76 3881428.31 45.0
507865.76 3881428.31 45.0
507865.77 3881428.31 45.0
507865.77 3881428.31 45.0
507865.77 3881428.30 45.0
507865.77 3881428.31 45.0
507865.77 3881428.30 45.0
507865.77 3881428.31 45.0
507865.77 3881428.31 45.0
507865.77 3881428.31 45.0
507865.77 3881428.31 45.0
507865.77 3881428.31 45.0
507865.77 3881428.31 45.0
507865.77 3881428.31 45.0
507865.77 3881428.31 45.0
507865.78 3881428.31 45.0
507865.77 3881428.31 45.0
507865.77 3881428.31 45.0
166021.44 0.00 45.0
507860.45 3881420.93 45.0
507860.45 3881420.93 45.0
507860.45 3881420.92 45.0
507860.45 3881420.92 45.0
507860.43 3881420.92 45.0
507860.43 3881420.92 45.0
507860.43 3881420.91 45.0
507860.43 3881420.91 45.0
507860.42 3881420.90 45.0
507860.42 3881420.90 45.0
507860.40 3881420.90 45.0
507860.40 3881420.89 45.0
507860.40 3881420.89 45.0
507860.40 3881420.89 45.0
507860.40 3881420.89 45.0
507860.38 3881420.89 45.0
507860.38 3881420.89 45.0
507860.39 3881420.88 45.0
507860.39 3881420.88 45.0
507860.38 3881420.89 45.0
507860.38 3881420.89 45.0
507860.38 3881420.89 45.0
507860.37 3881420.88 45.0
507860.37 3881420.88 45.0
507860.37 3881420.88 45.0
507860.37 3881420.88 45.0
507860.37 3881420.86 45.0
507860.37 3881420.86 45.0
507860.36 3881420.86 45.0
507860.35 3881420.86 45.0
507860.35 3881420.86 45.0
507860.35 3881420.86 45.0
507860.35 3881420.85 45.0
507860.34 3881420.85 45.0
507860.35 3881420.85 45.0
507860.34 3881420.85 45.0
507860.33 3881420.85 45.0
507860.33 3881420.85 45.0
507860.33 3881420.85 45.0
507860.33 3881420.85 45.0
507860.32 3881420.84 45.0
507860.32 3881420.84 45.0
507860.32 3881420.84 45.0
507860.32 3881420.84 45.0
507860.32 3881420.84 45.0
507860.32 3881420.84 45.0
507860.31 3881420.83 45.0
507860.31 3881420.83 45.0
507860.30 3881420.83 45.0
507860.30 3881420.83 45.0
507860.30 3881420.83 45.0
507860.30 3881420.83 45.0
507860.29 3881420.83 45.0
507860.29 3881420.83 45.0
507860.28 3881420.82 45.0
507860.28 3881420.82 45.0
507860.27 3881420.82 45.0
507860.27 3881420.82 45.0
507860.27 3881420.82 45.0
507860.27 3881420.82 45.0
507860.26 3881420.81 45.0
166021.4431793313 0.0 45.0
507482.1795923268 3881236.354840722 45.0
507482.08845921693 3881236.3104066453 45.0
507482.1795923268 3881236.354840722 45.0
507482.08845921693 3881236.3104066453 45.0
507481.98821827176 3881236.254875308 45.0
507481.98821827176 3881236.254875308 45.0
507481.88798645284 3881236.188254212 45.0
507481.88798645284 3881236.188254212 45.0
507481.78774550516 3881236.132722877 45.0
507481.78774550516 3881236.132722877 45.0
507481.66927975917 3881236.0660867756 45.0
507481.66927975917 3881236.0660867756 45.0
507481.5417061763 3881235.9883534154 45.0
507481.5417061763 3881235.9883534154 45.0
507481.40501562896 3881235.910612552 45.0
507481.40501562896 3881235.910612552 45.0
507481.2683342037 3881235.8217819324 45.0
507481.2683342037 3881235.8217819324 45.0
507481.131652778 3881235.7329513147 45.0
507481.131652778 3881235.7329513147 45.0
507480.97672829597 3881235.6551954527 45.0
507480.82181294204 3881235.5663498347 45.0
507480.82181294204 3881235.5663498347 45.0
507480.82181294204 3881235.5663498347 45.0
507480.6577897437 3881235.4664069563 45.0
507480.6577897437 3881235.4664069563 45.0
507480.475532616 3881235.366449077 45.0
507480.475532616 3881235.366449077 45.0
507480.3024015752 3881235.255408945 45.0
507480.3024015752 3881235.255408945 45.0
507480.1201535648 3881235.1443613144 45.0
507480.1201535648 3881235.1443613144 45.0
507479.9287885867 3881235.033306185 45.0
507479.9287885867 3881235.033306185 45.0
507479.73743272887 3881234.9111613007 45.0
507479.73743272887 3881234.9111613007 45.0
507479.54606774123 3881234.80010618 45.0
507479.54606774123 3881234.80010618 45.0
507479.34559491207 3881234.677953804 45.0
507479.34559491207 3881234.677953804 45.0
507479.1360051116 3881234.5557939284 45.0
507478.91730746557 3881234.4225368006 45.0
507479.1360051116 3881234.5557939284 45.0
507478.91730746557 3881234.4225368006 45.0
507478.6986006896 3881234.300369437 45.0
507478.6986006896 3881234.300369437 45.0
507478.47989390773 3881234.178202078 45.0
507478.47989390773 3881234.178202078 45.0
507478.27943016903 3881234.044959966 45.0
507478.27943016903 3881234.044959966 45.0
507478.0789481834 3881233.933897376 45.0
507478.0789481834 3881233.933897376 45.0
507477.86935834883 3881233.811737531 45.0
507477.86935834883 3881233.811737531 45.0
507477.6688854731 3881233.6895851917 45.0
507477.6688854731 3881233.6895851917 45.0
507477.45929562964 3881233.567425357 45.0
507477.45929562964 3881233.567425357 45.0
507477.25882274075 3881233.4452730264 45.0
507477.25882274075 3881233.4452730264 45.0
507477.04923288384 3881233.323113202 45.0
507477.04923288384 3881233.323113202 45.0
507476.83964302135 3881233.2009533807 45.0
507476.83964302135 3881233.2009533807 45.0
507476.6209453092 3881233.067696308 45.0
507476.40224759054 3881232.93443924 45.0
507476.40224759054 3881232.93443924 45.0
507476.40224759054 3881232.93443924 45.0
507476.17442377965 3881232.8122644387 45.0
507475.946618203 3881232.6679101256 45.0
507476.17442377965 3881232.8122644387 45.0
507475.946618203 3881232.6679101256 45.0
507475.7005695656 3881232.5346305817 45.0
507475.7005695656 3881232.5346305817 45.0
507475.463647011 3881232.390268783 45.0
507475.463647011 3881232.390268783 45.0
507475.21759835904 3881232.256989252 45.0
507475.21759835904 3881232.256989252 45.0
507474.9715588212 3881232.112619971 45.0
507474.9715588212 3881232.112619971 45.0
507474.7255192755 3881231.968250694 45.0
507474.7255192755 3881231.968250694 45.0
507474.4794706013 3881231.8349711834 45.0
507474.4794706013 3881231.8349711834 45.0
507474.2425480069 3881231.6906094165 45.0
507474.014733256 3881231.5573449107 45.0
507474.014733256 3881231.5573449107 45.0
507474.014733256 3881231.5573449107 45.0
507473.77780152706 3881231.424072915 45.0
507473.5408697935 3881231.2908009253 45.0
507473.77780152706 3881231.424072915 45.0
507473.5408697935 3881231.2908009253 45.0
507473.30394716765 3881231.146439184 45.0
507473.30394716765 3881231.146439184 45.0
507473.057898455 3881231.013159712 45.0
507472.81186796335 3881230.857700729 45.0
507473.057898455 3881231.013159712 45.0
507472.5476035306 3881230.7022267636 45.0
507472.81186796335 3881230.857700729 45.0
507472.5476035306 3881230.7022267636 45.0
507472.2833299707 3881230.557842565 45.0
507472.2833299707 3881230.557842565 45.0
507472.01906552026 3881230.402368615 45.0
507472.01906552026 3881230.402368615 45.0
507471.7548010584 3881230.2468946744 45.0
507471.7548010584 3881230.2468946744 45.0
507471.48141962173 3881230.0914132455 45.0
507471.48141962173 3881230.0914132455 45.0
507471.20802905894 3881229.947021587 45.0
507471.20802905894 3881229.947021587 45.0
507470.93465671805 3881229.7804504163 45.0
507470.93465671805 3881229.7804504163 45.0
507470.661275251 3881229.6249690144 45.0
507470.661275251 3881229.6249690144 45.0
507470.37877680594 3881229.469480128 45.0
507470.37877680594 3881229.469480128 45.0
507470.1054044355 3881229.302908983 45.0
507470.1054044355 3881229.302908983 45.0
507469.8229059709 3881229.147420113 45.0
507469.5312905298 3881228.991923763 45.0
507469.8229059709 3881229.147420113 45.0
507469.5312905298 3881228.991923763 45.0
507469.2488011578 3881228.8253451525 45.0
507469.2488011578 3881228.8253451525 45.0
507468.9571856966 3881228.6698488183 45.0
507468.9571856966 3881228.6698488183 45.0
507468.66557933437 3881228.503262736 45.0
507468.66557933437 3881228.503262736 45.0
507468.09148354793 3881228.170098089 45.0
507467.51738772186 3881227.83693348 45.0
507467.51738772186 3881227.83693348 45.0
507467.51738772186 3881227.83693348 45.0
507467.23489827715 3881227.670354933 45.0
507467.23489827715 3881227.670354933 45.0
507466.9432918514 3881227.5037689055 45.0
507466.9432918514 3881227.5037689055 45.0
507466.6516854173 3881227.3371828883 45.0
507466.6516854173 3881227.3371828883 45.0
507466.35096199915 3881227.1705893925 45.0
507466.0502476781 3881226.992906146 45.0
507466.0502476781 3881226.992906146 45.0
507466.0502476781 3881226.992906146 45.0
507465.7495333454 3881226.8152229115 45.0
507465.4488098935 3881226.648629444 45.0
507465.4488098935 3881226.648629444 45.0
507465.14810464694 3881226.459856471 45.0
507465.14810464694 3881226.459856471 45.0
507464.8382733071 3881226.28216578 45.0
507464.8382733071 3881226.28216578 45.0
507464.53755892714 3881226.104482584 45.0
507464.53755892714 3881226.104482584 45.0
507464.2277366691 3881225.9157021553 45.0
507464.2277366691 3881225.9157021553 45.0
507463.91791439825 3881225.7269217363 45.0
507464.2277366691 3881225.9157021553 45.0
507463.5989842493 3881225.527044085 45.0
507463.5989842493 3881225.527044085 45.0
507463.5989842493 3881225.527044085 45.0
507463.280054084 3881225.3271664428 45.0
507463.280054084 3881225.3271664428 45.0
507462.9702317711 3881225.138386058 45.0
507462.6513015807 3881224.938508438 45.0
507462.6513015807 3881224.938508438 45.0
507462.6513015807 3881224.938508438 45.0
507462.32324529695 3881224.7497131056 45.0
507461.9951981028 3881224.5498280255 45.0
507461.9951981028 3881224.5498280255 45.0
507461.9951981028 3881224.5498280255 45.0
507461.6671508941 3881224.3499429566 45.0
507461.32998669706 3881224.1500504185 45.0
507461.32998669706 3881224.1500504185 45.0
507461.32998669706 3881224.1500504185 45.0
507461.00193035515 3881223.9612551336 45.0
507461.00193035515 3881223.9612551336 45.0
507460.6738831058 3881223.761370101 45.0
507460.3367188628 3881223.5614775997 45.0
507460.6738831058 3881223.761370101 45.0
507460.0086624837 3881223.37268235 45.0
507460.3367188628 3881223.5614775997 45.0
507460.0086624837 3881223.37268235 45.0
507459.6806151867 3881223.1727973553 45.0
507459.35255877767 3881222.98400213 45.0
507459.6806151867 3881223.1727973553 45.0
507459.35255877767 3881222.98400213 45.0
507459.024502355 3881222.795206917 45.0
507459.024502355 3881222.795206917 45.0
507458.6964550179 3881222.5953219566 45.0
507458.6964550179 3881222.5953219566 45.0
507458.36839856766 3881222.406526767 45.0
507458.36839856766 3881222.406526767 45.0
507458.0494590821 3881222.2177390694 45.0
507457.72140260244 3881222.0289439047 45.0
507457.72140260244 3881222.0289439047 45.0
507457.72140260244 3881222.0289439047 45.0
507457.4024630879 3881221.8401562297 45.0
507457.4024630879 3881221.8401562297 45.0
507457.0744065836 3881221.6513610864 45.0
507457.0744065836 3881221.6513610864 45.0
507456.7463500657 3881221.462565956 45.0
507456.42741051107 3881221.2737783166 45.0
507456.7463500657 3881221.462565956 45.0
507456.42741051107 3881221.2737783166 45.0
507455.7804143848 3881220.896195592 45.0
507455.7804143848 3881220.896195592 45.0
507455.4614747903 3881220.7074079853 45.0
507455.4614747903 3881220.7074079853 45.0
507455.1425351826 3881220.518620391 45.0
507455.1425351826 3881220.518620391 45.0
507454.82359556394 3881220.3298328076 45.0
507454.82359556394 3881220.3298328076 45.0
507454.5046559274 3881220.141045235 45.0
507454.5046559274 3881220.141045235 45.0
507454.1948332582 3881219.952265151 45.0
507454.1948332582 3881219.952265151 45.0
507453.8758935977 3881219.7634775992 45.0
507453.8758935977 3881219.7634775992 45.0
507453.55695392634 3881219.5746900598 45.0
507453.55695392634 3881219.5746900598 45.0
507453.2380142371 3881219.3859025333 45.0
507453.2380142371 3881219.3859025333 45.0
507452.9190745392 3881219.197115016 45.0
507452.609251805 3881219.0083349855 45.0
507452.609251805 3881219.0083349855 45.0
507452.609251805 3881219.0083349855 45.0
507452.29031207855 3881218.819547492 45.0
507452.29031207855 3881218.819547492 45.0
507451.98048022523 3881218.6418572413 45.0
507451.6615404752 3881218.4530697693 45.0
507451.6615404752 3881218.4530697693 45.0
507451.34260070964 3881218.2642823085 45.0
507451.34260070964 3881218.2642823085 45.0
507451.03276882117 3881218.08659209 45.0
507451.03276882117 3881218.08659209 45.0
507450.7138290297 3881217.897804653 45.0
507450.7138290297 3881217.897804653 45.0
507450.4040062055 3881217.709024697 45.0
507450.4040062055 3881217.709024697 45.0
507450.0850572992 3881217.5313270395 45.0
507450.4040062055 3881217.709024697 45.0
507449.7661174709 3881217.3425396346 45.0
507449.7661174709 3881217.3425396346 45.0
507449.7661174709 3881217.3425396346 45.0
507449.4471776248 3881217.153752241 45.0
507449.4471776248 3881217.153752241 45.0
507449.1282377677 3881216.964964858 45.0
507449.1282377677 3881216.964964858 45.0
507448.80928881274 3881216.787267245 45.0
507448.80928881274 3881216.787267245 45.0
507448.4903489273 3881216.598479885 45.0
507448.4903489273 3881216.598479885 45.0
507448.18052601273 3881216.4097000067 45.0
507448.18052601273 3881216.4097000067 45.0
507447.86158610566 3881216.2209126693 45.0
507447.86158610566 3881216.2209126693 45.0
507447.54263709753 3881216.0432151007 45.0
507447.54263709753 3881216.0432151007 45.0
507447.2236971598 3881215.8544277856 45.0
507447.2236971598 3881215.8544277856 45.0
507446.9047572134 3881215.665640483 45.0
507446.9047572134 3881215.665640483 45.0
507446.58581725147 3881215.4768531895 45.0
507446.58581725147 3881215.4768531895 45.0
507446.25776029105 3881215.2880584397 45.0
507446.25776029105 3881215.2880584397 45.0
507445.9388203048 3881215.09927117 45.0
507445.9388203048 3881215.09927117 45.0
507445.6107633174 3881214.9104764443 45.0
507445.6107633174 3881214.9104764443 45.0
507445.29182330443 3881214.7216891972 45.0
507445.29182330443 3881214.7216891972 45.0
507444.972883276 3881214.5329019604 45.0
507444.64481716615 3881214.3551970283 45.0
507444.64481716615 3881214.3551970283 45.0
507444.32587711373 3881214.166409816 45.0
507444.32587711373 3881214.166409816 45.0
507444.0069370457 3881213.977622614 45.0
507444.0069370457 3881213.977622614 45.0
507443.6788799801 3881213.78882796 45.0
507444.0069370457 3881213.977622614 45.0
507443.3599398855 3881213.60004078 45.0
507443.3599398855 3881213.60004078 45.0
507443.3599398855 3881213.60004078 45.0
507443.03188279056 3881213.411246148 45.0
507443.03188279056 3881213.411246148 45.0
507442.703816607 3881213.2335412856 45.0
507442.703816607 3881213.2335412856 45.0
507442.3848764727 3881213.044754142 45.0
507442.3848764727 3881213.044754142 45.0
507441.73787917884 3881212.667172423 45.0
507441.4189480804 3881212.467295554 45.0
507441.73787917884 3881212.667172423 45.0
507441.09089090896 3881212.2785009923 45.0
507441.09089090896 3881212.2785009923 45.0
507441.09089090896 3881212.2785009923 45.0
507440.7719507077 3881212.089713905 45.0
507440.7719507077 3881212.089713905 45.0
507440.45301049325 3881211.9009268284 45.0
507440.45301049325 3881211.9009268284 45.0
507440.1249532791 3881211.7121323026 45.0
507440.1249532791 3881211.7121323026 45.0
507439.8060039619 3881211.5344350073 45.0
507439.8060039619 3881211.5344350073 45.0
507439.4779467211 3881211.3456405043 45.0
507439.4779467211 3881211.3456405043 45.0
507439.1498894643 3881211.1568460143 45.0
507439.1498894643 3881211.1568460143 45.0
507438.8218321986 3881210.968051534 45.0
507438.8218321986 3881210.968051534 45.0
507438.47555001656 3881210.768152388 45.0
507438.47555001656 3881210.768152388 45.0
507438.12926781696 3881210.568253255 50.0
507438.12926781696 3881210.568253255 50.0
507437.7829856044 3881210.3683541357 50.0
507437.7829856044 3881210.3683541357 50.0
507437.4275954619 3881210.1573578115 50.0
507437.4275954619 3881210.1573578115 50.0
507437.06307924184 3881209.9574438008 50.0
507436.69858114806 3881209.735350288 50.0
507436.69858114806 3881209.735350288 50.0
507436.69858114806 3881209.735350288 50.0
507436.3340739669 3881209.524346549 50.0
507436.3340739669 3881209.524346549 50.0
507435.96957583795 3881209.302253065 50.0
507435.96957583795 3881209.302253065 50.0
507435.60506862256 3881209.091249355 50.0
507435.2405613903 3881208.8802456604 50.0
507435.2405613903 3881208.8802456604 50.0
507435.2405613903 3881208.8802456604 50.0
507434.87606320885 3881208.6581522212 50.0
507434.51155594236 3881208.447148555 50.0
507434.51155594236 3881208.447148555 50.0
507434.1470486589 3881208.236144905 50.0
507434.1470486589 3881208.236144905 50.0
507433.7916583488 3881208.0251487223 50.0
507433.7916583488 3881208.0251487223 50.0
507433.7916583488 3881208.0251487223 50.0
507433.42715102946 3881207.814145101 50.0
507433.42715102946 3881207.814145101 50.0
507433.0717606862 3881207.603148949 50.0
507433.0717606862 3881207.603148949 50.0
507432.71636125667 3881207.403242568 50.0
507432.71636125667 3881207.403242568 50.0
507432.3609799478 3881207.1811566846 50.0
507432.3609799478 3881207.1811566846 50.0
507432.00558048853 3881206.9812503327 50.0
507432.00558048853 3881206.9812503327 50.0
507431.6501900774 3881206.770254236 50.0
507431.6501900774 3881206.770254236 50.0
507431.2947996521 3881206.559258153 50.0
507431.2947996521 3881206.559258153 50.0
507430.9485261999 3881206.3482695366 50.0
507430.5931266771 3881206.1483632396 50.0
507430.5931266771 3881206.1483632396 50.0
507430.5931266771 3881206.1483632396 50.0
507430.2468531953 3881205.9373746514 50.0
507430.2468531953 3881205.9373746514 50.0
507429.891462705 3881205.726378623 50.0
507429.891462705 3881205.726378623 50.0
507429.5542971177 3881205.526487271 50.0
507429.208014525 3881205.32658848 50.0
507429.208014525 3881205.32658848 50.0
507429.208014525 3881205.32658848 50.0
507428.8708489125 3881205.1266971524 50.0
507428.8708489125 3881205.1266971524 50.0
507428.5245753519 3881204.91570863 50.0
507428.5245753519 3881204.91570863 50.0
507428.1874097046 3881204.7158173276 50.0
507427.84112705104 3881204.5159185887 50.0
507428.1874097046 3881204.7158173276 50.0
507427.84112705104 3881204.5159185887 50.0
507427.5039613739 3881204.3160273125 50.0
507427.15767869016 3881204.1161286 50.0
507427.5039613739 3881204.3160273125 50.0
507427.15767869016 3881204.1161286 50.0
507426.8205129878 3881203.9162373496 50.0
507426.8205129878 3881203.9162373496 50.0
507426.49245520064 3881203.727443319 50.0
507426.49245520064 3881203.727443319 50.0
507426.16440646397 3881203.527559542 50.0
507425.83635770826 3881203.327675775 50.0
507425.83635770826 3881203.327675775 50.0
507425.50829988415 3881203.1388817793 50.0
507425.50829988415 3881203.1388817793 50.0
507425.50829988415 3881203.1388817793 50.0
507425.1802511 3881202.9389980366 50.0
507425.1802511 3881202.9389980366 50.0
507424.8521932482 3881202.750204064 50.0
507424.8521932482 3881202.750204064 50.0
507424.1869695582 3881202.361518953 50.0
507424.1869695582 3881202.361518953 50.0
507423.8680377153 3881202.161642704 50.0
507423.53997075214 3881201.9839385385 50.0
507423.53997075214 3881201.9839385385 50.0
507423.53997075214 3881201.9839385385 50.0
507423.22102982376 3881201.795152069 50.0
507423.22102982376 3881201.795152069 50.0
507422.90208888444 3881201.6063656146 50.0
507422.90208888444 3881201.6063656146 50.0
507422.58314793423 3881201.4175791694 50.0
507422.25508996914 3881201.228785292 50.0
507422.25508996914 3881201.228785292 50.0
507422.25508996914 3881201.228785292 50.0
507421.9361489923 3881201.03999887 50.0
507421.6080819463 3881200.8622947726 50.0
507421.6080819463 3881200.8622947726 50.0
507421.6080819463 3881200.8622947726 50.0
507421.2891409408 3881200.673508374 50.0
507421.2891409408 3881200.673508374 50.0
507420.9701999245 3881200.4847219866 50.0
507420.9701999245 3881200.4847219866 50.0
507420.65124983754 3881200.3070253683 50.0
507420.65124983754 3881200.3070253683 50.0
507420.33230879274 3881200.118239002 50.0
507420.33230879274 3881200.118239002 50.0
507420.01336773706 3881199.9294526493 50.0
507420.01336773706 3881199.9294526493 50.0
507419.69441761205 3881199.751756064 50.0
507419.69441761205 3881199.751756064 50.0
507419.37546747917 3881199.5740594906 50.0
507419.37546747917 3881199.5740594906 50.0
507419.0656343303 3881199.3963703695 50.0
507419.0656343303 3881199.3963703695 50.0
507418.7649181684 3881199.2186886994 45.0
507418.7649181684 3881199.2186886994 45.0
507418.45508499554 3881199.0409995974 45.0
507418.45508499554 3881199.0409995974 45.0
507418.1452608602 3881198.85222075 45.0
507417.8354276651 3881198.6745316708 45.0
507417.8354276651 3881198.6745316708 45.0
507417.53470240644 3881198.5079397988 45.0
507417.8354276651 3881198.6745316708 45.0
507417.2339861853 3881198.330258182 45.0
507417.2339861853 3881198.330258182 45.0
507417.2339861853 3881198.330258182 45.0
507416.9241439042 3881198.16365889 45.0
507416.9241439042 3881198.16365889 45.0
507416.61431065947 3881197.985969853 45.0
507416.61431065947 3881197.985969853 45.0
507416.3044683553 3881197.819370584 45.0
507416.3044683553 3881197.819370584 45.0
507416.0037430427 3881197.6527787647 45.0
507416.0037430427 3881197.6527787647 45.0
507415.71214376413 3881197.4751046333 45.0
507415.4205444718 3881197.297430511 45.0
507415.71214376413 3881197.4751046333 45.0
507415.13806217385 3881197.119763836 45.0
507415.4205444718 3881197.297430511 45.0
507415.13806217385 3881197.119763836 45.0
507414.55484544917 3881196.7865951564 45.0
507414.55484544917 3881196.7865951564 45.0
507414.2632370697 3881196.6200108286 45.0
507413.9625026333 3881196.4645088348 45.0
507413.9625026333 3881196.4645088348 45.0
507413.9625026333 3881196.4645088348 45.0
507413.67089423264 3881196.297924529 45.0
507413.67089423264 3881196.297924529 45.0
507413.3792858236 3881196.13134023 45.0
507413.3792858236 3881196.13134023 45.0
507413.0876774016 3881195.9647559426 45.0
507413.0876774016 3881195.9647559426 45.0
507412.79605992587 3881195.809261422 45.0
507412.79605992587 3881195.809261422 45.0
507412.51355944504 3881195.653774345 45.0
507412.51355944504 3881195.653774345 45.0
507412.2310589522 3881195.498287277 45.0
507412.2310589522 3881195.498287277 45.0
507411.9485674941 3881195.331710459 45.0
507411.9485674941 3881195.331710459 45.0
507411.6660669817 3881195.1762234084 45.0
507411.6660669817 3881195.1762234084 45.0
507411.38356646185 3881195.020736368 45.0
507411.38356646185 3881195.020736368 45.0
507410.79122341884 3881194.698650254 45.0
507410.79122341884 3881194.698650254 45.0
507410.4996149059 3881194.5320660495 45.0
507410.4996149059 3881194.5320660495 45.0
507410.19888937613 3881194.3654744225 45.0
507410.19888937613 3881194.3654744225 45.0
507409.5974382835 3881194.0322911977 45.0
507409.5974382835 3881194.0322911977 45.0
507408.9868791808 3881193.688010826 45.0
507408.9868791808 3881193.688010826 45.0
507408.6770365931 3881193.5214118185 45.0
507408.6770365931 3881193.5214118185 45.0
507408.37631099654 3881193.354820252 45.0
507408.05735137896 3881193.188213837 45.0
507408.37631099654 3881193.354820252 45.0
507408.05735137896 3881193.188213837 45.0
507407.7475177918 3881193.0105251037 45.0
507407.7475177918 3881193.0105251037 45.0
507407.42855815066 3881192.8439187096 45.0
507407.1187245395 3881192.666229999 45.0
507407.1187245395 3881192.666229999 45.0
507407.1187245395 3881192.666229999 45.0
507406.80889091623 3881192.488541296 45.0
507406.49904824555 3881192.3219423657 45.0
507406.49904824555 3881192.3219423657 45.0
507406.49904824555 3881192.3219423657 45.0
507406.1892146008 3881192.144253684 45.0
507405.87026393536 3881191.9665575884 45.0
507405.87026393536 3881191.9665575884 45.0
507405.87026393536 3881191.9665575884 45.0
507405.5604302616 3881191.7888689316 45.0
507405.2323625672 3881191.611165429 45.0
507405.2323625672 3881191.611165429 45.0
507405.2323625672 3881191.611165429 45.0
507404.9134118644 3881191.4334693667 45.0
507404.59446114686 3881191.255773315 45.0
507404.59446114686 3881191.255773315 45.0
507404.59446114686 3881191.255773315 45.0
507404.27551042155 3881191.0780772734 45.0
507404.27551042155 3881191.0780772734 45.0
507403.9565596814 3881190.9003812457 45.0
507403.6376089265 3881190.7226852262 45.0
507403.6376089265 3881190.7226852262 45.0
507403.6376089265 3881190.7226852262 45.0
507403.3186581638 3881190.544989221 45.0
507403.3186581638 3881190.544989221 45.0
507402.99059940956 3881190.356196043 45.0
507402.99059940956 3881190.356196043 45.0
507402.67164861906 3881190.1785000595 45.0
507402.67164861906 3881190.1785000595 45.0
507402.34358080785 3881190.000796662 45.0
507402.34358080785 3881190.000796662 45.0
507402.02463901986 3881189.812010943 45.0
507402.02463901986 3881189.812010943 45.0
507401.3776293732 3881189.4455218744 45.0
507401.0495615104 3881189.2678185254 45.0
507401.0495615104 3881189.2678185254 45.0
507401.0495615104 3881189.2678185254 45.0
507400.73061967216 3881189.0790328523 45.0
507400.73061967216 3881189.0790328523 45.0
507400.4025517835 3881188.9013295257 45.0
507400.4025517835 3881188.9013295257 45.0
507399.75554200215 3881188.534840574 45.0
507399.75554200215 3881188.534840574 45.0
507399.42747407715 3881188.3571372824 45.0
507399.42747407715 3881188.3571372824 45.0
507399.099415161 3881188.1683442453 45.0
507399.099415161 3881188.1683442453 45.0
507398.77135623596 3881187.9795512203 45.0
507398.77135623596 3881187.9795512203 45.0
507398.44328826707 3881187.8018479655 45.0
507398.44328826707 3881187.8018479655 45.0
507398.12434632576 3881187.6130623845 45.0
507398.12434632576 3881187.6130623845 45.0
507397.8053953441 3881187.435366573 45.0
507397.8053953441 3881187.435366573 45.0
507397.4773363611 3881187.2465735944 45.0
507397.16750236746 3881187.0688852244 45.0
507397.16750236746 3881187.0688852244 45.0
507397.16750236746 3881187.0688852244 45.0
507396.84856037167 3881186.880099688 45.0
507396.84856037167 3881186.880099688 45.0
507396.53872635093 3881186.7024113396 45.0
507396.53872635093 3881186.7024113396 45.0
507396.2288923204 3881186.5247230018 45.0
507396.2288923204 3881186.5247230018 45.0
507395.9281662649 3881186.358131849 45.0
507395.9281662649 3881186.358131849 45.0
507395.6183322085 3881186.1804435328 45.0
507395.6183322085 3881186.1804435328 45.0
507395.3176061304 3881186.0138524002 45.0
507395.3176061304 3881186.0138524002 45.0
507395.01688004134 3881185.8472612794 45.0
507395.01688004134 3881185.8472612794 45.0
507394.4336618555 3881185.514093897 45.0
507394.4336618555 3881185.514093897 45.0
507394.1420437287 3881185.3585999785 45.0
507394.1420437287 3881185.3585999785 45.0
507393.85043460946 3881185.1920163096 45.0
507393.85043460946 3881185.1920163096 45.0
507393.55881646 3881185.0365224113 45.0
507393.2763243354 3881184.869946178 45.0
507393.2763243354 3881184.869946178 45.0
507393.2763243354 3881184.869946178 45.0
507393.0029492141 3881184.703377368 45.0
507392.7113310344 3881184.5478834948 45.0
507392.7113310344 3881184.5478834948 45.0
507392.7113310344 3881184.5478834948 45.0
507392.42883887456 3881184.381307288 45.0
507392.146346709 3881184.2147310893 45.0
507392.146346709 3881184.2147310893 45.0
507392.146346709 3881184.2147310893 45.0
507391.5631463501 3881183.859384376 45.0
507391.5631463501 3881183.859384376 45.0
507391.2624201211 3881183.6927933805 45.0
507390.9525858852 3881183.5151052214 45.0
507391.2624201211 3881183.6927933805 45.0
507390.9525858852 3881183.5151052214 45.0
507390.65186864964 3881183.3374244887 45.0
507390.65186864964 3881183.3374244887 45.0
507390.34202537173 3881183.1708261096 45.0
507390.34202537173 3881183.1708261096 45.0
507390.0321820825 3881183.004227742 45.0
507389.7314557972 3881182.8376367963 45.0
507389.7314557972 3881182.8376367963 45.0
507389.7314557972 3881182.8376367963 45.0
507389.4398465165 3881182.671053272 45.0
507389.4398465165 3881182.671053272 45.0
507389.1391111952 3881182.515552104 45.0
507388.84749287955 3881182.360058355 45.0
507388.84749287955 3881182.360058355 45.0
507388.84749287955 3881182.360058355 45.0
507388.5467665514 3881182.19346745 45.0
507388.2369231983 3881182.0268691434 45.0
507388.5467665514 3881182.19346745 45.0
507388.2369231983 3881182.0268691434 45.0
507387.93619684794 3881181.860278258 45.0
507387.93619684794 3881181.860278258 45.0
507387.6445875054 3881181.6936947894 45.0
507387.6445875054 3881181.6936947894 45.0
507387.3712211975 3881181.516036393 45.0
507387.0887198341 3881181.3605501107 45.0
507387.3712211975 3881181.516036393 45.0
507387.0887198341 3881181.3605501107 45.0
507386.54195112194 3881181.0495923883 45.0
507386.54195112194 3881181.0495923883 45.0
507386.2959178015 3881180.894135763 45.0
507386.0589924797 3881180.7497763103 45.0
507386.0589924797 3881180.7497763103 45.0
507386.0589924797 3881180.7497763103 45.0
507385.8129591475 3881180.594319698 45.0
507385.8129591475 3881180.594319698 45.0
507385.54869176674 3881180.438848278 45.0
507385.54869176674 3881180.438848278 45.0
507385.2753163685 3881180.272279703 45.0
507385.2753163685 3881180.272279703 45.0
507385.01105798065 3881180.105718542 45.0
507385.01105798065 3881180.105718542 45.0
507384.7467995808 3881179.9391573872 45.0
507384.4734151467 3881179.783678592 45.0
507384.4734151467 3881179.783678592 45.0
507384.4734151467 3881179.783678592 45.0
507384.2182647404 3881179.628214619 45.0
507383.9539882965 3881179.483833004 45.0
507383.9539882965 3881179.483833004 45.0
507383.9539882965 3881179.483833004 45.0
507383.6897208541 3881179.328361639 45.0
507383.6897208541 3881179.328361639 45.0
507383.4163363836 3881179.1728828773 45.0
507383.4163363836 3881179.1728828773 45.0
507383.1338348799 3881179.017396718 45.0
507383.1338348799 3881179.017396718 45.0
507382.8513423777 3881178.850820811 45.0
507382.5779668847 3881178.6842523166 45.0
507382.5779668847 3881178.6842523166 45.0
507382.5779668847 3881178.6842523166 45.0
507382.28636634577 3881178.506579264 45.0
507381.99475679 3881178.339995979 45.0
507381.99475679 3881178.339995979 45.0
507381.69403020357 3881178.1734053013 45.0
507381.69403020357 3881178.1734053013 45.0
507381.3933126108 3881177.9957248755 45.0
507381.3933126108 3881177.9957248755 45.0
507381.3933126108 3881177.9957248755 45.0
507381.0834779859 3881177.8180370564 45.0
507380.7736343473 3881177.651439006 45.0
507380.7736343473 3881177.651439006 45.0
507380.7736343473 3881177.651439006 45.0
507380.45468267787 3881177.4737438066 45.0
507380.45468267787 3881177.4737438066 45.0
507380.1448480169 3881177.2960560196 45.0
507379.8259053278 3881177.107271085 45.0
507379.8259053278 3881177.107271085 45.0
507379.4978455996 3881176.91847876 45.0
507379.4978455996 3881176.91847876 45.0
507379.1697858624 3881176.729686449 45.0
507379.1697858624 3881176.729686449 45.0
507378.84172610694 3881176.5408941456 45.0
507378.84172610694 3881176.5408941456 45.0
507378.5045583196 3881176.3410046985 45.0
507378.5045583196 3881176.3410046985 45.0
507378.5045583196 3881176.3410046985 45.0
507378.1673815166 3881176.152205023 45.0
507378.1673815166 3881176.152205023 45.0
507377.8210876774 3881175.9633979597 45.0
507377.8210876774 3881175.9633979597 45.0
507377.4839198461 3881175.7635085513 45.0
507377.4839198461 3881175.7635085513 45.0
507377.13763497514 3881175.5636117565 45.0
507377.13763497514 3881175.5636117565 45.0
507376.7822420675 3881175.352617819 45.0
507376.7822420675 3881175.352617819 45.0
507376.42684014473 3881175.1527136522 45.0
507376.07143820403 3881174.9528095014 45.0
507376.07143820403 3881174.9528095014 45.0
507376.07143820403 3881174.9528095014 45.0
507375.70692822436 3881174.7418082072 45.0
507375.70692822436 3881174.7418082072 45.0
507375.3515352514 3881174.530814327 45.0
507375.3515352514 3881174.530814327 45.0
507374.98702523817 3881174.319813063 45.0
507374.62251520564 3881174.108811814 45.0
507374.98702523817 3881174.319813063 45.0
507374.62251520564 3881174.108811814 45.0
507374.24888813426 3881173.897803184 45.0
507373.8752610432 3881173.6867945693 45.0
507373.8752610432 3881173.6867945693 45.0
507373.5016339372 3881173.4757859693 45.0
507373.5016339372 3881173.4757859693 45.0
507373.12801580614 3881173.253687628 45.0
507373.12801580614 3881173.253687628 45.0
507372.7452716375 3881173.0426716655 45.0
507372.7452716375 3881173.0426716655 45.0
507372.7452716375 3881173.0426716655 45.0
507372.3625364448 3881172.8205659618 45.0
507372.3625364448 3881172.8205659618 45.0
507371.98891826364 3881172.598467668 45.0
507371.98891826364 3881172.598467668 45.0
507371.6061920266 3881172.365272237 45.0
507371.6061920266 3881172.365272237 45.0
507370.83161347546 3881171.9099637913 45.0
507370.83161347546 3881171.9099637913 45.0
507370.430653129 3881171.676753627 45.0
507370.03880978643 3881171.443550873 45.0
507370.430653129 3881171.676753627 45.0
507370.03880978643 3881171.443550873 45.0
507369.6469574335 3881171.2214378905 45.0
507369.6469574335 3881171.2214378905 45.0
507369.25511405355 3881170.9882351696 45.0
507369.25511405355 3881170.9882351696 45.0
507368.8541536238 3881170.7550250744 50.0
507368.8541536238 3881170.7550250744 50.0
507368.46231020347 3881170.5218223887 50.0
507368.46231020347 3881170.5218223887 50.0
507368.06134973286 3881170.2886123294 50.0
507368.06134973286 3881170.2886123294 50.0
507367.65127221355 3881170.0553948996 50.0
507367.25031170156 3881169.8221848747 50.0
507367.25031170156 3881169.8221848747 50.0
507366.8402431297 3881169.577877724 50.0
507366.8402431297 3881169.577877724 50.0
507366.43016554473 3881169.3446603487 50.0
507366.8402431297 3881169.577877724 50.0
507366.0200969293 3881169.1003532344 50.0
507366.43016554473 3881169.3446603487 50.0
507366.0200969293 3881169.1003532344 50.0
507365.6100282919 3881168.856046138 50.0
507365.6100282919 3881168.856046138 50.0
507365.1908336133 3881168.6228214335 50.0
507364.77164789994 3881168.378506988 50.0
507364.77164789994 3881168.378506988 50.0
507364.36157919647 3881168.1341999494 50.0
507364.36157919647 3881168.1341999494 50.0
507363.9423844526 3881167.9009753005 50.0
507363.9423844526 3881167.9009753005 50.0
507363.523189692 3881167.6677506734 50.0
507363.523189692 3881167.6677506734 50.0
507363.523189692 3881167.6677506734 50.0
507363.1040038899 3881167.423436306 50.0
507362.69393509626 3881167.179129342 50.0
507362.69393509626 3881167.179129342 50.0
507362.27474026807 3881166.9459047723 50.0
507362.27474026807 3881166.9459047723 50.0
507362.27474026807 3881166.9459047723 50.0
507361.8555544015 3881166.7015904626 50.0
507361.4454765592 3881166.4683733145 50.0
507361.4454765592 3881166.4683733145 50.0
507361.02628166863 3881166.2351488015 50.0
507361.02628166863 3881166.2351488015 50.0
507360.6070867542 3881166.001924308 50.0
507360.6070867542 3881166.001924308 50.0
507360.18790079706 3881165.7576100756 50.0
507360.18790079706 3881165.7576100756 50.0
507359.7687058392 3881165.524385623 50.0
507359.7687058392 3881165.524385623 50.0
507359.7687058392 3881165.524385623 50.0
507359.3586368705 3881165.280078811 50.0
507359.3586368705 3881165.280078811 50.0
507358.93945084896 3881165.035764637 50.0
507358.93945084896 3881165.035764637 50.0
507358.52026480023 3881164.7914504833 50.0
507358.52026480023 3881164.7914504833 50.0
507358.1010697574 3881164.5582261053 50.0
507358.1010697574 3881164.5582261053 50.0
507357.68188366655 3881164.3139119907 50.0
507357.68188366655 3881164.3139119907 50.0
507357.262688578 3881164.0806876514 50.0
507357.262688578 3881164.0806876514 50.0
507356.8435024426 3881163.836373576 50.0
507356.8435024426 3881163.836373576 50.0
507356.4243073105 3881163.603149276 50.0
507356.4243073105 3881163.603149276 50.0
507356.0142291941 3881163.369932375 50.0
507356.0142291941 3881163.369932375 50.0
507355.5950429902 3881163.1256183563 50.0
507355.5950429902 3881163.1256183563 50.0
507355.184964831 3881162.892401492 50.0
507355.184964831 3881162.892401492 50.0
507354.7657785851 3881162.648087512 50.0
507354.7657785851 3881162.648087512 50.0
507354.3465833451 3881162.414863309 50.0
507354.3465833451 3881162.414863309 50.0
507353.9365051196 3881162.1816465016 50.0
507353.5264268754 3881161.9484297116 50.0
507353.5264268754 3881161.9484297116 50.0
507353.5264268754 3881161.9484297116 50.0
507353.11634860554 3881161.7152129402 50.0
507352.7062703193 3881161.4819961884 50.0
507352.7062703193 3881161.4819961884 50.0
507352.7062703193 3881161.4819961884 50.0
507352.2961830406 3881161.259869212 50.0
507352.2961830406 3881161.259869212 50.0
507351.8952217477 3881161.0266598696 50.0
507351.8952217477 3881161.0266598696 50.0
507351.49426043424 3881160.793450546 50.0
507351.49426043424 3881160.793450546 50.0
507351.09329910256 3881160.56024124 50.0
507350.69232878083 3881160.3381217094 50.0
507350.69232878083 3881160.3381217094 50.0
507350.69232878083 3881160.3381217094 50.0
507350.2913584419 3881160.1160021964 50.0
507350.2913584419 3881160.1160021964 50.0
507349.8995140855 3881159.882800315 50.0
507349.5076607457 3881159.6606882084 50.0
507349.5076607457 3881159.6606882084 50.0
507349.5076607457 3881159.6606882084 50.0
507349.11581634963 3881159.42748636 50.0
507349.11581634963 3881159.42748636 50.0
507348.7239629688 3881159.2053742865 50.0
507348.7239629688 3881159.2053742865 50.0
507348.3321095711 3881158.983262232 45.0
507348.3321095711 3881158.983262232 45.0
507347.94937319134 3881158.7611575616 45.0
507347.94937319134 3881158.7611575616 45.0
507347.55751975335 3881158.5390455406 45.0
507347.17478333606 3881158.316940903 45.0
507347.17478333606 3881158.316940903 45.0
507346.78292089986 3881158.1059186724 45.0
507346.78292089986 3881158.1059186724 45.0
507346.4001844455 3881157.8838140676 45.0
507346.4001844455 3881157.8838140676 45.0
507346.4001844455 3881157.8838140676 45.0
507346.0174479747 3881157.6617094795 45.0
507346.0174479747 3881157.6617094795 45.0
507345.63471148297 3881157.439604908 45.0
507345.63471148297 3881157.439604908 45.0
507345.26108305296 3881157.228597478 45.0
507344.87833756674 3881157.017582695 45.0
507345.26108305296 3881157.228597478 45.0
507344.87833756674 3881157.017582695 45.0
507344.5047091042 3881156.806575296 45.0
507344.1310895812 3881156.5844781525 45.0
507344.5047091042 3881156.806575296 45.0
507343.7574610835 3881156.3734707837 45.0
507344.1310895812 3881156.5844781525 45.0
507343.3929496083 3881156.1624707957 45.0
507343.7574610835 3881156.3734707837 45.0
507343.01932107616 3881155.9514634563 45.0
507343.01932107616 3881155.9514634563 45.0
507342.65480956924 3881155.740463498 45.0
507342.65480956924 3881155.740463498 45.0
507342.65480956924 3881155.740463498 45.0
507342.2994061288 3881155.540560675 45.0
507341.9348945887 3881155.329560745 45.0
507342.2994061288 3881155.540560675 45.0
507341.9348945887 3881155.329560745 45.0
507341.5795000748 3881155.118568192 45.0
507341.2149795455 3881154.918658048 45.0
507341.2149795455 3881154.918658048 45.0
507341.2149795455 3881154.918658048 45.0
507340.86869308486 3881154.718762644 45.0
507340.86869308486 3881154.718762644 45.0
507340.5132895653 3881154.5188598908 45.0
507340.5132895653 3881154.5188598908 45.0
507340.1578860324 3881154.318957152 45.0
507339.81159952807 3881154.119061788 45.0
507339.81159952807 3881154.119061788 45.0
507339.4653130085 3881153.9191664374 45.0
507339.4653130085 3881153.9191664374 45.0
507339.4653130085 3881153.9191664374 45.0
507339.12813456514 3881153.730368218 45.0
507339.12813456514 3881153.730368218 45.0
507338.78184801573 3881153.5304728923 45.0
507338.78184801573 3881153.5304728923 45.0
507338.44466954377 3881153.3416747004 45.0
507338.44466954377 3881153.3416747004 45.0
507338.1074910555 3881153.1528765177 45.0
507338.1074910555 3881153.1528765177 45.0
507337.77032150934 3881152.952988592 45.0
507337.77032150934 3881152.952988592 45.0
507337.4240259472 3881152.764183077 45.0
507337.4240259472 3881152.764183077 45.0
507337.07773932366 3881152.5642878185 45.0
507337.07773932366 3881152.5642878185 45.0
507336.7314526849 3881152.364392572 45.0
507336.7314526849 3881152.364392572 45.0
507336.3760489849 3881152.1644899826 45.0
507336.3760489849 3881152.1644899826 45.0
507336.0297533662 3881151.9756845194 45.0
507336.0297533662 3881151.9756845194 45.0
507335.6925837261 3881151.775796671 45.0
507335.35540512507 3881151.586998592 45.0
507335.6925837261 3881151.775796671 45.0
507335.35540512507 3881151.586998592 45.0
507335.0091094609 3881151.398193171 45.0
507335.0091094609 3881151.398193171 45.0
507334.65370568534 3881151.198290648 45.0
507334.29830189416 3881150.99838814 45.0
507334.29830189416 3881150.99838814 45.0
507334.29830189416 3881150.99838814 45.0
507333.9428891406 3881150.809575402 45.0
507333.9428891406 3881150.809575402 45.0
507333.59660236625 3881150.6096802764 45.0
507333.59660236625 3881150.6096802764 45.0
507333.2594236762 3881150.420882276 45.0
507332.9222449745 3881150.232084288 45.0
507332.9222449745 3881150.232084288 45.0
507332.9222449745 3881150.232084288 45.0
507332.6032914101 3881150.054390777 45.0
507332.6032914101 3881150.054390777 45.0
507332.27522973187 3881149.8656001696 45.0
507332.27522973187 3881149.8656001696 45.0
507331.9471680354 3881149.6768095703 45.0
507331.9471680354 3881149.6768095703 45.0
507331.6008722302 3881149.488004278 45.0
507331.6008722302 3881149.488004278 45.0
507331.25457641063 3881149.2991989995 45.0
507331.25457641063 3881149.2991989995 45.0
507330.580218827 3881148.9216031865 45.0
507330.580218827 3881148.9216031865 45.0
507330.2430489541 3881148.72171554 45.0
507330.2430489541 3881148.72171554 45.0
507329.8967530772 3881148.532910315 45.0
507329.8967530772 3881148.532910315 45.0
507329.5595652945 3881148.355202209 45.0
507329.2223953805 3881148.155314602 45.0
507329.2223953805 3881148.155314602 45.0
507328.87609946093 3881147.9665094153 45.0
507328.87609946093 3881147.9665094153 45.0
507328.52069541666 3881147.7666071346 45.0
507328.87609946093 3881147.9665094153 45.0
507328.15616536414 3881147.5777872726 45.0
507328.15616536414 3881147.5777872726 45.0
507328.15616536414 3881147.5777872726 45.0
507327.7916263596 3881147.400057187 45.0
507327.454429555 3881147.233438918 45.0
507327.454429555 3881147.233438918 45.0
507327.454429555 3881147.233438918 45.0
507327.1172416741 3881147.0557309026 45.0
507327.1172416741 3881147.0557309026 45.0
507326.78004484676 3881146.8891126593 45.0
507326.45196505386 3881146.722501775 45.0
507326.78004484676 3881146.8891126593 45.0
507326.45196505386 3881146.722501775 45.0
507326.105651148 3881146.55587621 45.0
507326.105651148 3881146.55587621 45.0
507325.75932829274 3881146.400340413 45.0
507325.75932829274 3881146.400340413 45.0
507325.42212247755 3881146.2448119773 45.0
507325.08490771503 3881146.1003733105 45.0
507325.08490771503 3881146.1003733105 45.0
507325.08490771503 3881146.1003733105 45.0
507324.738584825 3881145.9448375534 45.0
507324.738584825 3881145.9448375534 45.0
507324.38313593564 3881145.800384222 45.0
507324.38313593564 3881145.800384222 45.0
507324.02768703277 3881145.655930903 45.0
507324.02768703277 3881145.655930903 45.0
507323.67222918436 3881145.522567356 45.0
507323.67222918436 3881145.522567356 45.0
507323.325879447 3881145.400300926 45.0
507323.325879447 3881145.400300926 45.0
507322.9795297026 3881145.2780345073 45.0
507322.9795297026 3881145.2780345073 45.0
507322.62406288896 3881145.1557607586 45.0
507322.62406288896 3881145.1557607586 45.0
507322.2777041911 3881145.0445841253 45.0
507322.2777041911 3881145.0445841253 45.0
507321.9313454871 3881144.933407506 45.0
507321.9313454871 3881144.933407506 45.0
507321.575860785 3881144.833313313 45.0
507321.575860785 3881144.833313313 45.0
507321.23861018434 3881144.7332338193 45.0
507321.23861018434 3881144.7332338193 45.0
507320.8831165361 3881144.6442294098 45.0
507320.8831165361 3881144.6442294098 45.0
507320.5276139529 3881144.5663147736 45.0
507320.5276139529 3881144.5663147736 45.0
507320.18122841726 3881144.48840749 45.0
507320.18122841726 3881144.48840749 45.0
507319.8257168925 3881144.4215826383 45.0
507319.8257168925 3881144.4215826383 45.0
507319.4701875044 3881144.3769373144 45.0
507319.4701875044 3881144.3769373144 45.0
507319.11465811054 3881144.332292004 45.0
507319.11465811054 3881144.332292004 45.0
507318.75912871555 3881144.2876467095 45.0
507318.75912871555 3881144.2876467095 45.0
507318.40357253386 3881144.2762706983 45.0
507318.0571334052 3881144.2649020413 45.0
507318.0571334052 3881144.2649020413 45.0
507318.0571334052 3881144.2649020413 45.0
507317.7106853488 3881144.264623155 45.0
507317.7106853488 3881144.264623155 45.0
507317.3642283636 3881144.2754340386 45.0
507317.3642283636 3881144.2754340386 45.0
507317.0268884355 3881144.2862522746 45.0
507317.0268884355 3881144.2862522746 45.0
507316.6895306546 3881144.319250038 45.0
507316.6895306546 3881144.319250038 45.0
507316.3521728808 3881144.3522478114 45.0
507316.02392323606 3881144.396342694 45.0
507316.02392323606 3881144.396342694 45.0
507316.02392323606 3881144.396342694 45.0
507315.7047817239 3881144.451534682 45.0
507315.7047817239 3881144.451534682 45.0
507315.3856312915 3881144.517816438 45.0
507315.3856312915 3881144.517816438 45.0
507315.0755979151 3881144.5841055433 45.0
507315.0755979151 3881144.5841055433 45.0
507314.76555562456 3881144.6614844166 45.0
507314.4555044141 3881144.749953054 45.0
507314.76555562456 3881144.6614844166 45.0
507314.154570263 3881144.8384290407 45.0
507314.154570263 3881144.8384290407 45.0
507314.154570263 3881144.8384290407 45.0
507313.8536271956 3881144.9379947935 45.0
507313.5617922684 3881145.0486576487 45.0
507313.5617922684 3881145.0486576487 45.0
507313.26994842454 3881145.1704102703 45.0
507313.5617922684 3881145.0486576487 45.0
507312.96897861443 3881145.3032453256 45.0
507312.96897861443 3881145.3032453256 45.0
507312.96897861443 3881145.3032453256 45.0
507312.6771258683 3881145.436087723 45.0
507312.6771258683 3881145.436087723 45.0
507312.3761471553 3881145.5800125543 45.0
507312.3761471553 3881145.5800125543 45.0
507312.08427658427 3881145.7350344853 45.0
507312.08427658427 3881145.7350344853 45.0
507311.7923971035 3881145.901146184 45.0
507311.5096257685 3881146.078354981 45.0
507311.5096257685 3881146.078354981 45.0
507311.5096257685 3881146.078354981 45.0
507311.2268455232 3881146.2666535457 45.0
507311.2268455232 3881146.2666535457 45.0
507310.95317342505 3881146.466049208 45.0
507310.95317342505 3881146.466049208 45.0
507310.6794924205 3881146.6765346355 45.0
507310.405802506 3881146.8981098295 45.0
507310.405802506 3881146.8981098295 45.0
507310.14122966054 3881147.1196923624 45.0
507310.14122966054 3881147.1196923624 45.0
507309.8857649615 3881147.352371992 45.0
507310.14122966054 3881147.1196923624 45.0
507309.8857649615 3881147.352371992 45.0
507309.6302913584 3881147.596141386 45.0
507309.3930518674 3881147.839925447 45.0
507309.3930518674 3881147.839925447 45.0
507309.3930518674 3881147.839925447 45.0
507309.15579455835 3881148.1058890307 45.0
507309.15579455835 3881148.1058890307 45.0
507308.92765431304 3881148.3718599505 45.0
507308.92765431304 3881148.3718599505 45.0
507308.7086222147 3881148.648927964 45.0
507308.7086222147 3881148.648927964 45.0
507308.489581214 3881148.937085739 45.0
507308.489581214 3881148.937085739 45.0
507308.288774325 3881149.225258178 45.0
507308.288774325 3881149.225258178 45.0
507308.0970755845 3881149.52452771 45.0
507308.0970755845 3881149.52452771 45.0
507307.9144939004 3881149.8238045746 45.0
507307.9144939004 3881149.8238045746 45.0
507307.7410292809 3881150.1230887715 45.0
507307.57667280594 3881150.433470057 45.0
507307.7410292809 3881150.1230887715 45.0
507307.57667280594 3881150.433470057 45.0
507307.4305504347 3881150.743866005 45.0
507307.4305504347 3881150.743866005 45.0
507307.28441916156 3881151.065351711 45.0
507307.28441916156 3881151.065351711 45.0
507307.1565309063 3881151.375762321 45.0
507307.1565309063 3881151.375762321 45.0
507307.03775078995 3881151.6972700167 45.0
507307.03775078995 3881151.6972700167 45.0
507306.8275417269 3881152.340307399 45.0
507306.8275417269 3881152.340307399 45.0
507306.7452209054 3881152.67293417 45.0
507306.7452209054 3881152.67293417 45.0
507306.6720260486 3881152.99447851 45.0
507306.6720260486 3881152.99447851 45.0
507306.5988222835 3881153.32711261 45.0
507306.5988222835 3881153.32711261 45.0
507306.53473557055 3881153.6597540383 45.0
507306.47065777314 3881153.9813057096 45.0
507306.53473557055 3881153.6597540383 45.0
507306.3698444116 3881154.6355207944 45.0
507306.47065777314 3881153.9813057096 45.0
507306.3698444116 3881154.6355207944 45.0
507306.3422258912 3881154.9681915366 45.0
507306.32371549786 3881155.3119593617 45.0
507306.32371549786 3881155.3119593617 45.0
507306.32371549786 3881155.3119593617 45.0
507306.32344810624 3881155.6446520854 45.0
507306.32344810624 3881155.6446520854 45.0
507306.31404584635 3881155.999516997 45.0
507306.31404584635 3881155.999516997 45.0
507306.313769542 3881156.343299478 45.0
507306.313769542 3881156.343299478 45.0
507306.322601366 3881156.6981790448 45.0
507306.322601366 3881156.6981790448 45.0
507306.3314331892 3881157.053058611 45.0
507306.3314331892 3881157.053058611 45.0
507306.3584901801 3881157.419042591 45.0
507306.3855560843 3881157.773936814 45.0
507306.3855560843 3881157.773936814 45.0
507306.3855560843 3881157.773936814 45.0
507306.46703900036 3881158.4837472416 45.0
507306.52145601483 3881158.8386634495 45.0
507306.52145601483 3881158.8386634495 45.0
507306.57588193606 3881159.182489899 45.0
507306.52145601483 3881158.8386634495 45.0
507306.57588193606 3881159.182489899 45.0
507306.6394248918 3881159.5263236766 45.0
507306.6394248918 3881159.5263236766 45.0
507306.71209379676 3881159.859075026 45.0
507306.71209379676 3881159.859075026 45.0
507306.7756456607 3881160.191819047 45.0
507306.8574315883 3881160.524577726 45.0
507306.8574315883 3881160.524577726 45.0
507306.93010047945 3881160.8573290776 45.0
507306.93010047945 3881160.8573290776 45.0
507307.02099452063 3881161.2011848437 45.0
507306.93010047945 3881160.8573290776 45.0
507307.02099452063 3881161.2011848437 45.0
507307.1845841709 3881161.844522692 45.0
507307.1845841709 3881161.844522692 45.0
507307.27549602324 3881162.166198947 45.0
507307.36640786915 3881162.4878752013 45.0
507307.36640786915 3881162.4878752013 45.0
507307.36640786915 3881162.4878752013 45.0
507307.4573197062 3881162.8095514583 45.0
507307.5573396619 3881163.142324801 45.0
507307.5573396619 3881163.142324801 45.0
507307.65735960787 3881163.475098146 45.0
507307.65735960787 3881163.475098146 45.0
507307.7573795442 3881163.8078714926 45.0
507307.7573795442 3881163.8078714926 45.0
507307.7573795442 3881163.8078714926 45.0
507307.8665075968 3881164.151741926 45.0
507307.8665075968 3881164.151741926 45.0
507308.08476367255 3881164.8394827996 45.0
507308.08476367255 3881164.8394827996 45.0
507308.19388278027 3881165.1944429954 45.0
507308.19388278027 3881165.1944429954 45.0
507308.42123800685 3881165.904370723 45.0
507308.42123800685 3881165.904370723 45.0
507308.6485842842 3881166.625388214 45.0
507308.6485842842 3881166.625388214 45.0
507308.88504755375 3881167.3464130415 45.0
507308.88504755375 3881167.3464130415 45.0
507308.99415768584 3881167.7124630073 45.0
507308.99415768584 3881167.7124630073 45.0
507309.1123937556 3881168.067430545 45.0
507309.1123937556 3881168.067430545 45.0
507309.22150386975 3881168.433480514 45.0
507309.22150386975 3881168.433480514 45.0
507309.33973100205 3881168.7995378133 45.0
507309.33973100205 3881168.7995378133 45.0
507309.4488411005 3881169.1655877857 45.0
507309.4488411005 3881169.1655877857 45.0
507309.5670682164 3881169.5316450894 45.0
507309.5670682164 3881169.5316450894 45.0
507309.6761782945 3881169.8976950636 45.0
507309.6761782945 3881169.8976950636 45.0
507309.7852972811 3881170.252655282 45.0
507309.7852972811 3881170.252655282 45.0
507310.00351739576 3881170.984755238 45.0
507310.00351739576 3881170.984755238 45.0
507310.1035104096 3881171.350797889 45.0
507310.1035104096 3881171.350797889 45.0
507310.31261344365 3881172.0828905217 45.0
507310.31261344365 3881172.0828905217 45.0
507310.4126153532 3881172.4378434177 45.0
507310.4126153532 3881172.4378434177 45.0
507310.59436725994 3881173.1699140626 45.0
507310.59436725994 3881173.1699140626 45.0
507310.6852521219 3881173.5248596305 45.0
507310.6852521219 3881173.5248596305 45.0
507310.7670199525 3881173.879797866 45.0
507310.85790480045 3881174.234743437 45.0
507310.85790480045 3881174.234743437 45.0
507310.85790480045 3881174.234743437 45.0
507310.9396726178 3881174.589681674 45.0
507311.0123323244 3881174.9335228233 45.0
507311.0123323244 3881174.9335228233 45.0
507311.07587500033 3881175.2773566404 45.0
507311.07587500033 3881175.2773566404 45.0
507311.07587500033 3881175.2773566404 45.0
507311.1485436152 3881175.610108033 45.0
507311.1485436152 3881175.610108033 45.0
507311.21208628116 3881175.953941852 45.0
507311.27562002547 3881176.30886543 45.0
507311.27562002547 3881176.30886543 45.0
507311.27562002547 3881176.30886543 45.0
507311.3300456602 3881176.6526919175 45.0
507311.3662372509 3881176.9965037396 45.0
507311.3662372509 3881176.9965037396 45.0
507311.3662372509 3881176.9965037396 45.0
507311.41154585726 3881177.3403228973 45.0
507311.41154585726 3881177.3403228973 45.0
507311.4477374421 3881177.68413472 45.0
507311.4477374421 3881177.68413472 45.0
507311.4839290218 3881178.0279465434 45.0
507311.4839290218 3881178.0279465434 45.0
507311.52012952056 3881178.36066861 45.0
507311.52012952056 3881178.36066861 45.0
507311.547221912 3881178.682293585 45.0
507311.547221912 3881178.682293585 45.0
507311.5743143062 3881179.0039185607 45.0
507311.5743143062 3881179.0039185607 45.0
507311.59228967736 3881179.325536204 45.0
507311.59228967736 3881179.325536204 45.0
507311.6099974599 3881179.979846585 45.0
507311.59150475665 3881180.3014348974 45.0
507311.59150475665 3881180.3014348974 45.0
507311.59124608955 3881180.6230378756 45.0
507311.59124608955 3881180.6230378756 45.0
507311.57275338814 3881180.9446261884 45.0
507311.57275338814 3881180.9446261884 45.0
507311.57275338814 3881180.9446261884 45.0
507311.5542606857 3881181.2662145016 45.0
507311.5542606857 3881181.2662145016 45.0
507311.53576798685 3881181.587802815 45.0
507311.53576798685 3881181.587802815 45.0
507311.5081582731 3881181.909383795 45.0
507311.5081582731 3881181.909383795 45.0
507311.4714404649 3881182.2198676844 45.0
507311.4347226591 3881182.530351576 45.0
507311.4714404649 3881182.2198676844 45.0
507311.4347226591 3881182.530351576 45.0
507311.3888878382 3881182.840828134 45.0
507311.3888878382 3881182.840828134 45.0
507311.3430530228 3881183.151304692 45.0
507311.3430530228 3881183.151304692 45.0
507311.2881101127 3881183.450684159 45.0
507311.2881101127 3881183.450684159 45.0
507311.2422753014 3881183.76116072 45.0
507311.2422753014 3881183.76116072 45.0
507311.17820646754 3881184.0716226143 45.0
507311.17820646754 3881184.0716226143 45.0
507311.12326357065 3881184.3710020846 45.0
507311.12326357065 3881184.3710020846 45.0
507311.0042429345 3881184.9919332075 45.0
507311.0042429345 3881184.9919332075 45.0
507310.9219400895 3881185.3023804403 45.0
507310.83962833136 3881185.6239174316 45.0
507310.83962833136 3881185.6239174316 45.0
507310.83962833136 3881185.6239174316 45.0
507310.7482084854 3881185.934357334 45.0
507310.7482084854 3881185.934357334 45.0
507310.6476716362 3881186.244789906 45.0
507310.6476716362 3881186.244789906 45.0
507310.5471347892 3881186.555222478 45.0
507310.5471347892 3881186.555222478 45.0
507310.4465890331 3881186.8767448096 45.0
507310.4465890331 3881186.8767448096 45.0
507310.3369173576 3881187.2093495694 45.0
507310.2181286749 3881187.5419469983 45.0
507310.2181286749 3881187.5419469983 45.0
507310.2181286749 3881187.5419469983 45.0
507310.09934000316 3881187.87454443 45.0
507310.09934000316 3881187.87454443 45.0
507309.9714432478 3881188.1960447733 45.0
507309.9714432478 3881188.1960447733 45.0
507309.83443840937 3881188.506448029 45.0
507309.6791995618 3881188.816836626 45.0
507309.6791995618 3881188.816836626 45.0
507309.6791995618 3881188.816836626 45.0
507309.5330688144 3881189.138322314 45.0
507309.38695591333 3881189.437628489 45.0
507309.38695591333 3881189.437628489 45.0
507309.38695591333 3881189.437628489 45.0
507309.23171709455 3881189.7480170927 45.0
507309.0673612806 3881190.05839837 45.0
507309.0673612806 3881190.05839837 45.0
507309.0673612806 3881190.05839837 45.0
507308.9121224833 3881190.36878698 45.0
507308.9121224833 3881190.36878698 45.0
507308.73865860025 3881190.668071177 45.0
507308.73865860025 3881190.668071177 45.0
507308.5743028174 3881190.9784524627 45.0
507308.5743028174 3881190.9784524627 45.0
507308.40083003906 3881191.2888264204 45.0
507308.40083003906 3881191.2888264204 45.0
507308.23646536574 3881191.6102974718 45.0
507308.23646536574 3881191.6102974718 45.0
507308.0629836979 3881191.9317611954 45.0
507307.88949312497 3881192.2643146818 45.0
507308.0629836979 3881191.9317611954 45.0
507307.88949312497 3881192.2643146818 45.0
507307.70689447405 3881192.5857710848 45.0
507307.70689447405 3881192.5857710848 45.0
507307.53341284354 3881192.9072348187 45.0
507307.53341284354 3881192.9072348187 45.0
507307.35080530134 3881193.239780987 45.0
507307.35080530134 3881193.239780987 45.0
507307.16820669133 3881193.561237401 45.0
507307.16820669133 3881193.561237401 45.0
507306.99472509604 3881193.882701146 45.0
507306.99472509604 3881193.882701146 45.0
507306.81211759767 3881194.215247325 45.0
507306.81211759767 3881194.215247325 45.0
507306.6386360274 3881194.5367110786 45.0
507306.6386360274 3881194.5367110786 45.0
507306.45604638185 3881194.8470777483 45.0
507306.2734478333 3881195.1685341806 45.0
507306.45604638185 3881194.8470777483 45.0
507306.2734478333 3881195.1685341806 45.0
507306.0908493 3881195.4899906167 45.0
507305.89913377265 3881195.8114397298 45.0
507305.89913377265 3881195.8114397298 45.0
507305.89913377265 3881195.8114397298 45.0
507305.7165352654 3881196.1328961723 45.0
507305.7165352654 3881196.1328961723 45.0
507305.5339367687 3881196.4543526205 45.0
507305.5339367687 3881196.4543526205 45.0
507305.34222128364 3881196.7758017452 45.0
507305.34222128364 3881196.7758017452 45.0
507305.15050581214 3881197.097250874 45.0
507304.96789844555 3881197.429797091 45.0
507304.96789844555 3881197.429797091 45.0
507304.96789844555 3881197.429797091 45.0
507304.7761829987 3881197.751246228 45.0
507304.7761829987 3881197.751246228 45.0
507304.59357565886 3881198.083792454 45.0
507304.59357565886 3881198.083792454 45.0
507304.40186024364 3881198.4052415984 45.0
507304.40186024364 3881198.4052415984 45.0
507304.21013592667 3881198.7377805053 45.0
507304.21013592667 3881198.7377805053 45.0
507304.0275375377 3881199.059236986 45.0
507304.0275375377 3881199.059236986 45.0
507303.83581325045 3881199.391775902 45.0
507303.83581325045 3881199.391775902 45.0
507303.6440978895 3881199.713225063 45.0
507303.6440978895 3881199.713225063 45.0
507303.45237363 3881200.045763987 45.0
507303.25153238693 3881200.3782955906 45.0
507303.45237363 3881200.045763987 45.0
507303.0598081558 3881200.7108345246 45.0
507303.0598081558 3881200.7108345246 45.0
507302.85896694404 3881201.0433661365 45.0
507302.85896694404 3881201.0433661365 45.0
507302.85896694404 3881201.0433661365 45.0
507302.6672338302 3881201.386994836 45.0
507302.6672338302 3881201.386994836 45.0
507302.46638373914 3881201.730616215 45.0
507302.46638373914 3881201.730616215 45.0
507302.28375874227 3881202.085342005 45.0
507302.28375874227 3881202.085342005 45.0
507302.10114267224 3881202.4289780417 45.0
507301.9185266137 3881202.77261408 45.0
507302.10114267224 3881202.4289780417 45.0
507301.74501865846 3881203.1273472034 45.0
507301.9185266137 3881202.77261408 45.0
507301.74501865846 3881203.1273472034 45.0
507301.580627709 3881203.4820876545 45.0
507301.580627709 3881203.4820876545 45.0
507301.4162278674 3881203.847917867 45.0
507301.4162278674 3881203.847917867 45.0
507301.2700709313 3881204.2026729686 45.0
507301.2700709313 3881204.2026729686 45.0
507301.12390510197 3881204.5685178316 45.0
507301.12390510197 3881204.5685178316 45.0
507300.98685627745 3881204.9343700195 45.0
507300.98685627745 3881204.9343700195 45.0
507300.85892445664 3881205.3002295312 45.0
507300.85892445664 3881205.3002295312 45.0
507300.73101045884 3881205.643909529 45.0
507300.73101045884 3881205.643909529 45.0
507300.6030964683 3881205.9875895292 45.0
507300.48429948144 3881206.3312768526 45.0
507300.6030964683 3881205.9875895292 45.0
507300.48429948144 3881206.3312768526 45.0
507300.3563944181 3881206.6638670964 45.0
507300.23760635505 3881206.996464665 45.0
507300.3563944181 3881206.6638670964 45.0
507300.23760635505 3881206.996464665 45.0
507300.11880939506 3881207.3401519936 45.0
507300.11880939506 3881207.3401519936 45.0
507300.0000213495 3881207.6727495654 45.0
507300.0000213495 3881207.6727495654 45.0
507299.872107415 3881208.0164295766 45.0
507299.872107415 3881208.0164295766 45.0
507299.75331938954 3881208.3490271517 45.0
507299.75331938954 3881208.3490271517 45.0
507299.63452246535 3881208.6927144863 45.0
507299.63452246535 3881208.6927144863 45.0
507299.5066263687 3881209.0142149855 45.0
507299.5066263687 3881209.0142149855 45.0
507299.3878383672 3881209.3468125667 45.0
507299.3878383672 3881209.3468125667 45.0
507299.2781762673 3881209.66832771 45.0
507299.2781762673 3881209.66832771 45.0
507299.1593882827 3881210.000925295 45.0
507299.1593882827 3881210.000925295 45.0
507299.05881647323 3881210.3557170373 45.0
507299.05881647323 3881210.3557170373 45.0
507298.967352757 3881210.7216058606 45.0
507298.967352757 3881210.7216058606 45.0
507298.88500603265 3881211.0875020046 45.0
507298.88500603265 3881211.0875020046 45.0
507298.82089328783 3881211.4534127894 45.0
507298.82089328783 3881211.4534127894 45.0
507298.76588863035 3881211.830420653 45.0
507298.76588863035 3881211.830420653 45.0
507298.72000986943 3881212.196346081 45.0
507298.72000986943 3881212.196346081 45.0
507298.6923561767 3881212.5733759054 45.0
507298.6923561767 3881212.5733759054 45.0
507298.6464774223 3881212.939301333 45.0
507298.6464774223 3881212.939301333 45.0
507298.61883264093 3881213.3052414 45.0
507298.61883264093 3881213.3052414 45.0
507298.59118786175 3881213.671181469 45.0
507298.58177705255 3881214.0371361757 45.0
507298.58177705255 3881214.0371361757 45.0
507298.58177705255 3881214.0371361757 45.0
507298.5632492582 3881214.4030835647 45.0
507298.5632492582 3881214.4030835647 45.0
507298.5720724195 3881214.7690529125 45.0
507298.5720724195 3881214.7690529125 45.0
507298.5991206396 3881215.1461266587 45.0
507298.5991206396 3881215.1461266587 45.0
507298.6170518749 3881215.5231930856 45.0
507298.6170518749 3881215.5231930856 45.0
507298.6441089947 3881215.8891770733 45.0
507298.6441089947 3881215.8891770733 45.0
507298.6802830939 3881216.255168383 45.0
507298.7164660964 3881216.610069932 45.0
507298.6802830939 3881216.255168383 45.0
507298.7164660964 3881216.610069932 45.0
507298.76176607475 3881216.9649788034 45.0
507298.76176607475 3881216.9649788034 45.0
507298.8070660518 3881217.319887675 45.0
507298.8614919074 3881217.663714109 45.0
507298.8614919074 3881217.663714109 45.0
507298.8614919074 3881217.663714109 45.0
507298.93414281675 3881218.0186449415 45.0
507299.0341535635 3881218.3625079766 45.0
507299.0341535635 3881218.3625079766 45.0
507299.0341535635 3881218.3625079766 45.0
507299.14327237743 3881218.717468095 45.0
507299.14327237743 3881218.717468095 45.0
507299.26151706395 3881219.0613457756 45.0
507299.26151706395 3881219.0613457756 45.0
507299.39799570554 3881219.4052380975 45.0
507299.5435913103 3881219.7491377434 45.0
507299.5435913103 3881219.7491377434 45.0
507299.5435913103 3881219.7491377434 45.0
507299.68919580925 3881220.0819476345 45.0
507299.68919580925 3881220.0819476345 45.0
507299.8530342525 3881220.414772169 45.0
507299.8530342525 3881220.414772169 45.0
507300.0259985688 3881220.73651427 45.0
507300.2171968243 3881221.0582710174 45.0
507300.2171968243 3881221.0582710174 45.0
507300.40840397694 3881221.36893801 45.0
507300.40840397694 3881221.36893801 45.0
507300.40840397694 3881221.36893801 45.0
507300.60872808803 3881221.679612329 45.0
507300.60872808803 3881221.679612329 45.0
507300.82729504624 3881221.9792115395 45.0
507301.04586199 3881222.2788107544 45.0
507301.04586199 3881222.2788107544 45.0
507301.04586199 3881222.2788107544 45.0
507301.2826628724 3881222.57842462 45.0
507301.2826628724 3881222.57842462 45.0
507301.77453416603 3881223.1333079813 45.0
507301.77453416603 3881223.1333079813 45.0
507302.03871264966 3881223.3996745604 45.0
507302.03871264966 3881223.3996745604 45.0
507302.30289111554 3881223.666041148 45.0
507302.30289111554 3881223.666041148 45.0
507302.5761865423 3881223.9324150668 45.0
507302.5761865423 3881223.9324150668 45.0
507302.849490862 3881224.187699235 45.0
507302.849490862 3881224.187699235 45.0
507303.1228040734 3881224.4318936532 45.0
507303.1228040734 3881224.4318936532 45.0
507303.40523424564 3881224.6760954056 45.0
507303.40523424564 3881224.6760954056 45.0
507303.69678137347 3881224.9203044903 45.0
507303.69678137347 3881224.9203044903 45.0
507303.9883373984 3881225.1534238267 45.0
507303.9883373984 3881225.1534238267 45.0
507304.28901038086 3881225.3865504977 45.0
507304.28901038086 3881225.3865504977 45.0
507304.5805663733 3881225.619669854 45.0
507304.5805663733 3881225.619669854 45.0
507304.8903652111 3881225.8417141116 45.0
507304.8903652111 3881225.8417141116 45.0
507305.19104705495 3881226.063751055 45.0
507305.19104705495 3881226.063751055 45.0
507305.49172888877 3881226.2857880085 45.0
507305.49172888877 3881226.2857880085 45.0
507305.7924196205 3881226.4967352115 45.0
507305.7924196205 3881226.4967352115 45.0
507306.10221839655 3881226.7187795104 45.0
507306.10221839655 3881226.7187795104 45.0
507306.4120260708 3881226.9297340643 45.0
507306.4120260708 3881226.9297340643 45.0
507306.721833733 3881227.140688627 45.0
507306.721833733 3881227.140688627 45.0
507307.04075834685 3881227.351650529 45.0
507307.04075834685 3881227.351650529 45.0
507307.35968294815 3881227.562612443 45.0
507307.35968294815 3881227.562612443 45.0
507307.67861644964 3881227.7624846087 45.0
507307.67861644964 3881227.7624846087 45.0
507308.00665799173 3881227.9734538733 45.0
507308.00665799173 3881227.9734538733 45.0
507308.34382540645 3881228.173340721 45.0
507308.34382540645 3881228.173340721 45.0
507308.67187583214 3881228.373220252 45.0
507308.67187583214 3881228.373220252 45.0
507309.0090432151 3881228.5731071257 45.0
507309.34621058556 3881228.7729940107 45.0
507309.34621058556 3881228.7729940107 45.0
507309.6833779366 3881228.972880909 45.0
507309.6833779366 3881228.972880909 45.0
507309.6833779366 3881228.972880909 45.0
507310.0296533261 3881229.1838649097 45.0
507310.37593762006 3881229.383759165 45.0
507310.0296533261 3881229.1838649097 45.0
507310.7313477835 3881229.572571008 45.0
507310.7313477835 3881229.572571008 45.0
507310.7313477835 3881229.572571008 45.0
507311.07763204497 3881229.77246529 45.0
507311.07763204497 3881229.77246529 45.0
507311.4421502295 3881229.97237425 45.0
507311.4421502295 3881229.97237425 45.0
507311.79755142785 3881230.1722758934 45.0
507311.79755142785 3881230.1722758934 45.0
507312.152961531 3881230.361087791 45.0
507312.152961531 3881230.361087791 45.0
507312.517479666 3881230.5609967965 45.0
507312.517479666 3881230.5609967965 45.0
507312.8819977896 3881230.760905816 45.0
507313.24652481434 3881230.9497250896 45.0
507313.24652481434 3881230.9497250896 45.0
507313.6019259349 3881231.1496268045 45.0
507313.6019259349 3881231.1496268045 45.0
507313.6019259349 3881231.1496268045 45.0
507313.9664440088 3881231.3495358666 45.0
507314.321845098 3881231.5494376086 45.0
507314.321845098 3881231.5494376086 45.0
507314.321845098 3881231.5494376086 45.0
507314.6681292054 3881231.7493320284 45.0
507314.6681292054 3881231.7493320284 45.0
507315.0144043737 3881231.960316221 45.0
507315.0144043737 3881231.960316221 45.0
507315.36980541836 3881232.1602180046 45.0
507315.36980541836 3881232.1602180046 45.0
507315.7343234106 3881232.3601271394 45.0
507315.7343234106 3881232.3601271394 45.0
507316.1079583546 3881232.5600436255 45.0
507316.1079583546 3881232.5600436255 45.0
507316.47247631237 3881232.7599527887 45.0
507316.47247631237 3881232.7599527887 45.0
507316.8369942564 3881232.959861968 45.0
507316.8369942564 3881232.959861968 45.0
507317.18326933065 3881233.170846242 45.0
507317.18326933065 3881233.170846242 45.0
507317.5386702804 3881233.370748111 45.0
507317.5386702804 3881233.370748111 45.0
507317.92141317786 3881233.5817617695 45.0
507318.32240784174 3881233.7706106077 45.0
507318.32240784174 3881233.7706106077 45.0
507318.32240784174 3881233.7706106077 45.0
507318.7233935652 3881233.9705492207 45.0
507318.7233935652 3881233.9705492207 45.0
507319.08791141136 3881234.170458491 45.0
507319.08791141136 3881234.170458491 45.0
507319.4433122779 3881234.370360434 45.0
507319.4433122779 3881234.370360434 45.0
507319.7987220586 3881234.5591726326 45.0
507319.7987220586 3881234.5591726326 45.0
507320.15413182456 3881234.747984845 45.0
507320.15413182456 3881234.747984845 45.0
507320.50953264744 3881234.9478868307 45.0
507320.50953264744 3881234.9478868307 45.0
507320.8740593463 3881235.1367064137 45.0
507320.8740593463 3881235.1367064137 45.0
507321.23858602997 3881235.3255260107 45.0
507321.23858602997 3881235.3255260107 45.0
507321.60311270086 3881235.514345622 45.0
507321.60311270086 3881235.514345622 45.0
507321.9585223944 3881235.703157907 45.0
507321.9585223944 3881235.703157907 45.0
507322.32304903294 3881235.891977547 45.0
507322.32304903294 3881235.891977547 45.0
507322.68757565867 3881236.0807972043 45.0
507323.0429853053 3881236.26960953 45.0
507322.68757565867 3881236.0807972043 45.0
507323.0429853053 3881236.26960953 45.0
507323.40751189867 3881236.4584292145 45.0
507323.7629215156 3881236.6472415687 45.0
507323.7629215156 3881236.6472415687 45.0
507323.7629215156 3881236.6472415687 45.0
507324.1274480812 3881236.8360612835 45.0
507324.1274480812 3881236.8360612835 45.0
507324.4828576685 3881237.024873666 45.0
507324.4828576685 3881237.024873666 45.0
507324.84737526585 3881237.2247831677 45.0
507324.84737526585 3881237.2247831677 45.0
507325.2210187464 3881237.413610271 45.0
507325.58553631196 3881237.6135198036 45.0
507325.2210187464 3881237.413610271 45.0
507325.58553631196 3881237.6135198036 45.0
507325.95006279874 3881237.8023395906 45.0
507326.3145803351 3881238.002249152 45.0
507325.95006279874 3881237.8023395906 45.0
507326.3145803351 3881238.002249152 45.0
507326.6699808933 3881238.2021513786 45.0
507326.6699808933 3881238.2021513786 45.0
507327.0344983955 3881238.402060969 45.0
507327.0344983955 3881238.402060969 45.0
507327.4081328433 3881238.6019779225 45.0
507327.4081328433 3881238.6019779225 45.0
507327.77265031333 3881238.801887543 45.0
507327.77265031333 3881238.801887543 45.0
507328.1462847285 3881239.001804528 45.0
507328.51080216625 3881239.2017141767 45.0
507328.1462847285 3881239.001804528 45.0
507328.51080216625 3881239.2017141767 45.0
507328.8844365488 3881239.4016311914 45.0
507328.8844365488 3881239.4016311914 45.0
507329.2489450131 3881239.6126306294 45.0
507329.2489450131 3881239.6126306294 45.0
507329.62257936026 3881239.8125476753 45.0
507329.62257936026 3881239.8125476753 45.0
507329.99620475114 3881240.0235544937 45.0
507329.99620475114 3881240.0235544937 45.0
507330.3698301247 3881240.234561329 45.0
507330.3698301247 3881240.234561329 45.0
507330.752581377 3881240.4344857726 45.0
507330.752581377 3881240.4344857726 45.0
507331.1353147299 3881240.6565897497 45.0
507331.5271739652 3881240.8676113375 45.0
507331.1353147299 3881240.6565897497 45.0
507331.9190331824 3881241.0786329424 45.0
507331.5271739652 3881240.8676113375 45.0
507331.9190331824 3881241.0786329424 45.0
507332.3017664774 3881241.3007369693 45.0
507332.69362565794 3881241.5117586073 45.0
507332.69362565794 3881241.5117586073 45.0
507333.07636786415 3881241.722772909 45.0
507332.69362565794 3881241.5117586073 45.0
507333.07636786415 3881241.722772909 45.0
507333.45911005023 3881241.9337872253 45.0
507333.45911005023 3881241.9337872253 45.0
507333.84184327174 3881242.155891319 45.0
507334.2154684686 3881242.3668983122 45.0
507334.2154684686 3881242.3668983122 45.0
507334.2154684686 3881242.3668983122 45.0
507334.5982106036 3881242.577912677 45.0
507334.9718447116 3881242.7778299437 45.0
507334.9718447116 3881242.7778299437 45.0
507334.9718447116 3881242.7778299437 45.0
507335.34546985675 3881242.9888369846 45.0
507335.34546985675 3881242.9888369846 45.0
507335.71909498225 3881243.19984404 45.0
507335.71909498225 3881243.19984404 45.0
507336.0836031383 3881243.410843754 45.0
507336.4572282294 3881243.62185084 45.0
507336.0836031383 3881243.410843754 45.0
507336.4572282294 3881243.62185084 45.0
507336.8217453019 3881243.821760826 45.0
507337.18625340506 3881244.032760584 45.0
507336.8217453019 3881243.821760826 45.0
507337.5507614914 3881244.243760356 45.0
507337.18625340506 3881244.032760584 45.0
507337.5507614914 3881244.243760356 45.0
507337.91527851496 3881244.443670385 45.0
507337.91527851496 3881244.443670385 45.0
507338.27066961466 3881244.654662829 45.0
507338.27066961466 3881244.654662829 45.0
507338.6260696506 3881244.8545655264 45.0
507338.6260696506 3881244.8545655264 45.0
507338.98146071774 3881245.065557997 45.0
507338.98146071774 3881245.065557997 45.0
507339.336860722 3881245.2654607226 45.0
507339.336860722 3881245.2654607226 45.0
507339.6922517566 3881245.476453223 45.0
507339.6922517566 3881245.476453223 45.0
507340.0476517315 3881245.6763559757 45.0
507340.0476517315 3881245.6763559757 45.0
507340.40305169084 3881245.876258743 45.0
507340.40305169084 3881245.876258743 45.0
507340.7493346803 3881246.076154163 45.0
507340.7493346803 3881246.076154163 45.0
507341.10474356206 3881246.2649671994 45.0
507341.10474356206 3881246.2649671994 45.0
507341.4510265237 3881246.4648626465 45.0
507341.4510265237 3881246.4648626465 45.0
507341.7973094678 3881246.664758106 45.0
507341.7973094678 3881246.664758106 45.0
507342.15271830483 3881246.853571183 45.0
507342.15271830483 3881246.853571183 45.0
507342.5081181696 3881247.0534740333 45.0
507342.85441002605 3881247.2422797754 45.0
507342.85441002605 3881247.2422797754 45.0
507342.85441002605 3881247.2422797754 45.0
507343.20069291204 3881247.442175288 45.0
507343.20069291204 3881247.442175288 45.0
507343.5469847393 3881247.630981057 45.0
507343.5469847393 3881247.630981057 45.0
507343.8841595997 3881247.8197794715 45.0
507343.8841595997 3881247.8197794715 45.0
507344.2122175009 3881248.0085705337 45.0
507344.2122175009 3881248.0085705337 45.0
507344.5493923359 3881248.1973689743 45.0
507344.5493923359 3881248.1973689743 45.0
507344.87745020725 3881248.386160062 45.0
507344.87745020725 3881248.386160062 45.0
507345.2055080651 3881248.57495116 45.0
507345.2055080651 3881248.57495116 45.0
507345.5153409721 3881248.752637777 45.0
507345.5153409721 3881248.752637777 45.0
507345.825173867 3881248.930324406 45.0
507346.12588980095 3881249.108003676 45.0
507345.825173867 3881248.930324406 45.0
507346.12588980095 3881249.108003676 45.0
507346.4083897481 3881249.2634887034 45.0
507346.4083897481 3881249.2634887034 45.0
507346.6908807252 3881249.430063499 45.0
507346.6908807252 3881249.430063499 45.0
507346.95514675596 3881249.5855338066 45.0
507346.95514675596 3881249.5855338066 45.0
507347.2011878445 3881249.7298996258 45.0
507347.2011878445 3881249.7298996258 45.0
507347.4381209429 3881249.8631683234 45.0
507347.4381209429 3881249.8631683234 45.0
507347.6477031883 3881249.9964149203 45.0
507347.6477031883 3881249.9964149203 45.0
507347.8481864054 3881250.1074746344 45.0
507347.8481864054 3881250.1074746344 45.0
507348.0304446887 3881250.207429855 45.0
507348.0304446887 3881250.207429855 45.0
507348.20358601806 3881250.307377708 45.0
507348.20358601806 3881250.307377708 45.0
507348.367619363 3881250.3962284373 45.0
507348.367619363 3881250.3962284373 45.0
507348.5316437399 3881250.496168928 45.0
507348.5316437399 3881250.496168928 45.0
507348.6865601286 3881250.585012293 45.0
507348.6865601286 3881250.585012293 45.0
507348.8323595693 3881250.6738482895 45.0
