507337.91382206447 3881155.8918920686 50.0
507337.91382206447 3881155.8918920686 50.0
507337.91382206447 3881155.8918920686 50.0
507337.90471397375 3881155.880794951 50.0
507337.91383101605 3881155.8808023105 50.0
507337.91383101605 3881155.8808023105 50.0
507337.91383996763 3881155.869712554 50.0
507337.91383101605 3881155.8808023105 50.0
507337.91383996763 3881155.869712554 50.0
507337.91384891927 3881155.858622796 50.0
507337.91384891927 3881155.858622796 50.0
507337.91384891927 3881155.858622796 50.0
507337.91384891927 3881155.858622796 50.0
507337.91385787085 3881155.847533037 50.0
507337.91385787085 3881155.847533037 50.0
507337.9229749132 3881155.8475403963 50.0
507337.9229838648 3881155.8364506396 50.0
507337.9229749132 3881155.8475403963 50.0
507337.9229838648 3881155.8364506396 50.0
507337.9229838648 3881155.8364506396 50.0
507337.9229838648 3881155.8364506396 50.0
507337.92299281637 3881155.8253608826 50.0
507337.92299281637 3881155.8253608826 50.0
507337.92299281637 3881155.8253608826 50.0
507337.923001768 3881155.814271125 50.0
507337.923001768 3881155.814271125 50.0
507337.923001768 3881155.814271125 50.0
507337.9230107196 3881155.803181367 50.0
507337.9321277597 3881155.8031887263 50.0
507337.9321277597 3881155.8031887263 50.0
507337.9321277597 3881155.8031887263 50.0
507337.9321277597 3881155.8031887263 50.0
507337.9321277597 3881155.8031887263 50.0
507337.9321367113 3881155.7920989697 50.0
507337.9321367113 3881155.7920989697 50.0
507337.9321367113 3881155.7920989697 50.0
507337.9321367113 3881155.7920989697 50.0
507337.9321456629 3881155.7810092117 50.0
507337.9321456629 3881155.7810092117 50.0
507337.9321456629 3881155.7810092117 50.0
507337.9412716593 3881155.769926814 50.0
507337.9412716593 3881155.769926814 50.0
507337.9412716593 3881155.769926814 50.0
507337.9412716593 3881155.769926814 50.0
507337.9412716593 3881155.769926814 50.0
507337.9412806109 3881155.758837056 50.0
507337.9412806109 3881155.758837056 50.0
507337.9412806109 3881155.758837056 50.0
507337.9412895625 3881155.7477472983 50.0
507337.9412895625 3881155.7477472983 50.0
507337.9412895625 3881155.7477472983 50.0
507337.95040660497 3881155.7477546576 50.0
507337.9504155566 3881155.7366649006 50.0
507337.95040660497 3881155.7477546576 50.0
507337.9504155566 3881155.7366649006 50.0
507337.9504155566 3881155.7366649006 50.0
507337.9504155566 3881155.7366649006 50.0
507337.95042450825 3881155.7255751425 50.0
507337.95042450825 3881155.7255751425 50.0
507337.9504334599 3881155.714485385 50.0
507337.9504334599 3881155.714485385 50.0
507337.9504334599 3881155.714485385 50.0
507337.959559454 3881155.7034029877 50.0
507337.9504334599 3881155.714485385 50.0
507337.959559454 3881155.7034029877 50.0
507337.959559454 3881155.7034029877 50.0
507337.959559454 3881155.7034029877 50.0
507337.959559454 3881155.7034029877 50.0
507337.959559454 3881155.7034029877 50.0
507337.95956840564 3881155.6923132297 50.0
507337.95956840564 3881155.6923132297 50.0
507337.95956840564 3881155.6923132297 50.0
507337.95956840564 3881155.6923132297 50.0
507337.96868544817 3881155.692320589 50.0
507337.96868544817 3881155.692320589 50.0
507337.9686943998 3881155.681230831 50.0
507337.9686943998 3881155.681230831 50.0
507337.9686943998 3881155.681230831 50.0
507337.9686943998 3881155.681230831 50.0
507337.9686943998 3881155.681230831 50.0
507337.977820394 3881155.6701484337 50.0
507337.977820394 3881155.6701484337 50.0
507337.977820394 3881155.6701484337 50.0
507337.977820394 3881155.6701484337 50.0
507337.977820394 3881155.6701484337 50.0
507337.9778293457 3881155.6590586766 50.0
507337.9778293457 3881155.6590586766 50.0
507337.9778293457 3881155.6590586766 50.0
507337.9778293457 3881155.6590586766 50.0
507337.98695534223 3881155.647976277 50.0
507337.98695534223 3881155.647976277 50.0
507337.98695534223 3881155.647976277 50.0
507337.9778382973 3881155.6479689176 50.0
507337.9778382973 3881155.6479689176 50.0
507337.9778382973 3881155.6479689176 50.0
507337.9778382973 3881155.6479689176 50.0
507337.9778382973 3881155.6479689176 50.0
507337.977847249 3881155.636879161 50.0
507337.977847249 3881155.636879161 50.0
507337.977847249 3881155.636879161 50.0
507337.977847249 3881155.636879161 50.0
507337.98697324557 3881155.6257967628 50.0
507337.98697324557 3881155.6257967628 50.0
507337.99609923986 3881155.614714365 50.0
507337.9687570614 3881155.6036025295 50.0
507337.9687570614 3881155.6036025295 50.0
507337.9687570614 3881155.6036025295 50.0
507337.9687660131 3881155.592512772 50.0
507337.9687660131 3881155.592512772 50.0
507337.9870090523 3881155.581437732 50.0
507337.96877496474 3881155.581423014 50.0
507337.96877496474 3881155.581423014 50.0
507337.96877496474 3881155.581423014 50.0
507337.977900959 3881155.570340616 50.0
507337.977900959 3881155.570340616 50.0
507337.977900959 3881155.570340616 50.0
507337.9687928681 3881155.5592434984 50.0
507337.9687928681 3881155.5592434984 50.0
507337.9687928681 3881155.5592434984 50.0
507337.9688018197 3881155.548153741 50.0
507337.97791886237 3881155.5481611006 50.0
507337.97791886237 3881155.5481611006 50.0
507337.97791886237 3881155.5481611006 50.0
507337.97791886237 3881155.5481611006 50.0
507337.97791886237 3881155.5481611006 50.0
507337.97791886237 3881155.5481611006 50.0
507337.97791886237 3881155.5481611006 50.0
507337.97791886237 3881155.5481611006 50.0
507337.97791886237 3881155.5481611006 50.0
507337.98704485904 3881155.537078703 50.0
507337.98704485904 3881155.537078703 50.0
507337.9961619017 3881155.537086062 50.0
507337.9961708534 3881155.5259963046 50.0
507337.9961708534 3881155.5259963046 50.0
507337.9961708534 3881155.5259963046 50.0
507337.9961708534 3881155.5259963046 50.0
507337.9961708534 3881155.5259963046 50.0
507337.9961798051 3881155.5149065466 50.0
507338.00529684545 3881155.5149139054 50.0
507337.9961798051 3881155.5149065466 50.0
507338.00529684545 3881155.5149139054 50.0
507338.00530579715 3881155.503824149 50.0
507338.00530579715 3881155.503824149 50.0
507338.00530579715 3881155.503824149 50.0
507338.00530579715 3881155.503824149 50.0
507338.00530579715 3881155.503824149 50.0
507338.00530579715 3881155.503824149 50.0
507338.00531474885 3881155.4927343912 50.0
507338.00531474885 3881155.4927343912 50.0
507338.01443179155 3881155.492741751 50.0
507338.01443179155 3881155.492741751 50.0
507338.01444074325 3881155.481651993 50.0
507338.01444074325 3881155.481651993 50.0
507338.01444074325 3881155.481651993 50.0
507338.01444074325 3881155.481651993 50.0
507338.01444074325 3881155.481651993 50.0
507338.01444074325 3881155.481651993 50.0
507338.01444969495 3881155.4705622345 50.0
507338.01444969495 3881155.4705622345 50.0
507338.01444969495 3881155.4705622345 50.0
507338.01444969495 3881155.4705622345 50.0
507338.00534160394 3881155.459465119 50.0
507338.00534160394 3881155.459465119 50.0
507337.98711647245 3881155.4483606415 50.0
507337.98711647245 3881155.4483606415 50.0
507337.9688913363 3881155.4372561667 50.0
507337.9688913363 3881155.4372561667 50.0
507337.95067515405 3881155.4150619325 50.0
507337.9324589694 3881155.3928677 50.0
507337.95067515405 3881155.4150619325 50.0
507337.9324589694 3881155.3928677 50.0
507337.90512574645 3881155.370666108 50.0
507337.90512574645 3881155.370666108 50.0
507337.86866652436 3881155.3595469133 50.0
507337.86866652436 3881155.3595469133 50.0
507337.8322252075 3881155.3262482043 50.0
507337.7866668451 3881155.292942136 50.0
507337.7866668451 3881155.292942136 50.0
507337.7866668451 3881155.292942136 50.0
507337.7228833502 3881155.248531592 50.0
507337.6499828094 3881155.2041136893 50.0
507337.6499828094 3881155.2041136893 50.0
507337.5497400922 3881155.148583954 50.0
507337.5497400922 3881155.148583954 50.0
507337.4495063201 3881155.0819644625 50.0
507337.4495063201 3881155.0819644625 50.0
507337.4495063201 3881155.0819644625 50.0
507337.331029514 3881155.0264200126 50.0
507337.331029514 3881155.0264200126 50.0
507337.22167869576 3881154.9597931644 50.0
507337.16698538704 3881154.9486592556 50.0
507337.16698538704 3881154.9486592556 50.0
507337.16698538704 3881154.9486592556 50.0
507337.11230102874 3881154.9264355907 50.0
507337.11230102874 3881154.9264355907 50.0
507337.0667337089 3881154.9042192837 50.0
507337.0120493501 3881154.881995618 50.0
507337.0667337089 3881154.9042192837 50.0
507336.9573560406 3881154.87086171 50.0
507336.9573560406 3881154.87086171 50.0
507336.9573560406 3881154.87086171 50.0
507336.90267168137 3881154.848638047 50.0
507336.90267168137 3881154.848638047 50.0
507336.8479873172 3881154.8264143826 50.0
507336.8479873172 3881154.8264143826 50.0
507336.7932940072 3881154.8152804766 50.0
507336.7386096472 3881154.7930568135 50.0
507336.7932940072 3881154.8152804766 50.0
507336.7386096472 3881154.7930568135 50.0
507336.683925287 3881154.7708331505 50.0
507336.683925287 3881154.7708331505 50.0
507336.6292319718 3881154.759699244 50.0
507336.6292319718 3881154.759699244 50.0
507336.5836646545 3881154.7374829403 50.0
507336.5836646545 3881154.7374829403 50.0
507336.52898029354 3881154.7152592777 50.0
507336.52898029354 3881154.7152592777 50.0
507336.47429593 3881154.693035616 50.0
507336.47429593 3881154.693035616 50.0
507336.4196026188 3881154.6819017115 50.0
507336.4196026188 3881154.6819017115 50.0
507336.3649182547 3881154.65967805 50.0
507336.31023389276 3881154.637454391 50.0
507336.31023389276 3881154.637454391 50.0
507336.2555405787 3881154.626320488 50.0
507336.2555405787 3881154.626320488 50.0
507336.2555405787 3881154.626320488 50.0
507336.20085621625 3881154.6040968266 50.0
507336.20085621625 3881154.6040968266 50.0
507336.1461718512 3881154.5818731673 50.0
507336.1461718512 3881154.5818731673 50.0
507336.1005955802 3881154.570746623 50.0
507336.1005955802 3881154.570746623 50.0
507336.04591121705 3881154.5485229623 50.0
507336.04591121705 3881154.5485229623 50.0
507335.9912268537 3881154.5262993034 50.0
507335.9912268537 3881154.5262993034 50.0
507335.93653354084 3881154.515165403 50.0
507335.8818491723 3881154.4929417456 50.0
507335.8818491723 3881154.4929417456 50.0
507335.8818491723 3881154.4929417456 50.0
507335.8271648082 3881154.4707180867 50.0
507335.8271648082 3881154.4707180867 50.0
507335.77248044376 3881154.44849443 50.0
507335.77248044376 3881154.44849443 50.0
507335.71778713015 3881154.4373605303 50.0
507335.71778713015 3881154.4373605303 50.0
507335.6631027607 3881154.415136873 50.0
507335.6175354393 3881154.392920573 50.0
507335.6631027607 3881154.415136873 50.0
507335.5628421252 3881154.381786675 50.0
507335.5628421252 3881154.381786675 50.0
507335.5628421252 3881154.381786675 50.0
507335.5081577596 3881154.359563018 50.0
507335.5081577596 3881154.359563018 50.0
507335.4534733915 3881154.337339363 50.0
507335.4534733915 3881154.337339363 50.0
507335.3987800745 3881154.3262054645 50.0
507335.3987800745 3881154.3262054645 50.0
507335.34409570816 3881154.3039818094 50.0
507335.34409570816 3881154.3039818094 50.0
507335.2894113416 3881154.2817581543 50.0
507335.23471802176 3881154.270624258 50.0
507335.23471802176 3881154.270624258 50.0
507335.23471802176 3881154.270624258 50.0
507335.18003365473 3881154.2484006044 50.0
507335.1344663314 3881154.226184308 50.0
507335.18003365473 3881154.2484006044 50.0
507335.1344663314 3881154.226184308 50.0
507335.0797819615 3881154.2039606534 50.0
507334.8598991573 3881155.5345550007 50.0
507334.8598991573 3881155.5345550007 50.0
507334.8598991573 3881155.5345550007 50.0
507311.765583351 3881167.903217702 50.0
507312.338975021 3881169.1235530474 50.0
507312.338975021 3881169.1235530474 50.0
507312.338975021 3881169.1235530474 50.0
507312.5481136097 3881169.811286698 50.0
507312.5481136097 3881169.811286698 50.0
507312.68435162684 3881170.454602654 50.0
507312.82974233566 3881171.053566915 50.0
507312.82974233566 3881171.053566915 50.0
507312.82974233566 3881171.053566915 50.0
507312.9842678965 3881171.6303589977 50.0
507312.9842678965 3881171.6303589977 50.0
507313.0659196773 3881172.129464104 50.0
507313.0659196773 3881172.129464104 50.0
507313.147526842 3881172.6840180014 50.0
507313.2564850689 3881173.2385939024 50.0
507313.2564850689 3881173.2385939024 50.0
507313.2564850689 3881173.2385939024 50.0
507313.3836773333 3881173.793184474 50.0
507313.50177040434 3881174.325588199 50.0
507313.3836773333 3881173.793184474 50.0
507313.61983669316 3881174.891261197 50.0
507313.61983669316 3881174.891261197 50.0
507313.61983669316 3881174.891261197 50.0
507313.737911887 3881175.4458444417 50.0
507313.737911887 3881175.4458444417 50.0
507313.8377351822 3881176.0225925334 50.0
507313.8377351822 3881176.0225925334 50.0
507313.91933334165 3881176.5882361988 50.0
507313.99181446765 3881177.1538725286 50.0
507313.91933334165 3881176.5882361988 50.0
507313.99181446765 3881177.1538725286 50.0
507314.0369712909 3881177.6862175814 50.0
507314.0369712909 3881177.6862175814 50.0
507314.0639029939 3881178.2074582055 50.0
507314.0639029939 3881178.2074582055 50.0
507314.0907990034 3881178.773057862 50.0
507314.0907990034 3881178.773057862 50.0
507314.1268209461 3881179.327575095 50.0
507314.1268209461 3881179.327575095 50.0
507314.1537169481 3881179.893174753 50.0
507314.1537169481 3881179.893174753 50.0
507314.1714959244 3881180.458767076 50.0
507314.1714959244 3881180.458767076 50.0
507314.1710408665 3881181.024344727 50.0
507314.1710408665 3881181.024344727 50.0
507314.16146879445 3881181.5899150446 50.0
507314.16146879445 3881181.5899150446 50.0
507314.1336805346 3881182.1332911756 50.0
507314.1336805346 3881182.1332911756 50.0
507314.11499144573 3881182.6988541577 50.0
507314.11499144573 3881182.6988541577 50.0
507314.0689602396 3881183.2533053765 50.0
507314.0046860879 3881183.8188316836 50.0
507314.0689602396 3881183.2533053765 50.0
507314.0046860879 3881183.8188316836 50.0
507313.92216899194 3881184.3954330795 50.0
507313.92216899194 3881184.3954330795 50.0
507313.8396519064 3881184.9720344767 50.0
507313.8396519064 3881184.9720344767 50.0
507313.72978379123 3881185.5486138687 50.0
507313.72978379123 3881185.5486138687 50.0
507313.6290237845 3881186.1362903556 50.0
507313.6290237845 3881186.1362903556 50.0
507313.5100208414 3881186.735041934 50.0
507313.38191874896 3881187.3116066623 50.0
507313.38191874896 3881187.3116066623 50.0
507313.2629158419 3881187.910358244 50.0
507313.38191874896 3881187.3116066623 50.0
507313.2629158419 3881187.910358244 50.0
507313.13479593856 3881188.509102494 50.0
507313.13479593856 3881188.509102494 50.0
507312.97886111645 3881189.68449216 50.0
507312.97886111645 3881189.68449216 50.0
507312.7864493844 3881190.870942253 50.0
507312.7864493844 3881190.870942253 50.0
507312.5575518366 3881192.079542531 50.0
507312.5575518366 3881192.079542531 50.0
507312.31040249864 3881193.310307667 50.0
507312.31040249864 3881193.310307667 50.0
507312.0450192178 3881194.541058146 50.0
507312.0450192178 3881194.541058146 50.0
507311.7522671619 3881195.7939661494 50.0
507311.7522671619 3881195.7939661494 50.0
507311.4595151885 3881197.046874167 50.0
507311.4595151885 3881197.046874167 50.0
507311.130295294 3881198.299752865 50.0
507311.130295294 3881198.299752865 50.0
507310.7372743352 3881199.5304007367 50.0
507310.7372743352 3881199.5304007367 50.0
507310.6178079992 3881200.7058197893 50.0
507310.6178079992 3881200.7058197893 50.0
507310.17007631843 3881201.9475134565 50.0
507310.17007631843 3881201.9475134565 50.0
507309.7132277647 3881203.189199817 50.0
507309.7132277647 3881203.189199817 50.0
507309.57551870326 3881204.375693986 50.0
507309.57551870326 3881204.375693986 50.0
507309.4287015995 3881205.5510910708 50.0
507309.4287015995 3881205.5510910708 50.0
507308.83502712596 3881206.881385588 50.0
507308.83502712596 3881206.881385588 50.0
507308.39683201996 3881207.601868041 50.0
507308.39683201996 3881207.601868041 50.0
507308.00423084694 3881208.3112974055 50.0
507308.00423084694 3881208.3112974055 50.0
507307.6298547982 3881209.031831202 50.0
507307.6298547982 3881209.031831202 50.0
507307.3010548401 3881209.763491418 50.0
507307.3010548401 3881209.763491418 50.0
507307.01783986983 3881210.4951882875 50.0
507307.01783986983 3881210.4951882875 50.0
507306.78021879494 3881211.215832047 50.0
507306.59729967144 3881211.9365197825 50.0
507306.59729967144 3881211.9365197825 50.0
507306.59729967144 3881211.9365197825 50.0
507306.4599833348 3881212.635064644 50.0
507306.35001797543 3881213.333631491 50.0
507306.4599833348 3881212.635064644 50.0
507306.29475453636 3881214.0322423046 50.0
507306.35001797543 3881213.333631491 50.0
507306.29475453636 3881214.0322423046 50.0
507306.26686879253 3881214.6976058288 50.0
507306.26686879253 3881214.6976058288 50.0
507306.2663250896 3881215.3740810943 50.0
507306.2663250896 3881215.3740810943 50.0
507306.2470661107 3881216.6493886607 50.0
507306.2470661107 3881216.6493886607 50.0
507306.1184301175 3881217.8913390245 50.0
507305.9806771754 3881219.133282066 50.0
507305.9806771754 3881219.133282066 50.0
507305.9806771754 3881219.133282066 50.0
507305.85203233996 3881220.386322198 50.0
507305.85203233996 3881220.386322198 50.0
507305.71427946864 3881221.628265248 50.0
507305.5856436141 3881222.870215628 50.0
507305.5856436141 3881222.870215628 50.0
507305.5856436141 3881222.870215628 50.0
507305.4569988843 3881224.123255772 50.0
507305.4569988843 3881224.123255772 50.0
507305.31924612424 3881225.365198835 50.0
507305.31924612424 3881225.365198835 50.0
507305.19061037264 3881226.607149227 50.0
507305.19061037264 3881226.607149227 50.0
507304.9885309336 3881228.4811572577 50.0
507304.8598952722 3881229.7231076607 50.0
507304.9885309336 3881228.4811572577 50.0
507304.8598952722 3881229.7231076607 50.0
507304.73125073407 3881230.976147826 50.0
507304.73125073407 3881230.976147826 50.0
507304.5934981763 3881232.218090913 50.0
507304.5934981763 3881232.218090913 50.0
507304.46485370677 3881233.4711310873 50.0
507304.46485370677 3881233.4711310873 50.0
507304.3362181853 3881234.7130815075 50.0
507304.19846573647 3881235.9550246056 50.0
507304.19846573647 3881235.9550246056 50.0
507304.19846573647 3881235.9550246056 50.0
507304.06982137496 3881237.2080647927 50.0
507303.94118595636 3881238.4500152254 50.0
507303.94118595636 3881238.4500152254 50.0
507303.80343361653 3881239.6919583366 50.0
507303.80343361653 3881239.6919583366 50.0
507303.6747893606 3881240.944998536 50.0
507303.6747893606 3881240.944998536 50.0
507303.6747893606 3881240.944998536 50.0
507303.5461540496 3881242.1869489807 50.0
507303.5461540496 3881242.1869489807 50.0
507303.4083929089 3881243.439981863 50.0
507303.4083929089 3881243.439981863 50.0
507303.27975766617 3881244.681932316 50.0
507303.1511224603 3881245.923882775 50.0
507303.27975766617 3881244.681932316 50.0
507303.1511224603 3881245.923882775 50.0
507303.01336142904 3881247.176915669 50.0
507303.01336142904 3881247.176915669 50.0
507302.8847262938 3881248.4188661347 50.0
507302.8847262938 3881248.4188661347 50.0
507302.74697424495 3881249.6608092804 50.0
507302.74697424495 3881249.6608092804 50.0
507302.618330269 3881250.913849513 50.0
507302.618330269 3881250.913849513 50.0
507302.489695239 3881252.155799989 50.0
507302.489695239 3881252.155799989 50.0
507302.35194329906 3881253.3977431473 50.0
507302.22329943115 3881254.650783393 50.0
507302.22329943115 3881254.650783393 50.0
507302.094664504 3881255.8927338826 50.0
507302.094664504 3881255.8927338826 50.0
507302.094664504 3881255.8927338826 50.0
507345.4808356535 3881246.3239510837 50.0
507346.0823304287 3881246.6016812995 50.0
507346.0823304287 3881246.6016812995 50.0
507346.0823304287 3881246.6016812995 50.0
507346.6290338335 3881246.9902649354 50.0
507347.13017036504 3881247.3566322434 50.0
507346.6290338335 3881246.9902649354 50.0
507347.58575795736 3881247.6786036966 50.0
507347.13017036504 3881247.3566322434 50.0
507347.58575795736 3881247.6786036966 50.0
507348.0687053316 3881247.9895075243 50.0
507348.0687053316 3881247.9895075243 50.0
507348.4969509749 3881248.3003671565 50.0
507348.4969509749 3881248.3003671565 50.0
507348.9069985514 3881248.5668530324 50.0
507348.9069985514 3881248.5668530324 50.0
507349.3170550697 3881248.8222491676 50.0
507349.7271384615 3881249.044376044 50.0
507349.3170550697 3881248.8222491676 50.0
507350.1098709896 3881249.266480825 50.0
507349.7271384615 3881249.044376044 50.0
507350.1098709896 3881249.266480825 50.0
507350.4743785669 3881249.477481118 50.0
507350.4743785669 3881249.477481118 50.0
507350.80244523945 3881249.6551826606 50.0
