507339.3638884425 3881155.327484669 30.0
507339.3638884425 3881155.327484669 30.0
507339.3821225306 3881155.327499391 30.0
507339.3821225306 3881155.327499391 30.0
507339.3912395735 3881155.3275067513 30.0
507339.3912395735 3881155.3275067513 30.0
507339.3912395735 3881155.3275067513 30.0
507339.3912395735 3881155.3275067513 30.0
507339.3821225306 3881155.327499391 30.0
507339.3821225306 3881155.327499391 30.0
507339.3821225306 3881155.327499391 30.0
507339.3730054854 3881155.3274920303 30.0
507339.3730054854 3881155.3274920303 30.0
507339.3730054854 3881155.3274920303 30.0
507339.3730054854 3881155.3274920303 30.0
507339.3638884425 3881155.327484669 30.0
507339.35477139964 3881155.327477309 30.0
507339.35477139964 3881155.327477309 30.0
507339.35477139964 3881155.327477309 30.0
507339.35477139964 3881155.327477309 30.0
507339.35477139964 3881155.327477309 30.0
507339.354780353 3881155.31638755 30.0
507339.354780353 3881155.31638755 30.0
507339.354780353 3881155.31638755 30.0
507339.354780353 3881155.31638755 30.0
507339.34566331015 3881155.3163801897 30.0
507339.34566331015 3881155.3163801897 30.0
507339.3274381753 3881155.305275711 30.0
507339.3274381753 3881155.305275711 30.0
507339.30921304517 3881155.294171233 30.0
507339.30921304517 3881155.294171233 30.0
507339.2909879103 3881155.283066753 30.0
507339.2909879103 3881155.283066753 30.0
507339.263654688 3881155.260865158 30.0
507339.263654688 3881155.260865158 30.0
507339.22720442264 3881155.2386562 30.0
507339.1907541548 3881155.2164472425 30.0
507339.1907541548 3881155.2164472425 30.0
507339.1907541548 3881155.2164472425 30.0
507339.145186846 3881155.1942309258 30.0
507339.145186846 3881155.1942309258 30.0
507339.0996284901 3881155.16092485 30.0
507339.0996284901 3881155.16092485 30.0
507339.0449530885 3881155.1276114164 30.0
507338.9902776888 3881155.0942979823 30.0
507338.9902776888 3881155.0942979823 30.0
507338.9902776888 3881155.0942979823 30.0
507338.9264852432 3881155.060977188 30.0
507338.85358470667 3881155.0165592753 30.0
507338.85358470667 3881155.0165592753 30.0
507338.85358470667 3881155.0165592753 30.0
507338.789801215 3881154.9721487258 30.0
507338.789801215 3881154.9721487258 30.0
507338.7260177204 3881154.9277381743 30.0
507338.5893247336 3881154.8499994725 30.0
507338.7260177204 3881154.9277381743 30.0
507338.5893247336 3881154.8499994725 30.0
507338.51643315074 3881154.794491807 30.0
507338.51643315074 3881154.794491807 30.0
507338.4344245189 3881154.7389767803 30.0
507338.4344245189 3881154.7389767803 30.0
507338.352415886 3881154.6834617546 30.0
507338.352415886 3881154.6834617546 30.0
507338.27039830014 3881154.6390364897 30.0
507338.27039830014 3881154.6390364897 30.0
507338.17927262175 3881154.583514107 30.0
507338.17927262175 3881154.583514107 30.0
507338.09726398595 3881154.527999083 30.0
507338.0061383054 3881154.472476702 30.0
507338.0061383054 3881154.472476702 30.0
507338.0061383054 3881154.472476702 30.0
507337.90590453387 3881154.4058572054 30.0
507337.90590453387 3881154.4058572054 30.0
507337.80566180474 3881154.3503274675 30.0
507337.80566180474 3881154.3503274675 30.0
507337.7054280304 3881154.283707972 30.0
507337.7054280304 3881154.283707972 30.0
507337.5960772083 3881154.217081121 30.0
507337.4867353356 3881154.139364512 30.0
507337.5960772083 3881154.217081121 30.0
507337.3682674637 3881154.0727303047 30.0
507337.4867353356 3881154.139364512 30.0
507337.3682674637 3881154.0727303047 30.0
507337.24980854546 3881153.9950063396 30.0
507337.0128817455 3881153.8506481736 30.0
507337.0128817455 3881153.8506481736 30.0
507336.88531472493 3881153.7618270987 30.0
507336.88531472493 3881153.7618270987 30.0
507336.88531472493 3881153.7618270987 30.0
507336.7577387494 3881153.6840957818 30.0
507336.63016277394 3881153.606364468 30.0
507336.7577387494 3881153.6840957818 30.0
507336.63016277394 3881153.606364468 30.0
507336.5025957485 3881153.517543397 30.0
507336.5025957485 3881153.517543397 30.0
507336.3750197686 3881153.4398120884 30.0
507336.3750197686 3881153.4398120884 30.0
507336.2383356889 3881153.3509836635 30.0
507336.1107597044 3881153.2732523563 30.0
507336.1107597044 3881153.2732523563 30.0
507335.9831926669 3881153.1844312944 30.0
507335.9831926669 3881153.1844312944 30.0
507335.86473372293 3881153.1067073485 30.0
507335.86473372293 3881153.1067073485 30.0
507335.86473372293 3881153.1067073485 30.0
507335.74628372357 3881153.017893646 30.0
507335.74628372357 3881153.017893646 30.0
507335.62782477547 3881152.940169704 30.0
507335.62782477547 3881152.940169704 30.0
507335.50935687893 3881152.873535519 30.0
507335.50935687893 3881152.873535519 30.0
507335.3908979246 3881152.7958115796 30.0
507335.3908979246 3881152.7958115796 30.0
507335.27243002213 3881152.729177398 30.0
507335.27243002213 3881152.729177398 30.0
507335.15397106623 3881152.6514534615 30.0
507335.15397106623 3881152.6514534615 30.0
507335.0263950626 3881152.5737221697 30.0
507335.0263950626 3881152.5737221697 30.0
507334.88971095905 3881152.4848937667 30.0
507334.7439098046 3881152.39605801 30.0
507334.88971095905 3881152.4848937667 30.0
507334.5889916038 3881152.3072148985 30.0
507334.5889916038 3881152.3072148985 30.0
507334.5889916038 3881152.3072148985 30.0
507334.4249563517 3881152.218364435 30.0
507334.26091215154 3881152.140603732 30.0
507334.26091215154 3881152.140603732 30.0
507334.1059939417 3881152.0517606274 30.0
507334.1059939417 3881152.0517606274 30.0
507334.1059939417 3881152.0517606274 30.0
507333.9510757265 3881151.9629175276 30.0
507333.7961575083 3881151.8740744316 30.0
507333.7961575083 3881151.8740744316 30.0
507333.65034738934 3881151.7963284496 30.0
507333.7961575083 3881151.8740744316 30.0
507333.4954291677 3881151.707485357 30.0
507333.65034738934 3881151.7963284496 30.0
507333.4954291677 3881151.707485357 30.0
507333.34962798725 3881151.618649623 30.0
507333.34962798725 3881151.618649623 30.0
507333.21294385294 3881151.5298212445 30.0
507333.21294385294 3881151.5298212445 30.0
507333.07625077025 3881151.4520826247 30.0
507332.9486747321 3881151.3743513636 30.0
507333.07625077025 3881151.4520826247 30.0
507332.9486747321 3881151.3743513636 30.0
507332.8119905879 3881151.2855229913 30.0
507332.8119905879 3881151.2855229913 30.0
507332.6752974982 3881151.2077843794 30.0
507332.5386044061 3881151.1300457697 30.0
507332.6752974982 3881151.2077843794 30.0
507332.5386044061 3881151.1300457697 30.0
507332.40192025655 3881151.0412174035 30.0
507332.25611905474 3881150.952381686 30.0
507332.40192025655 3881151.0412174035 30.0
507332.10119186057 3881150.8746283753 30.0
507332.10119186057 3881150.8746283753 30.0
507331.95539065317 3881150.7857926628 30.0
507331.95539065317 3881150.7857926628 30.0
507331.80958944524 3881150.6969569526 30.0
507331.80958944524 3881150.6969569526 30.0
507331.80958944524 3881150.6969569526 30.0
507331.66378823447 3881150.608121245 30.0
507331.66378823447 3881150.608121245 30.0
507331.4906358755 3881150.5192634813 30.0
507331.4906358755 3881150.5192634813 30.0
507331.31749245897 3881150.419315964 30.0
507331.31749245897 3881150.419315964 30.0
507331.14434903633 3881150.3193684486 30.0
507330.97120561224 3881150.2194209388 30.0
507331.14434903633 3881150.3193684486 30.0
507330.97120561224 3881150.2194209388 30.0
507330.78894513386 3881150.1194660785 30.0
507330.597576546 3881150.0084141125 30.0
507330.597576546 3881150.0084141125 30.0
507330.597576546 3881150.0084141125 30.0
507330.41531605937 3881149.908459261 30.0
507330.41531605937 3881149.908459261 30.0
507330.23306451325 3881149.797414656 30.0
507330.23306451325 3881149.797414656 30.0
507330.05080401833 3881149.69745981 30.0
507330.05080401833 3881149.69745981 30.0
507329.8685524612 3881149.586415212 30.0
507329.8685524612 3881149.586415212 30.0
507329.6954090068 3881149.486467724 30.0
507329.6954090068 3881149.486467724 30.0
507329.5131574411 3881149.3754231324 30.0
507329.3400139811 3881149.2754756534 30.0
507329.3400139811 3881149.2754756534 30.0
507329.15776240686 3881149.164431069 30.0
507329.15776240686 3881149.164431069 30.0
507328.9755018898 3881149.0644762455 30.0
507328.9755018898 3881149.0644762455 30.0
507328.9755018898 3881149.0644762455 30.0
507328.78413325764 3881148.953424318 30.0
507328.78413325764 3881148.953424318 30.0
507328.5927646208 3881148.8423723956 30.0
507328.5927646208 3881148.8423723956 30.0
507328.41051303106 3881148.731327826 30.0
507328.41051303106 3881148.731327826 30.0
507328.2282614346 3881148.620283261 30.0
507328.2282614346 3881148.620283261 30.0
507328.04600089643 3881148.5203284565 30.0
507328.04600089643 3881148.5203284565 30.0
507327.8637492913 3881148.409283899 30.0
507327.8637492913 3881148.409283899 30.0
507327.6814976793 3881148.2982393447 30.0
507327.6814976793 3881148.2982393447 30.0
507327.50836311764 3881148.1872021426 30.0
507327.50836311764 3881148.1872021426 30.0
507327.1438509403 3881147.9762028083 30.0
507327.1438509403 3881147.9762028083 30.0
507326.95248226286 3881147.8651509206 30.0
507326.95248226286 3881147.8651509206 30.0
507326.779338746 3881147.765203491 30.0
507326.779338746 3881147.765203491 30.0
507326.59708710795 3881147.654158957 30.0
507326.4330695737 3881147.5431291237 30.0
507326.59708710795 3881147.654158957 30.0
507326.4330695737 3881147.5431291237 30.0
507326.26904309343 3881147.4431890496 30.0
507326.26904309343 3881147.4431890496 30.0
507326.1050255468 3881147.3321592226 30.0
507326.1050255468 3881147.3321592226 30.0
507325.9318909451 3881147.22112205 30.0
507325.9318909451 3881147.22112205 30.0
507325.7405133026 3881147.121159945 30.0
507325.5491445901 3881147.010108087 30.0
507325.5491445901 3881147.010108087 30.0
507325.36688398797 3881146.910153337 30.0
507325.36688398797 3881146.910153337 30.0
507325.36688398797 3881146.910153337 30.0
507325.20285748696 3881146.8102132822 30.0
507325.0297139308 3881146.7102658856 30.0
507325.20285748696 3881146.8102132822 30.0
507325.0297139308 3881146.7102658856 30.0
507324.8656874201 3881146.610325838 30.0
507324.8656874201 3881146.610325838 30.0
507324.7016609059 3881146.510385794 30.0
507324.35537376505 3881146.3104910213 30.0
507324.35537376505 3881146.3104910213 30.0
507324.17310420104 3881146.221626052 30.0
507324.17310420104 3881146.221626052 30.0
507324.17310420104 3881146.221626052 30.0
507323.9908435703 3881146.1216713293 30.0
507323.9908435703 3881146.1216713293 30.0
507323.8085739989 3881146.032806368 30.0
507323.8085739989 3881146.032806368 30.0
507323.63543041266 3881145.932858998 30.0
507323.63543041266 3881145.932858998 30.0
507323.45316976565 3881145.8329042858 30.0
507323.280017238 3881145.7440466797 30.0
507323.280017238 3881145.7440466797 30.0
507323.280017238 3881145.7440466797 30.0
507323.08863953303 3881145.64408463 30.0
507323.08863953303 3881145.64408463 30.0
507322.9063788788 3881145.5441299304 30.0
507322.71499223023 3881145.455257646 30.0
507322.9063788788 3881145.5441299304 30.0
507322.53273156815 3881145.355302952 30.0
507322.53273156815 3881145.355302952 30.0
507322.53273156815 3881145.355302952 30.0
507322.3413449142 3881145.266430678 30.0
507322.3413449142 3881145.266430678 30.0
507322.1499671913 3881145.1664686473 30.0
507322.1499671913 3881145.1664686473 30.0
507321.94946347654 3881145.0775890364 30.0
507321.94946347654 3881145.0775890364 30.0
507321.7489686874 3881144.9776196727 30.0
507321.56669907353 3881144.888754755 30.0
507321.56669907353 3881144.888754755 30.0
507321.56669907353 3881144.888754755 30.0
507321.3753124027 3881144.799882502 30.0
507321.3753124027 3881144.799882502 30.0
507321.19304277934 3881144.711017592 30.0
507321.19304277934 3881144.711017592 30.0
507321.019890206 3881144.6221600277 30.0
507320.8284945912 3881144.544377542 30.0
507320.8284945912 3881144.544377542 30.0
507320.8284945912 3881144.544377542 30.0
507320.6370989754 3881144.4665950597 30.0
507320.436586298 3881144.3888052395 30.0
507320.6370989754 3881144.4665950597 30.0
507320.436586298 3881144.3888052395 30.0
507320.2360736217 3881144.311015424 30.0
507320.02643495606 3881144.244308028 30.0
507320.02643495606 3881144.244308028 30.0
507320.02643495606 3881144.244308028 30.0
507319.8259133413 3881144.177607979 30.0
507319.8259133413 3881144.177607979 30.0
507319.60714868625 3881144.1219830094 30.0
507319.3975100116 3881144.055275629 30.0
507319.3975100116 3881144.055275629 30.0
507319.1787453487 3881143.999650669 30.0
507319.3975100116 3881144.055275629 30.0
507319.1787453487 3881143.999650669 30.0
507318.95998068544 3881143.9440257153 30.0
507318.95998068544 3881143.9440257153 30.0
507318.7412070913 3881143.899490525 30.0
507318.5133164431 3881143.854947998 30.0
507318.7412070913 3881143.899490525 30.0
507318.0666432623 3881143.7769600614 30.0
507318.0666432623 3881143.7769600614 30.0
507317.8387347512 3881143.754597066 30.0
507318.0666432623 3881143.7769600614 30.0
507317.8387347512 3881143.754597066 30.0
507317.6108262391 3881143.7322340775 30.0
507317.39202585147 3881143.7209681906 30.0
507317.39202585147 3881143.7209681906 30.0
507317.39202585147 3881143.7209681906 30.0
507317.17322546564 3881143.7097023097 30.0
507316.94530802476 3881143.698429095 30.0
507316.94530802476 3881143.698429095 30.0
507316.94530802476 3881143.698429095 30.0
507316.7173816576 3881143.6982456436 30.0
507316.7173816576 3881143.6982456436 30.0
507316.49857234507 3881143.6980695357 30.0
507316.49857234507 3881143.6980695357 30.0
507316.2888622366 3881143.720080284 30.0
507316.07004399964 3881143.7309939433 30.0
507316.07004399964 3881143.7309939433 30.0
507315.8420997841 3881143.7529900284 30.0
507315.8420997841 3881143.7529900284 30.0
507315.6232815485 3881143.7639036993 30.0
507315.6232815485 3881143.7639036993 30.0
507315.4044543893 3881143.785907132 30.0
507315.4044543893 3881143.785907132 30.0
507315.4044543893 3881143.785907132 30.0
507315.1856272312 3881143.80791057 30.0
507314.96679115057 3881143.8410037705 30.0
507315.1856272312 3881143.80791057 30.0
507314.96679115057 3881143.8410037705 30.0
507314.5291189942 3881143.907190188 30.0
507314.3193999727 3881143.940290739 30.0
507314.5291189942 3881143.907190188 30.0
507314.3193999727 3881143.940290739 30.0
507314.100554976 3881143.9844737174 30.0
507314.100554976 3881143.9844737174 30.0
507313.8817010592 3881144.039746459 30.0
507313.8817010592 3881144.039746459 30.0
507313.662847145 3881144.0950192055 30.0
507313.44398431183 3881144.161381715 30.0
507313.662847145 3881144.0950192055 30.0
507313.44398431183 3881144.161381715 30.0
507313.23423853586 3881144.227751564 30.0
507313.0244927606 3881144.2941214163 30.0
507313.0244927606 3881144.2941214163 30.0
507313.0244927606 3881144.2941214163 30.0
507312.8147380721 3881144.3715810315 30.0
507312.8147380721 3881144.3715810315 30.0
507312.6049744642 3881144.46013041 30.0
507312.6049744642 3881144.46013041 30.0
507312.4043368345 3881144.5375973694 30.0
507312.4043368345 3881144.5375973694 30.0
507312.2036813701 3881144.6372438464 30.0
507312.2036813701 3881144.6372438464 30.0
507312.0030348255 3881144.725800573 30.0
507311.80237044767 3881144.836536817 30.0
507311.80237044767 3881144.836536817 30.0
507311.80237044767 3881144.836536817 30.0
507311.6017149965 3881144.9361833083 30.0
507311.6017149965 3881144.9361833083 30.0
507311.2095122368 3881145.1465733927 30.0
507311.2095122368 3881145.1465733927 30.0
507311.0270819862 3881145.2573243207 30.0
507311.0270819862 3881145.2573243207 30.0
507310.835525764 3881145.379157675 30.0
507310.835525764 3881145.379157675 30.0
507310.64397846983 3881145.4899012763 30.0
507310.46153039683 3881145.622831729 30.0
507310.64397846983 3881145.4899012763 30.0
507310.2790912447 3881145.744672427 30.0
507310.46153039683 3881145.622831729 30.0
507310.2790912447 3881145.744672427 30.0
507310.08753504505 3881145.8665057984 30.0
507310.08753504505 3881145.8665057984 30.0
507309.90508698544 3881145.9994362616 30.0
507309.90508698544 3881145.9994362616 30.0
507309.7226300163 3881146.1434564856 30.0
507309.7226300163 3881146.1434564856 30.0
507309.54929901945 3881146.276394288 30.0
507309.54929901945 3881146.276394288 30.0
507309.3759591109 3881146.420421849 30.0
507309.3759591109 3881146.420421849 30.0
507309.2026102937 3881146.575539172 30.0
507309.2026102937 3881146.575539172 30.0
507309.03837853146 3881146.730663829 30.0
507308.8741467749 3881146.8857884873 30.0
507309.03837853146 3881146.730663829 30.0
507308.8741467749 3881146.8857884873 30.0
507308.70990611025 3881147.052002908 30.0
507308.70990611025 3881147.052002908 30.0
507308.3996499851 3881147.395536173 30.0
507308.2536345218 3881147.5728550167 30.0
507308.3996499851 3881147.395536173 30.0
507308.2536345218 3881147.5728550167 30.0
507308.09850201616 3881147.750166536 30.0
507307.96160361706 3881147.927492714 30.0
507308.09850201616 3881147.750166536 30.0
507307.8246963038 3881148.115908651 30.0
507307.96160361706 3881147.927492714 30.0
507307.8246963038 3881148.115908651 30.0
507307.6877800861 3881148.3154143486 30.0
507307.6877800861 3881148.3154143486 30.0
507307.5599898387 3881148.50383762 30.0
507307.5599898387 3881148.50383762 30.0
507307.4321906821 3881148.7033506497 30.0
507307.31350858044 3881148.9028710118 30.0
507307.31350858044 3881148.9028710118 30.0
507307.31350858044 3881148.9028710118 30.0
507307.2039524471 3881149.091308945 30.0
507307.09437849035 3881149.301926394 30.0
507307.09437849035 3881149.301926394 30.0
507306.9848134525 3881149.501454087 30.0
507307.09437849035 3881149.301926394 30.0
507306.8843565542 3881149.7120788684 30.0
507306.8843565542 3881149.7120788684 30.0
507306.8843565542 3881149.7120788684 30.0
507306.78389074927 3881149.933793406 30.0
507306.78389074927 3881149.933793406 30.0
507306.69255090604 3881150.144425516 30.0
507306.69255090604 3881150.144425516 30.0
507306.61031920614 3881150.366154713 30.0
507306.61031920614 3881150.366154713 30.0
507306.5280875079 3881150.58788391 30.0
507306.5280875079 3881150.58788391 30.0
507306.454972861 3881150.809620436 30.0
507306.454972861 3881150.809620436 30.0
507306.38184930454 3881151.042446721 30.0
507306.38184930454 3881151.042446721 30.0
507306.3269598479 3881151.275287661 30.0
507306.3269598479 3881151.275287661 30.0
507306.2629533474 3881151.508121273 30.0
507306.2629533474 3881151.508121273 30.0
507306.21718985355 3881151.7298797835 30.0
507306.16230040294 3881151.962720724 30.0
507306.16230040294 3881151.962720724 30.0
507306.1165280033 3881152.1955689928 30.0
507306.1165280033 3881152.1955689928 30.0
507306.1165280033 3881152.1955689928 30.0
507306.0798815622 3881152.4173348313 30.0
507306.0523432603 3881152.650197756 30.0
507306.0523432603 3881152.650197756 30.0
507306.03391308774 3881152.894157764 30.0
507306.03391308774 3881152.894157764 30.0
507306.0245910508 3881153.1492148577 30.0
507306.0245910508 3881153.1492148577 30.0
507306.0245910508 3881153.1492148577 30.0
507306.01527792704 3881153.3931821934 30.0
507306.01527792704 3881153.3931821934 30.0
507305.9968566719 3881153.6260524434 30.0
507305.9968566719 3881153.6260524434 30.0
507305.9784443303 3881153.847832939 30.0
507305.9784443303 3881153.847832939 30.0
507305.9507366936 3881154.291401255 30.0
507305.9507366936 3881154.291401255 30.0
507305.95055844163 3881154.513196403 30.0
507305.95055844163 3881154.513196403 30.0
507305.9594883205 3881154.7460886375 30.0
507305.9594883205 3881154.7460886375 30.0
507305.96842711157 3881154.9678911143 30.0
507305.96842711157 3881154.9678911143 30.0
507305.9773569895 3881155.2007833472 30.0
507305.9773569895 3881155.2007833472 30.0
507305.9862868646 3881155.4336755807 30.0
507305.9862868646 3881155.4336755807 30.0
507306.0043426991 3881155.6554853837 30.0
507306.03150665987 3881155.888392272 30.0
507306.03150665987 3881155.888392272 30.0
507306.03150665987 3881155.888392272 30.0
507306.05867061927 3881156.121299161 30.0
507306.05867061927 3881156.121299161 30.0
507306.0949516214 3881156.354213377 30.0
507306.0949516214 3881156.354213377 30.0
507306.13123262156 3881156.5871275933 30.0
507306.13123262156 3881156.5871275933 30.0
507306.17663065885 3881156.8200491364 30.0
507306.17663065885 3881156.8200491364 30.0
507306.2220376068 3881157.041880925 30.0
507306.2220376068 3881157.041880925 30.0
507306.27655268036 3881157.274809796 30.0
507306.27655268036 3881157.274809796 30.0
507306.33106775343 3881157.5077386694 30.0
507306.33106775343 3881157.5077386694 30.0
507306.3855917368 3881157.7295777844 30.0
507306.3855917368 3881157.7295777844 30.0
507306.4492238422 3881157.962513985 30.0
507306.4492238422 3881157.962513985 30.0
507306.5219818998 3881158.184367757 30.0
507306.58562291187 3881158.406214201 30.0
507306.58562291187 3881158.406214201 30.0
507306.58562291187 3881158.406214201 30.0
507306.64927283657 3881158.6169708883 30.0
507306.64927283657 3881158.6169708883 30.0
507306.72203979525 3881158.8277349044 30.0
507306.72203979525 3881158.8277349044 30.0
507306.7856897161 3881159.038491593 30.0
507306.7856897161 3881159.038491593 30.0
507306.8493485431 3881159.238158525 30.0
507306.8493485431 3881159.238158525 30.0
507306.90389032854 3881159.4378181295 30.0
507306.90389032854 3881159.4378181295 30.0
507306.9675402386 3881159.648574819 30.0
507307.02208201896 3881159.848234424 30.0
507307.02208201896 3881159.848234424 30.0
507307.02208201896 3881159.848234424 30.0
507307.07663271093 3881160.0368042714 30.0
507307.07663271093 3881160.0368042714 30.0
507307.14029152907 3881160.236471206 30.0
507307.19483330206 3881160.4361308115 30.0
507307.14029152907 3881160.236471206 30.0
507307.19483330206 3881160.4361308115 30.0
507307.24938398687 3881160.6247006613 30.0
507307.3039257575 3881160.8243602677 30.0
507307.3039257575 3881160.8243602677 30.0
507307.3039257575 3881160.8243602677 30.0
507307.4221352404 3881161.212597053 30.0
507307.4221352404 3881161.212597053 30.0
507307.4858029548 3881161.401174233 30.0
507307.4858029548 3881161.401174233 30.0
507307.54035362776 3881161.589744083 30.0
507307.54035362776 3881161.589744083 30.0
507307.59489538375 3881161.789403692 30.0
507307.6585630929 3881161.977980873 30.0
507307.6585630929 3881161.977980873 30.0
507307.6585630929 3881161.977980873 30.0
507307.72222187987 3881162.1776478123 30.0
507307.78588958125 3881162.3662249935 30.0
507307.72222187987 3881162.1776478123 30.0
507307.8495483627 3881162.5658919346 30.0
507307.8495483627 3881162.5658919346 30.0
507307.8495483627 3881162.5658919346 30.0
507307.91321605875 3881162.7544691153 30.0
507307.9768748347 3881162.9541360564 30.0
507307.9768748347 3881162.9541360564 30.0
507307.9768748347 3881162.9541360564 30.0
507308.031425488 3881163.1427059113 30.0
507308.09508426324 3881163.342372853 30.0
507308.09508426324 3881163.342372853 30.0
507308.09508426324 3881163.342372853 30.0
507308.1587519463 3881163.530950037 30.0
507308.1587519463 3881163.530950037 30.0
507308.2224196291 3881163.7195272227 30.0
507308.2224196291 3881163.7195272227 30.0
507308.28608730686 3881163.9081044076 30.0
507308.28608730686 3881163.9081044076 30.0
507308.3497549844 3881164.0966815935 30.0
507308.3497549844 3881164.0966815935 30.0
507308.4134226568 3881164.2852587802 30.0
507308.4134226568 3881164.2852587802 30.0
507308.477090329 3881164.4738359684 30.0
507308.477090329 3881164.4738359684 30.0
507308.54075799615 3881164.662413155 30.0
507308.60442566534 3881164.8509903443 30.0
507308.54075799615 3881164.662413155 30.0
507308.60442566534 3881164.8509903443 30.0
507308.6680933272 3881165.0395675316 30.0
507308.6680933272 3881165.0395675316 30.0
507308.73176098644 3881165.2281447216 30.0
507308.80455459416 3881165.4056394845 30.0
507308.73176098644 3881165.2281447216 30.0
507308.80455459416 3881165.4056394845 30.0
507308.86822225025 3881165.594216673 30.0
507308.9318988177 3881165.7717041075 30.0
507308.9318988177 3881165.7717041075 30.0
507308.99557538494 3881165.94919154 30.0
507308.99557538494 3881165.94919154 30.0
507308.99557538494 3881165.94919154 30.0
507309.0501260013 3881166.1377614024 30.0
507309.1138025613 3881166.315248836 30.0
507309.1138025613 3881166.315248836 30.0
507309.16836208955 3881166.4927289416 30.0
507309.16836208955 3881166.4927289416 30.0
507309.2320386447 3881166.670216377 30.0
507309.2320386447 3881166.670216377 30.0
507309.2865981662 3881166.8476964817 30.0
507309.2865981662 3881166.8476964817 30.0
507309.3502658021 3881167.036273675 30.0
507309.3502658021 3881167.036273675 30.0
507309.40483423823 3881167.2026640237 30.0
507309.3502658021 3881167.036273675 30.0
507309.4685107838 3881167.3801514613 30.0
507309.4685107838 3881167.3801514613 30.0
507309.4685107838 3881167.3801514613 30.0
507309.52307029866 3881167.557631569 30.0
507309.57762980903 3881167.735111675 30.0
507309.57762980903 3881167.735111675 30.0
507309.57762980903 3881167.735111675 30.0
507309.6413063475 3881167.912599114 30.0
507309.70498288807 3881168.090086554 30.0
507309.6413063475 3881167.912599114 30.0
507309.70498288807 3881168.090086554 30.0
507309.759551309 3881168.256476904 30.0
507309.8141108105 3881168.4339570142 30.0
507309.8141108105 3881168.4339570142 30.0
507309.8141108105 3881168.4339570142 30.0
507309.8777962592 3881168.6003546966 30.0
507309.8777962592 3881168.6003546966 30.0
507309.9323557563 3881168.7778348066 30.0
507309.9323557563 3881168.7778348066 30.0
507309.9869152536 3881168.9553149175 30.0
507310.04148366646 3881169.1217052704 30.0
507310.04148366646 3881169.1217052704 30.0
507310.04148366646 3881169.1217052704 30.0
507310.0960431572 3881169.2991853803 30.0
507310.15972859226 3881169.4655830655 30.0
507310.15972859226 3881169.4655830655 30.0
507310.15972859226 3881169.4655830655 30.0
507310.2142880833 3881169.643063177 30.0
507310.27797351376 3881169.8094608625 30.0
507310.2142880833 3881169.643063177 30.0
507310.3416500239 3881169.9869483076 30.0
507310.27797351376 3881169.8094608625 30.0
507310.3962095059 3881170.1644284204 30.0
507310.3962095059 3881170.1644284204 30.0
507310.3962095059 3881170.1644284204 30.0
507310.4598949294 3881170.3308261074 30.0
507310.4598949294 3881170.3308261074 30.0
507310.51445440465 3881170.508306221 30.0
507310.5781309099 3881170.685793668 30.0
507310.51445440465 3881170.508306221 30.0
507310.5781309099 3881170.685793668 30.0
507310.6326903807 3881170.8632737813 30.0
507310.6326903807 3881170.8632737813 30.0
507310.687240931 3881171.0518436553 30.0
507310.687240931 3881171.0518436553 30.0
507310.7326833706 3881171.229316438 30.0
507310.78724283975 3881171.4067965536 30.0
507310.78724283975 3881171.4067965536 30.0
507310.78724283975 3881171.4067965536 30.0
507310.8418023021 3881171.58427667 30.0
507310.8418023021 3881171.58427667 30.0
507310.90546987 3881171.7728538765 30.0
507310.96002933016 3881171.950333994 30.0
507310.90546987 3881171.7728538765 30.0
507310.96002933016 3881171.950333994 30.0
507311.0145887882 3881172.1278141104 30.0
507311.0145887882 3881172.1278141104 30.0
507311.0691482418 3881172.305294229 30.0
507311.0691482418 3881172.305294229 30.0
507311.1237076932 3881172.482774346 30.0
507311.23281767516 3881172.8488243395 30.0
507311.23281767516 3881172.8488243395 30.0
507311.23281767516 3881172.8488243395 30.0
507311.2964941452 3881173.0263117924 30.0
507311.2964941452 3881173.0263117924 30.0
507311.35105359013 3881173.2037919126 30.0
507311.4056130306 3881173.381272032 30.0
507311.35105359013 3881173.2037919126 30.0
507311.4056130306 3881173.381272032 30.0
507311.45105544676 3881173.5587448194 30.0
507311.5056148831 3881173.7362249396 30.0
507311.5056148831 3881173.7362249396 30.0
507311.5056148831 3881173.7362249396 30.0
507311.5510483737 3881173.9247874864 30.0
507311.5510483737 3881173.9247874864 30.0
507311.6056078082 3881174.102267608 30.0
507311.6056078082 3881174.102267608 30.0
507311.6601672406 3881174.2797477297 30.0
507311.7147266685 3881174.4572278513 30.0
507311.6601672406 3881174.2797477297 30.0
507311.7147266685 3881174.4572278513 30.0
507311.7692860943 3881174.6347079747 30.0
507311.81472849695 3881174.812180763 30.0
507311.81472849695 3881174.812180763 30.0
507311.81472849695 3881174.812180763 30.0
507311.86929684086 3881174.97857113 30.0
507311.86929684086 3881174.97857113 30.0
507311.91474815743 3881175.1449541617 30.0
507311.91474815743 3881175.1449541617 30.0
507311.96930757747 3881175.322434285 30.0
507311.96930757747 3881175.322434285 30.0
507312.0693183042 3881175.6662974446 30.0
507312.1147517756 3881175.854859992 30.0
507312.1147517756 3881175.854859992 30.0
507312.1147517756 3881175.854859992 30.0
507312.1693111851 3881176.032340118 30.0
507312.2238616744 3881176.2209100015 30.0
507312.2238616744 3881176.2209100015 30.0
507312.27840323886 3881176.420569644 30.0
507312.27840323886 3881176.420569644 30.0
507312.27840323886 3881176.420569644 30.0
507312.3329448032 3881176.6202292857 30.0
507312.3329448032 3881176.6202292857 30.0
507312.37836934143 3881176.819881595 30.0
507312.37836934143 3881176.819881595 30.0
507312.4329198194 3881177.008451479 30.0
507312.4874702997 3881177.1970213647 30.0
507312.4874702997 3881177.1970213647 30.0
507312.4874702997 3881177.1970213647 30.0
507312.5329126731 3881177.3744941587 30.0
507312.5329126731 3881177.3744941587 30.0
507312.57835504465 3881177.551966953 30.0
507312.57835504465 3881177.551966953 30.0
507312.6146803964 3881177.7294324134 30.0
507312.6146803964 3881177.7294324134 30.0
507312.6601227646 3881177.906905208 30.0
507312.6601227646 3881177.906905208 30.0
507312.6964481133 3881178.08437067 30.0
507312.6964481133 3881178.08437067 30.0
507312.72365643614 3881178.2618287965 30.0
507312.72365643614 3881178.2618287965 30.0
507312.78717226296 3881178.638931902 30.0
507312.78717226296 3881178.638931902 30.0
507312.80525464437 3881178.827472454 30.0
507312.8324451253 3881179.0271100975 30.0
507312.8324451253 3881179.0271100975 30.0
507312.8324451253 3881179.0271100975 30.0
507312.8596534426 3881179.204568225 30.0
507312.8596534426 3881179.204568225 30.0
507312.88685284235 3881179.393116112 30.0
507312.9140522409 3881179.581663999 30.0
507312.9140522409 3881179.581663999 30.0
507312.9140522409 3881179.581663999 30.0
507312.9321435366 3881179.7591147916 30.0
507312.9321435366 3881179.7591147916 30.0
507312.9502259127 3881179.9476553444 30.0
507312.9502259127 3881179.9476553444 30.0
507312.96829936904 3881180.1472856547 30.0
507312.96829936904 3881180.1472856547 30.0
507312.97726472584 3881180.335818872 30.0
507312.9953560187 3881180.5132696666 30.0
507312.97726472584 3881180.335818872 30.0
507313.00432137685 3881180.7018028847 30.0
507313.00432137685 3881180.7018028847 30.0
507313.00432137685 3881180.7018028847 30.0
507313.0132867323 3881180.8903361033 30.0
507313.0222610086 3881181.0677795643 30.0
507313.0222610086 3881181.0677795643 30.0
507313.0222610086 3881181.0677795643 30.0
507313.0312263633 3881181.256312783 30.0
507313.0312263633 3881181.256312783 30.0
507313.0309408813 3881181.611185035 30.0
507313.0216722026 3881181.7997035854 30.0
507313.0216722026 3881181.7997035854 30.0
507313.0124124457 3881181.977132377 30.0
507313.0124124457 3881181.977132377 30.0
507313.0124124457 3881181.977132377 30.0
507313.0122607837 3881182.1656582607 30.0
507313.0122607837 3881182.1656582607 30.0
507313.00299210596 3881182.3541768105 30.0
507312.98461533437 3881182.53159827 30.0
507313.00299210596 3881182.3541768105 30.0
507312.98461533437 3881182.53159827 30.0
507312.97534665756 3881182.7201168197 30.0
507312.97534665756 3881182.7201168197 30.0
507312.96608690236 3881182.8975456115 30.0
507312.947701209 3881183.086056829 30.0
507312.96608690236 3881182.8975456115 30.0
507312.947701209 3881183.086056829 30.0
507312.9293244399 3881183.2634782866 30.0
507312.9293244399 3881183.2634782866 30.0
507312.9200557673 3881183.451996836 30.0
507312.9200557673 3881183.451996836 30.0
507312.9016789971 3881183.629418296 30.0
507312.9016789971 3881183.629418296 30.0
507312.8832933088 3881183.8179295114 30.0
507312.8832933088 3881183.8179295114 30.0
507312.8557906049 3881184.006433395 30.0
507312.8282879067 3881184.194937276 30.0
507312.8557906049 3881184.006433395 30.0
507312.7916681914 3881184.383433825 30.0
507312.7916681914 3881184.383433825 30.0
507312.7916681914 3881184.383433825 30.0
507312.7550484798 3881184.571930374 30.0
507312.7550484798 3881184.571930374 30.0
507312.7184287675 3881184.760426923 30.0
507312.681809059 3881184.948923472 30.0
507312.7184287675 3881184.760426923 30.0
507312.681809059 3881184.948923472 30.0
507312.6360723367 3881185.137412688 30.0
507312.6360723367 3881185.137412688 30.0
507312.59033561865 3881185.3259019027 30.0
507312.59033561865 3881185.3259019027 30.0
507312.54459890246 3881185.5143911196 30.0
507312.54459890246 3881185.5143911196 30.0
507312.4897451735 3881185.7028730023 30.0
507312.4897451735 3881185.7028730023 30.0
507312.4348914491 3881185.891354884 30.0
507312.4348914491 3881185.891354884 30.0
507312.389154739 3881186.0798441027 30.0
507312.389154739 3881186.0798441027 30.0
507312.32517508435 3881186.2794084097 30.0
507312.32517508435 3881186.2794084097 30.0
507312.27032136446 3881186.467890293 30.0
507312.27032136446 3881186.467890293 30.0
507312.2154587289 3881186.667461935 30.0
507312.2154587289 3881186.667461935 30.0
507312.1514880024 3881186.8559364877 30.0
507312.1514880024 3881186.8559364877 30.0
507312.07840026985 3881187.0444037053 30.0
507312.07840026985 3881187.0444037053 30.0
507312.005312538 3881187.232870925 30.0
507311.9413418199 3881187.421345477 30.0
507311.9413418199 3881187.421345477 30.0
507311.9413418199 3881187.421345477 30.0
507311.8682540962 3881187.6098126983 30.0
507311.8682540962 3881187.6098126983 30.0
507311.79516637325 3881187.798279919 30.0
507311.79516637325 3881187.798279919 30.0
507311.7220786533 3881187.9867471415 30.0
507311.7220786533 3881187.9867471415 30.0
507311.64899985836 3881188.1641246052 30.0
507311.64899985836 3881188.1641246052 30.0
507311.5759121443 3881188.3525918284 30.0
507311.5759121443 3881188.3525918284 30.0
507311.5028244334 3881188.5410590507 30.0
507311.5028244334 3881188.5410590507 30.0
507311.4206286378 3881188.7184291845 30.0
507311.4206286378 3881188.7184291845 30.0
507311.3475498522 3881188.8958066516 30.0
507311.3475498522 3881188.8958066516 30.0
507311.2744710695 3881189.073184119 30.0
507311.183158272 3881189.250546922 30.0
507311.183158272 3881189.250546922 30.0
507311.11008841434 3881189.416834633 30.0
507311.183158272 3881189.250546922 30.0
507311.0187845424 3881189.583107679 30.0
507311.11008841434 3881189.416834633 30.0
507311.0187845424 3881189.583107679 30.0
507310.93659768207 3881189.7493880596 30.0
507310.93659768207 3881189.7493880596 30.0
507310.85440191074 3881189.926758198 30.0
507310.85440191074 3881189.926758198 30.0
507310.7722150565 3881190.0930385794 30.0
507310.60784135706 3881190.425599346 30.0
507310.7722150565 3881190.0930385794 30.0
507310.60784135706 3881190.425599346 30.0
507310.5256545118 3881190.591879729 30.0
507310.5256545118 3881190.591879729 30.0
507310.4434587514 3881190.7692498723 30.0
507310.4434587514 3881190.7692498723 30.0
507310.3612719123 3881190.935530258 30.0
507310.2790850762 3881191.101810644 30.0
507310.3612719123 3881190.935530258 30.0
507310.19689824764 3881191.2680910304 30.0
507310.19689824764 3881191.2680910304 30.0
507310.1147114175 3881191.434371419 30.0
507310.1147114175 3881191.434371419 30.0
507310.0325245904 3881191.600651807 30.0
507310.0325245904 3881191.600651807 30.0
507309.95033776626 3881191.766932196 30.0
507309.95033776626 3881191.766932196 30.0
507309.95033776626 3881191.766932196 30.0
507309.8681509451 3881191.9332125857 30.0
507309.8681509451 3881191.9332125857 30.0
507309.7859730444 3881192.0884032194 30.0
507309.7859730444 3881192.0884032194 30.0
507309.70378622913 3881192.2546836114 30.0
507309.62160833407 3881192.409874244 30.0
507309.62160833407 3881192.409874244 30.0
507309.53942152706 3881192.576154638 30.0
507309.53942152706 3881192.576154638 30.0
507309.53942152706 3881192.576154638 30.0
507309.45724364003 3881192.7313452754 30.0
507309.45724364003 3881192.7313452754 30.0
507309.29287003615 3881193.0639060647 30.0
507309.29287003615 3881193.0639060647 30.0
507309.20157515054 3881193.2190893725 30.0
507309.20157515054 3881193.2190893725 30.0
507309.11938835616 3881193.3853697707 30.0
507309.11938835616 3881193.3853697707 30.0
507309.0280845626 3881193.551642837 30.0
507309.0280845626 3881193.551642837 30.0
507308.9459066908 3881193.706833478 30.0
507308.9459066908 3881193.706833478 30.0
507308.85460290127 3881193.8731065486 30.0
507308.85460290127 3881193.8731065486 30.0
507308.7724161191 3881194.039386948 30.0
507308.7724161191 3881194.039386948 30.0
507308.68111233617 3881194.2056600195 30.0
507308.68111233617 3881194.2056600195 30.0
507308.59892556013 3881194.371940421 30.0
507308.59892556013 3881194.371940421 30.0
507308.507621786 3881194.5382134956 30.0
507308.4163180128 3881194.704486568 30.0
507308.4163180128 3881194.704486568 30.0
507308.4163180128 3881194.704486568 30.0
507308.3341312462 3881194.8707669736 30.0
507308.3341312462 3881194.8707669736 30.0
507308.2428274795 3881195.0370400487 30.0
507308.2428274795 3881195.0370400487 30.0
507308.1515237185 3881195.2033131267 30.0
507308.1515237185 3881195.2033131267 30.0
507308.06021995854 3881195.3695862032 30.0
507308.06021995854 3881195.3695862032 30.0
507307.8776124462 3881195.702132363 30.0
507307.8776124462 3881195.702132363 30.0
507307.7863086962 3881195.868405443 30.0
507307.70412195387 3881196.034685853 30.0
507307.70412195387 3881196.034685853 30.0
507307.70412195387 3881196.034685853 30.0
507307.6128182104 3881196.200958936 30.0
507307.5215144702 3881196.36723202 30.0
507307.5215144702 3881196.36723202 30.0
507307.5215144702 3881196.36723202 30.0
507307.4210937319 3881196.5334977745 30.0
507307.4210937319 3881196.5334977745 30.0
507307.32979000086 3881196.6997708613 30.0
507307.32979000086 3881196.6997708613 30.0
507307.23847735656 3881196.877133705 30.0
507307.23847735656 3881196.877133705 30.0
507307.14717363 3881197.0434067925 30.0
507307.0467529036 3881197.209672551 30.0
507307.0467529036 3881197.209672551 30.0
507307.0467529036 3881197.209672551 30.0
507306.9554402723 3881197.387035399 30.0
507306.9554402723 3881197.387035399 30.0
507306.8550106417 3881197.56439092 30.0
507306.75458993105 3881197.7306566825 30.0
507306.75458993105 3881197.7306566825 30.0
507306.6632773083 3881197.908019534 30.0
507306.75458993105 3881197.7306566825 30.0
507306.5628476868 3881198.0853750575 30.0
507306.5628476868 3881198.0853750575 30.0
507306.352871463 3881198.4400787805 30.0
507306.352871463 3881198.4400787805 30.0
507306.2524329403 3881198.6285240655 30.0
507306.2524329403 3881198.6285240655 30.0
507306.15200333943 3881198.8058795934 30.0
507306.15200333943 3881198.8058795934 30.0
507306.15200333943 3881198.8058795934 30.0
507306.05156482727 3881198.994324882 30.0
507306.05156482727 3881198.994324882 30.0
507305.95113522967 3881199.1716804123 30.0
507305.95113522967 3881199.1716804123 30.0
507305.8507056406 3881199.3490359434 30.0
507305.8507056406 3881199.3490359434 30.0
507305.7411501422 3881199.5374739086 30.0
507305.7411501422 3881199.5374739086 30.0
507305.64071164664 3881199.7259192006 30.0
507305.64071164664 3881199.7259192006 30.0
507305.5311650693 3881199.9032674083 30.0
507305.5311650693 3881199.9032674083 30.0
507305.4307265798 3881200.0917127025 30.0
507305.4307265798 3881200.0917127025 30.0
507305.3211711013 3881200.2801506724 30.0
507305.3211711013 3881200.2801506724 30.0
507305.21162453457 3881200.4574988843 30.0
507305.21162453457 3881200.4574988843 30.0
507305.102069065 3881200.6459368574 30.0
507305.102069065 3881200.6459368574 30.0
507304.9925225069 3881200.823285072 30.0
507304.9925225069 3881200.823285072 30.0
507304.88295813487 3881201.0228128056 30.0
507304.88295813487 3881201.0228128056 30.0
507304.66382940055 3881201.421868275 30.0
507304.66382940055 3881201.421868275 30.0
507304.563390948 3881201.61031358 30.0
507304.563390948 3881201.61031358 30.0
507304.4447095963 3881201.8098339913 30.0
507304.4447095963 3881201.8098339913 30.0
507304.3442711526 3881201.9982792996 30.0
507304.3442711526 3881201.9982792996 30.0
507304.23470680654 3881202.1978070405 30.0
507304.23470680654 3881202.1978070405 30.0
507304.1251424653 3881202.397334784 30.0
507304.1251424653 3881202.397334784 30.0
507304.01557812886 3881202.596862527 30.0
507304.01557812886 3881202.596862527 30.0
507303.9060137972 3881202.796390272 30.0
507303.9060137972 3881202.796390272 30.0
507303.79644947033 3881202.9959180187 30.0
507303.79644947033 3881202.9959180187 30.0
507303.6868851483 3881203.1954457667 30.0
507303.5773208311 3881203.394973516 30.0
507303.6868851483 3881203.1954457667 30.0
507303.476873513 3881203.594508591 30.0
507303.476873513 3881203.594508591 30.0
507303.476873513 3881203.594508591 30.0
507303.37640837784 3881203.816223184 30.0
507303.2668351677 3881204.026840696 30.0
507303.2668351677 3881204.026840696 30.0
507303.1572708673 3881204.2263684506 30.0
507303.2668351677 3881204.026840696 30.0
507303.1572708673 3881204.2263684506 30.0
507302.92905202176 3881204.5921473643 30.0
507302.92905202176 3881204.5921473643 30.0
507302.8103885625 3881204.769488282 30.0
507302.8103885625 3881204.769488282 30.0
507302.6917251079 3881204.9468292026 30.0
507302.6917251079 3881204.9468292026 30.0
507302.5821697398 3881205.135267206 30.0
507302.5821697398 3881205.135267206 30.0
507302.47261438094 3881205.3237052117 30.0
507302.47261438094 3881205.3237052117 30.0
507302.36305902194 3881205.512143218 30.0
507302.25349476386 3881205.7116709827 30.0
507302.25349476386 3881205.7116709827 30.0
507302.14393050596 3881205.9111987497 30.0
507302.25349476386 3881205.7116709827 30.0
507302.14393050596 3881205.9111987497 30.0
507302.03436625743 3881206.110726519 30.0
507301.92480200913 3881206.310254288 30.0
507301.92480200913 3881206.310254288 30.0
507301.92480200913 3881206.310254288 30.0
507301.824345854 3881206.5208791415 30.0
507301.7238986088 3881206.7204142367 30.0
507301.7238986088 3881206.7204142367 30.0
507301.7238986088 3881206.7204142367 30.0
507301.6234424582 3881206.931039093 30.0
507301.6234424582 3881206.931039093 30.0
507301.5229863169 3881207.1416639495 30.0
507301.4225301779 3881207.352288806 30.0
507301.4225301779 3881207.352288806 30.0
507301.4225301779 3881207.352288806 30.0
507301.23073490406 3881207.7735458473 30.0
507301.1302698719 3881207.9952604654 30.0
507301.1302698719 3881207.9952604654 30.0
507301.1302698719 3881207.9952604654 30.0
507301.0389307412 3881208.2058926513 30.0
507300.94759161695 3881208.416524837 30.0
507300.94759161695 3881208.416524837 30.0
507300.94759161695 3881208.416524837 30.0
507300.8562524947 3881208.627157022 30.0
507300.764922283 3881208.826699451 30.0
507300.764922283 3881208.826699451 30.0
507300.67358316906 3881209.0373316393 30.0
507300.67358316906 3881209.0373316393 30.0
507300.58224406163 3881209.2479638285 30.0
507300.58224406163 3881209.2479638285 30.0
507300.5000219446 3881209.4586033407 30.0
507300.5000219446 3881209.4586033407 30.0
507300.4178087374 3881209.6581530944 30.0
507300.4178087374 3881209.6581530944 30.0
507300.3355866279 3881209.868792608 30.0
507300.3355866279 3881209.868792608 30.0
507300.2533645222 3881210.0794321233 30.0
507300.2533645222 3881210.0794321233 30.0
507300.1802505022 3881210.3011687174 30.0
507300.1802505022 3881210.3011687174 30.0
507300.10714539373 3881210.511815555 30.0
507300.10714539373 3881210.511815555 30.0
507300.10714539373 3881210.511815555 30.0
507300.043148368 3881210.7335594725 30.0
507300.043148368 3881210.7335594725 30.0
507299.9060462468 3881211.1659502303 30.0
507299.9060462468 3881211.1659502303 30.0
507299.85115731414 3881211.398791229 30.0
507299.85115731414 3881211.398791229 30.0
507299.79627728724 3881211.62054247 30.0
507299.79627728724 3881211.62054247 30.0
507299.74139726296 3881211.8422937114 30.0
507299.74139726296 3881211.8422937114 30.0
507299.6956342296 3881212.064052273 30.0
507299.6956342296 3881212.064052273 30.0
507299.64075421036 3881212.285803515 30.0
507299.64075421036 3881212.285803515 30.0
507299.6041081671 3881212.507569399 30.0
507299.6041081671 3881212.507569399 30.0
507299.55834514037 3881212.7293279627 30.0
507299.5308071809 3881212.962190927 30.0
507299.5308071809 3881212.962190927 30.0
507299.5032692206 3881213.1950538913 30.0
507299.5032692206 3881213.1950538913 30.0
507299.48485715565 3881213.4168344173 30.0
507299.48485715565 3881213.4168344173 30.0
507299.48485715565 3881213.4168344173 30.0
507299.45732810267 3881213.6386076226 30.0
507299.45732810267 3881213.6386076226 30.0
507299.4389160351 3881213.860388149 30.0
507299.4389160351 3881213.860388149 30.0
507299.4296120498 3881214.093265756 30.0
507299.4296120498 3881214.093265756 30.0
507299.42031696974 3881214.315053604 30.0
507299.42031696974 3881214.315053604 30.0
507299.41101298766 3881214.5479312106 30.0
507299.41101298766 3881214.5479312106 30.0
507299.4108348917 3881214.769726379 30.0
507299.4106567957 3881214.991521547 30.0
507299.4108348917 3881214.769726379 30.0
507299.4106567957 3881214.991521547 30.0
507299.4195867754 3881215.224413796 30.0
507299.4195867754 3881215.224413796 30.0
507299.4285256617 3881215.4462162848 30.0
507299.4285256617 3881215.4462162848 30.0
507299.43745564274 3881215.6791085326 30.0
507299.4646195897 3881215.9120154222 30.0
507299.43745564274 3881215.6791085326 30.0
507299.4826754583 3881216.1338252327 30.0
507299.4646195897 3881215.9120154222 30.0
507299.4826754583 3881216.1338252327 30.0
507299.509848303 3881216.3556423644 30.0
507299.509848303 3881216.3556423644 30.0
507299.5370211509 3881216.577459495 30.0
507299.58241905255 3881216.810381028 30.0
507299.58241905255 3881216.810381028 30.0
507299.62782585924 3881217.032212802 30.0
507299.62782585924 3881217.032212802 30.0
507299.6732326613 3881217.254044576 30.0
507299.6732326613 3881217.254044576 30.0
507299.7186394612 3881217.47587635 30.0
507299.6732326613 3881217.254044576 30.0
507299.7186394612 3881217.47587635 30.0
507299.7822891246 3881217.686633009 30.0
507299.7822891246 3881217.686633009 30.0
507299.8368129043 3881217.9084721063 30.0
507299.8368129043 3881217.9084721063 30.0
507299.90957063634 3881218.1303258436 30.0
507299.90957063634 3881218.1303258436 30.0
507299.9823283671 3881218.352179584 30.0
507299.9823283671 3881218.352179584 30.0
507300.0642119793 3881218.5629508863 30.0
507300.0642119793 3881218.5629508863 30.0
507300.146086682 3881218.78481195 30.0
507300.146086682 3881218.78481195 30.0
507300.2370872631 3881218.9955905764 30.0
507300.2370872631 3881218.9955905764 30.0
507300.32808784227 3881219.2063692035 30.0
507300.32808784227 3881219.2063692035 30.0
507300.4190795112 3881219.428237592 30.0
507300.52831403847 3881219.639030864 30.0
507300.52831403847 3881219.639030864 30.0
507300.62843158253 3881219.8498168164 30.0
507300.62843158253 3881219.8498168164 30.0
507300.73766609747 3881220.0606100922 30.0
507300.73766609747 3881220.0606100922 30.0
507300.73766609747 3881220.0606100922 30.0
507300.846900612 3881220.27140337 30.0
507300.846900612 3881220.27140337 30.0
507300.9743690741 3881220.4822112923 30.0
507300.9743690741 3881220.4822112923 30.0
507301.09272945754 3881220.681922136 30.0
507301.09272945754 3881220.681922136 30.0
507301.22019791044 3881220.8927300638 30.0
507301.22019791044 3881220.8927300638 30.0
507301.35679224145 3881221.0924555557 30.0
507301.49338656414 3881221.292181051 30.0
507301.49338656414 3881221.292181051 30.0
507301.76657519146 3881221.691632047 30.0
507301.49338656414 3881221.292181051 30.0
507301.76657519146 3881221.691632047 30.0
507301.9214123561 3881221.880282435 30.0
507301.9214123561 3881221.880282435 30.0
507302.0762495166 3881222.068932826 30.0
507302.231095579 3881222.246493463 30.0
507302.231095579 3881222.246493463 30.0
507302.231095579 3881222.246493463 30.0
507302.3950497 3881222.435151184 30.0
507302.3950497 3881222.435151184 30.0
507302.5498957499 3881222.612711825 30.0
507302.5498957499 3881222.612711825 30.0
507302.7138498577 3881222.8013695516 30.0
507302.7138498577 3881222.8013695516 30.0
507302.8778217768 3881222.967847765 30.0
507302.8778217768 3881222.967847765 30.0
507303.04178478295 3881223.1454157387 30.0
507303.04178478295 3881223.1454157387 30.0
507303.2239906391 3881223.3119086064 30.0
507303.2239906391 3881223.3119086064 30.0
507303.4062054029 3881223.4673117194 30.0
507303.4062054029 3881223.4673117194 30.0
507303.57929427165 3881223.6337972693 30.0
507303.57929427165 3881223.6337972693 30.0
507303.7706170846 3881223.800297472 30.0
507303.94371485297 3881223.9556932715 30.0
507303.94371485297 3881223.9556932715 30.0
507303.94371485297 3881223.9556932715 30.0
507304.11682152364 3881224.0999993156 30.0
507304.49037686054 3881224.3997231484 30.0
507304.49037686054 3881224.3997231484 30.0
507304.67260049214 3881224.544036528 30.0
507304.67260049214 3881224.544036528 30.0
507304.67260049214 3881224.544036528 30.0
507304.86394999805 3881224.6772674792 30.0
507304.86394999805 3881224.6772674792 30.0
507305.04618252756 3881224.8104911083 30.0
507305.2375320247 3881224.9437220674 30.0
507305.04618252756 3881224.8104911083 30.0
507305.4197645411 3881225.076945704 30.0
507305.2375320247 3881224.9437220674 30.0
507305.61111402715 3881225.2101766714 30.0
507305.61111402715 3881225.2101766714 30.0
507305.61111402715 3881225.2101766714 30.0
507305.80247241794 3881225.332317883 30.0
507305.9847049229 3881225.465541531 30.0
507305.80247241794 3881225.332317883 30.0
507305.9847049229 3881225.465541531 30.0
507306.1669463309 3881225.5876754243 30.0
507306.1669463309 3881225.5876754243 30.0
507306.3491877364 3881225.70980932 30.0
507306.54054610676 3881225.831950549 30.0
507306.54054610676 3881225.831950549 30.0
507306.7227875046 3881225.9540844536 30.0
507306.7227875046 3881225.9540844536 30.0
507306.7227875046 3881225.9540844536 30.0
507306.9141547788 3881226.0651359307 30.0
507307.1055131341 3881226.187277171 30.0
507307.1055131341 3881226.187277171 30.0
507307.1055131341 3881226.187277171 30.0
507307.4700048056 3881226.420455247 30.0
507307.4700048056 3881226.420455247 30.0
507307.6613631483 3881226.5425964994 30.0
507307.84361342737 3881226.653640667 30.0
507307.84361342737 3881226.653640667 30.0
507307.84361342737 3881226.653640667 30.0
507308.0349806778 3881226.76469217 30.0
507308.0349806778 3881226.76469217 30.0
507308.2172220323 3881226.8868261036 30.0
507308.3994723 3881226.9978702823 30.0
507308.3994723 3881226.9978702823 30.0
507308.3994723 3881226.9978702823 30.0
507308.581722561 3881227.1089144656 30.0
507308.75484693283 3881227.231041082 30.0
507308.581722561 3881227.1089144656 30.0
507308.75484693283 3881227.231041082 30.0
507308.93709718477 3881227.342085272 30.0
507308.93709718477 3881227.342085272 30.0
507309.1193474369 3881227.453129466 30.0
507309.1193474369 3881227.453129466 30.0
507309.3015887631 3881227.575263423 30.0
507309.3015887631 3881227.575263423 30.0
507309.4838390037 3881227.6863076235 30.0
507309.4838390037 3881227.6863076235 30.0
507309.6660803203 3881227.808441587 30.0
507309.85744752194 3881227.9194931267 30.0
507309.6660803203 3881227.808441587 30.0
507309.85744752194 3881227.9194931267 30.0
507310.03969774896 3881228.03053734 30.0
507310.03969774896 3881228.03053734 30.0
507310.413315157 3881228.2526331083 30.0
507310.413315157 3881228.2526331083 30.0
507310.5955653706 3881228.3636773317 30.0
507310.5955653706 3881228.3636773317 30.0
507310.78693254915 3881228.4747288907 30.0
507310.78693254915 3881228.4747288907 30.0
507310.9691827537 3881228.5857731225 30.0
507311.16054992075 3881228.69682469 30.0
507311.16054992075 3881228.69682469 30.0
507311.3519260048 3881228.796786503 30.0
507311.3519260048 3881228.796786503 30.0
507311.57064407214 3881228.9078600765 30.0
507311.57064407214 3881228.9078600765 30.0
507311.57064407214 3881228.9078600765 30.0
507311.8167308809 3881228.9967761394 30.0
507311.8167308809 3881228.9967761394 30.0
507312.0628266074 3881229.0746024484 30.0
507312.0628266074 3881229.0746024484 30.0
507312.29981427686 3881229.141331673 30.0
507312.29981427686 3881229.141331673 30.0
507312.5276760579 3881229.2191433273 30.0
507312.5276760579 3881229.2191433273 30.0
507312.73729497206 3881229.3080300796 30.0
507312.73729497206 3881229.3080300796 30.0
507312.9286799496 3881229.3969021663 30.0
507313.11093902885 3881229.496856683 30.0
507313.11093902885 3881229.496856683 30.0
507313.28407221625 3881229.6078936276 30.0
507313.28407221625 3881229.6078936276 30.0
507313.45720539946 3881229.7189305737 30.0
507313.45720539946 3881229.7189305737 30.0
507313.45720539946 3881229.7189305737 30.0
507313.6212126858 3881229.8410499473 30.0
507313.6212126858 3881229.8410499473 30.0
507313.7943458604 3881229.9520869 30.0
507313.97660492134 3881230.0520414333 30.0
507313.7943458604 3881229.9520869 30.0
507313.97660492134 3881230.0520414333 30.0
507314.1588550531 3881230.1630857293 30.0
507314.1588550531 3881230.1630857293 30.0
507314.3502310711 3881230.2630476058 30.0
507314.3502310711 3881230.2630476058 30.0
507314.52336422884 3881230.3740845732 30.0
507314.52336422884 3881230.3740845732 30.0
507314.6965063058 3881230.4740317836 30.0
507314.86963945295 3881230.5850687576 30.0
507314.6965063058 3881230.4740317836 30.0
507314.86963945295 3881230.5850687576 30.0
507315.0518895654 3881230.696113073 30.0
507315.22503162816 3881230.7960602944 30.0
507315.22503162816 3881230.7960602944 30.0
507315.22503162816 3881230.7960602944 30.0
507315.40729065874 3881230.8960148576 30.0
507315.40729065874 3881230.8960148576 30.0
507315.58954968303 3881230.9959694217 30.0
507315.58954968303 3881230.9959694217 30.0
507315.78091674304 3881231.1070210873 30.0
507315.9631757567 3881231.2069756608 30.0
507315.9631757567 3881231.2069756608 30.0
507315.9631757567 3881231.2069756608 30.0
507316.1545428123 3881231.3180273348 30.0
507316.1545428123 3881231.3180273348 30.0
507316.53728583065 3881231.5290409345 30.0
507316.53728583065 3881231.5290409345 30.0
507316.7286528679 3881231.64009262 30.0
507316.7286528679 3881231.64009262 30.0
507316.929136869 3881231.751151648 30.0
507316.929136869 3881231.751151648 30.0
507317.12050389906 3881231.862203341 30.0
507317.12050389906 3881231.862203341 30.0
507317.3209878881 3881231.973262378 30.0
507317.51235490874 3881232.08431408 30.0
507317.3209878881 3881231.973262378 30.0
507317.51235490874 3881232.08431408 30.0
507317.71283889044 3881232.195373125 30.0
507317.71283889044 3881232.195373125 30.0
507317.90420590166 3881232.3064248357 30.0
507317.90420590166 3881232.3064248357 30.0
507318.10468987137 3881232.417483889 30.0
507318.10468987137 3881232.417483889 30.0
507318.3051649106 3881232.5396327064 30.0
507318.3051649106 3881232.5396327064 30.0
507318.5056488749 3881232.6506917686 30.0
507318.5056488749 3881232.6506917686 30.0
507318.7061328297 3881232.7617508364 30.0
507318.7061328297 3881232.7617508364 30.0
507318.915733747 3881232.872817248 30.0
507318.915733747 3881232.872817248 30.0
507319.11621769425 3881232.983876325 30.0
507319.11621769425 3881232.983876325 30.0
507319.31670163653 3881233.0949354065 30.0
507319.31670163653 3881233.0949354065 30.0
507319.517185574 3881233.205994491 30.0
507319.517185574 3881233.205994491 30.0
507319.7176605746 3881233.3281433387 30.0
507319.7176605746 3881233.3281433387 30.0
507319.918144502 3881233.4392024335 30.0
507320.1186284268 3881233.550261531 30.0
507320.1186284268 3881233.550261531 30.0
507320.1186284268 3881233.550261531 30.0
507320.31911234214 3881233.661320635 30.0
507320.51959625486 3881233.7723797425 30.0
507320.31911234214 3881233.661320635 30.0
507320.51959625486 3881233.7723797425 30.0
507320.72008016036 3881233.8834388545 30.0
507320.72008016036 3881233.8834388545 30.0
507320.92056406563 3881233.994497972 30.0
507321.1210479637 3881234.105557092 30.0
507321.1210479637 3881234.105557092 30.0
507321.1210479637 3881234.105557092 30.0
507321.3215318545 3881234.2166162166 30.0
507321.3215318545 3881234.2166162166 30.0
507321.5220157451 3881234.3276753468 30.0
507321.5220157451 3881234.3276753468 30.0
507321.72249962616 3881234.4387344806 30.0
507321.92298350466 3881234.54979362 30.0
507321.92298350466 3881234.54979362 30.0
507322.12346737826 3881234.660852763 30.0
507322.12346737826 3881234.660852763 30.0
507322.3148342838 3881234.7719045663 30.0
507322.3148342838 3881234.7719045663 30.0
507322.3148342838 3881234.7719045663 30.0
507322.5153181477 3881234.8829637184 30.0
507322.5153181477 3881234.8829637184 30.0
507322.7158020044 3881234.994022874 30.0
507322.7158020044 3881234.994022874 30.0
507322.90716889803 3881235.10507469 30.0
507322.90716889803 3881235.10507469 30.0
507323.10765274504 3881235.2161338557 30.0
507323.10765274504 3881235.2161338557 30.0
507323.30813658953 3881235.327193024 30.0
507323.30813658953 3881235.327193024 30.0
507323.4995034666 3881235.438244854 30.0
507323.69998730137 3881235.5493040313 30.0
507323.69998730137 3881235.5493040313 30.0
507323.69998730137 3881235.5493040313 30.0
507323.90047112893 3881235.6603632136 30.0
507324.0918290591 3881235.7825048137 30.0
507324.0918290591 3881235.7825048137 30.0
507324.0918290591 3881235.7825048137 30.0
507324.2831959147 3881235.8935566586 30.0
507324.4836797299 3881236.004615855 30.0
507324.4836797299 3881236.004615855 30.0
507324.6750376427 3881236.1267574676 30.0
507324.6750376427 3881236.1267574676 30.0
507324.86640448397 3881236.237809326 30.0
507324.86640448397 3881236.237809326 30.0
507325.0577623867 3881236.359950947 30.0
507325.0577623867 3881236.359950947 30.0
507325.2491292207 3881236.4710028125 30.0
507325.2491292207 3881236.4710028125 30.0
507325.43137908634 3881236.582047335 30.0
507325.43137908634 3881236.582047335 30.0
507325.43137908634 3881236.582047335 30.0
507325.6227369766 3881236.704188968 30.0
507325.6227369766 3881236.704188968 30.0
507325.97811078903 3881236.937360445 30.0
507326.1603606364 3881237.0484049823 30.0
507326.1603606364 3881237.0484049823 30.0
507326.1603606364 3881237.0484049823 30.0
507326.33348458324 3881237.1705319346 30.0
507326.33348458324 3881237.1705319346 30.0
507326.5157344216 3881237.2815764793 30.0
507326.5157344216 3881237.2815764793 30.0
507326.6979842579 3881237.3926210282 30.0
507326.6979842579 3881237.3926210282 30.0
507326.8893510502 3881237.5036729295 30.0
507327.08983479807 3881237.6147321826 30.0
507327.08983479807 3881237.6147321826 30.0
507327.2812015809 3881237.7257840917 30.0
507327.2812015809 3881237.7257840917 30.0
507327.48168531683 3881237.836843353 30.0
507327.48168531683 3881237.836843353 30.0
507327.6730520925 3881237.94789527 30.0
507327.6730520925 3881237.94789527 30.0
507327.6730520925 3881237.94789527 30.0
507327.8644188589 3881238.0589471916 30.0
507327.8644188589 3881238.0589471916 30.0
507328.0649025827 3881238.170006466 30.0
507328.256278282 3881238.269968638 30.0
507328.256278282 3881238.269968638 30.0
507328.4476450368 3881238.381020572 30.0
507328.4476450368 3881238.381020572 30.0
507328.64812874404 3881238.49207986 30.0
507328.64812874404 3881238.49207986 30.0
507329.03086223005 3881238.7141837473 30.0
507329.03086223005 3881238.7141837473 30.0
507329.03086223005 3881238.7141837473 30.0
507329.2313459252 3881238.8252430484 30.0
507329.2313459252 3881238.8252430484 30.0
507329.42271265644 3881238.936295003 30.0
507329.61407938064 3881239.047346961 30.0
507329.61407938064 3881239.047346961 30.0
507329.61407938064 3881239.047346961 30.0
507329.80544610485 3881239.158398924 30.0
507329.80544610485 3881239.158398924 30.0
507329.9968128198 3881239.2694508918 30.0
507329.9968128198 3881239.2694508918 30.0
507330.18817953 3881239.3805028605 30.0
507330.18817953 3881239.3805028605 30.0
507330.3795462402 3881239.491554835 30.0
507330.58003884234 3881239.591524408 30.0
507330.58003884234 3881239.591524408 30.0
507330.58003884234 3881239.591524408 30.0
507330.78052249923 3881239.702583742 30.0
507330.78052249923 3881239.702583742 30.0
507330.9718891931 3881239.8136357307 30.0
507331.16325588233 3881239.9246877213 30.0
507331.16325588233 3881239.9246877213 30.0
507331.16325588233 3881239.9246877213 30.0
507331.3546225645 3881240.035739716 30.0
507331.3546225645 3881240.035739716 30.0
507331.5368722866 3881240.1467843633 30.0
507331.5368722866 3881240.1467843633 30.0
507331.7373559196 3881240.257843719 30.0
507331.7373559196 3881240.257843719 30.0
507331.9287225878 3881240.3688957267 30.0
507331.9287225878 3881240.3688957267 30.0
507332.12921515823 3881240.4688653336 30.0
507332.12921515823 3881240.4688653336 30.0
507332.32969877694 3881240.5799247017 30.0
507332.32969877694 3881240.5799247017 30.0
507332.5210654311 3881240.690976723 30.0
507332.5210654311 3881240.690976723 30.0
507332.72154904244 3881240.8020361005 30.0
507332.72154904244 3881240.8020361005 30.0
507332.90379873017 3881240.913080774 30.0
507332.90379873017 3881240.913080774 30.0
507333.0951653727 3881241.024132807 30.0
507333.0951653727 3881241.024132807 30.0
507333.2865320082 3881241.135184843 30.0
507333.2865320082 3881241.135184843 30.0
507333.47790758783 3881241.235147125 30.0
507333.6783911732 3881241.3462065244 30.0
507333.6783911732 3881241.3462065244 30.0
507333.6783911732 3881241.3462065244 30.0
507333.86975779716 3881241.4572585723 30.0
507333.86975779716 3881241.4572585723 30.0
507334.06113336125 3881241.5572208664 30.0
507334.06113336125 3881241.5572208664 30.0
507334.25249997847 3881241.668272923 30.0
507334.25249997847 3881241.668272923 30.0
507334.4438665863 3881241.7793249832 30.0
507334.6352331895 3881241.8903770484 30.0
507334.4438665863 3881241.7793249832 30.0
507334.6352331895 3881241.8903770484 30.0
507334.8357167486 3881242.001436474 30.0
507334.8357167486 3881242.001436474 30.0
507335.01797533483 3881242.101391432 30.0
507335.01797533483 3881242.101391432 30.0
507335.2184678332 3881242.2013611062 30.0
507335.2184678332 3881242.2013611062 30.0
507335.4007174624 3881242.3124058307 30.0
507335.4007174624 3881242.3124058307 30.0
507335.59209299175 3881242.412368156 30.0
507335.77435156377 3881242.5123231304 30.0
507335.59209299175 3881242.412368156 30.0
507335.77435156377 3881242.5123231304 30.0
507335.9566101341 3881242.612278106 30.0
507335.9566101341 3881242.612278106 30.0
507336.1388597461 3881242.723322845 30.0
507336.1388597461 3881242.723322845 30.0
507336.3211183059 3881242.8232778287 30.0
507336.3211183059 3881242.8232778287 30.0
507336.50337685936 3881242.923232817 30.0
507336.68563540885 3881243.0231878078 30.0
507336.68563540885 3881243.0231878078 30.0
507336.8587770018 3881243.123135445 30.0
507336.68563540885 3881243.0231878078 30.0
507337.041035548 3881243.2230904433 30.0
507336.8587770018 3881243.123135445 30.0
507337.041035548 3881243.2230904433 30.0
507337.2141771286 3881243.323038088 30.0
507337.2141771286 3881243.323038088 30.0
507337.3873187101 3881243.422985735 30.0
507337.5604692392 3881243.5118436264 30.0
507337.3873187101 3881243.422985735 30.0
507337.5604692392 3881243.5118436264 30.0
507337.7336108109 3881243.6117912787 30.0
507337.7336108109 3881243.6117912787 30.0
507337.89764437877 3881243.7006418165 30.0
507337.89764437877 3881243.7006418165 30.0
507338.07079489756 3881243.789499719 30.0
507338.07079489756 3881243.789499719 30.0
507338.23482845665 3881243.8783502625 30.0
507338.23482845665 3881243.8783502625 30.0
507338.3988620148 3881243.96720081 30.0
507338.56290452013 3881244.0449616024 30.0
507338.3988620148 3881243.96720081 30.0
507338.56290452013 3881244.0449616024 30.0
507338.71782111825 3881244.1338047953 30.0
507338.71782111825 3881244.1338047953 30.0
507338.8727377134 3881244.2226479915 30.0
507339.0276632564 3881244.300401431 30.0
507339.0276632564 3881244.300401431 30.0
507339.0276632564 3881244.300401431 30.0
507339.1825798434 3881244.3892446323 30.0
507339.3374964273 3881244.4780878364 30.0
507339.3374964273 3881244.4780878364 30.0
507339.3374964273 3881244.4780878364 30.0
507339.4833050086 3881244.555833923 30.0
507339.4833050086 3881244.555833923 30.0
507339.6382215891 3881244.6446771324 30.0
507339.6382215891 3881244.6446771324 30.0
507339.7931471207 3881244.722430585 30.0
507339.7931471207 3881244.722430585 30.0
507339.9389556942 3881244.80017668 30.0
507339.9389556942 3881244.80017668 30.0
507340.0847642652 3881244.877922776 30.0
507340.0847642652 3881244.877922776 30.0
507340.22146483546 3881244.9445717554 30.0
507340.22146483546 3881244.9445717554 30.0
507340.35815645114 3881245.0223104926 30.0
507340.35815645114 3881245.0223104926 30.0
507340.4857400643 3881245.0889521125 30.0
507340.60420672287 3881245.1555863726 30.0
507340.60420672287 3881245.1555863726 30.0
507340.60420672287 3881245.1555863726 30.0
507340.72267337964 3881245.2222206346 30.0
507340.72267337964 3881245.2222206346 30.0
507340.84114003705 3881245.2888548966 30.0
507340.84114003705 3881245.2888548966 30.0
507340.95049869106 3881245.344392042 30.0
507340.95049869106 3881245.344392042 30.0
507341.05985734833 3881245.3999291854 30.0
507341.05985734833 3881245.3999291854 30.0
507341.16921599966 3881245.455466332 30.0
507341.2785746543 3881245.511003479 30.0
507341.16921599966 3881245.455466332 30.0
507341.2785746543 3881245.511003479 30.0
507341.3788163506 3881245.566533264 30.0
507341.3788163506 3881245.566533264 30.0
507341.4699410956 3881245.62205569 30.0
