507525.2087277858 3881173.8440784556 95.0
166021.4431793313 0.0 95.0
507525.2087277858 3881173.8440784556 95.0
507525.2087277858 3881173.8440784556 95.0
507525.2087277858 3881173.8440784556 95.0
507525.2087277858 3881173.8440784556 95.0
507525.2087277858 3881173.8440784556 95.0
507525.2087277858 3881173.8440784556 95.0
507525.2087277858 3881173.8440784556 95.0
507525.2087277858 3881173.8440784556 95.0
507525.2087277858 3881173.8440784556 95.0
507525.2087277858 3881173.8440784556 95.0
507525.2087277858 3881173.8440784556 95.0
507525.2087277858 3881173.8440784556 95.0
507525.2087277858 3881173.8440784556 95.0
507525.2087277858 3881173.8440784556 95.0
507525.2087277858 3881173.8440784556 95.0
507525.2087277858 3881173.8440784556 95.0
507525.2087277858 3881173.8440784556 95.0
507525.2087277858 3881173.8440784556 95.0
507525.2087277858 3881173.8440784556 95.0
507525.2087277858 3881173.8440784556 95.0
507525.2087277858 3881173.8440784556 95.0
507525.2087277858 3881173.8440784556 95.0
507525.2087277858 3881173.8440784556 95.0
507525.2087277858 3881173.8440784556 95.0
507525.2087277858 3881173.8440784556 95.0
507525.2087277858 3881173.8440784556 95.0
507525.2087277858 3881173.8440784556 95.0
507525.2087277858 3881173.8440784556 95.0
507525.2087277858 3881173.8440784556 95.0
507525.2087277858 3881173.8440784556 95.0
507525.2087277858 3881173.8440784556 95.0
507525.2087277858 3881173.8440784556 95.0
507525.2087277858 3881173.8440784556 95.0
507525.2087277858 3881173.8440784556 95.0
507525.2087277858 3881173.8440784556 95.0
507525.2087277858 3881173.8440784556 95.0
507525.2087277858 3881173.8440784556 95.0
507525.2087186057 3881173.8551682136 95.0
507525.2087186057 3881173.8551682136 95.0
507525.2087186057 3881173.8551682136 95.0
507525.2087186057 3881173.8551682136 95.0
507525.2087186057 3881173.8551682136 95.0
507525.2087186057 3881173.8551682136 95.0
507525.2087186057 3881173.8551682136 95.0
507525.2087186057 3881173.8551682136 95.0
507525.2087186057 3881173.8551682136 95.0
507525.2087186057 3881173.8551682136 95.0
507525.2087186057 3881173.8551682136 95.0
507525.2087186057 3881173.8551682136 95.0
507525.2087186057 3881173.8551682136 95.0
507525.2087186057 3881173.8551682136 95.0
507525.2087186057 3881173.8551682136 95.0
507525.2087186057 3881173.8551682136 95.0
507525.2087186057 3881173.8551682136 95.0
507525.2087186057 3881173.8551682136 95.0
507525.2087186057 3881173.8551682136 95.0
507525.2087186057 3881173.8551682136 95.0
507525.2087186057 3881173.8551682136 95.0
507525.2087186057 3881173.8551682136 95.0
507525.2087186057 3881173.8551682136 95.0
507525.2087186057 3881173.8551682136 95.0
507525.2178356326 3881173.8551757606 95.0
507525.2178356326 3881173.8551757606 95.0
507525.2178356326 3881173.8551757606 95.0
507525.2178356326 3881173.8551757606 95.0
507525.2178356326 3881173.8551757606 95.0
507525.2178356326 3881173.8551757606 95.0
507525.2178356326 3881173.8551757606 95.0
507525.2178356326 3881173.8551757606 95.0
507525.2178356326 3881173.8551757606 95.0
507525.2178356326 3881173.8551757606 95.0
507525.2178356326 3881173.8551757606 95.0
507525.2178356326 3881173.8551757606 95.0
507525.2178356326 3881173.8551757606 95.0
507525.2178356326 3881173.8551757606 95.0
507525.2178356326 3881173.8551757606 95.0
507525.2178356326 3881173.8551757606 95.0
507525.2178356326 3881173.8551757606 95.0
507525.2178356326 3881173.8551757606 95.0
507525.2178356326 3881173.8551757606 95.0
507525.21782645246 3881173.8662655186 95.0
507525.2178356326 3881173.8551757606 95.0
507525.21782645246 3881173.8662655186 95.0
507525.21782645246 3881173.8662655186 95.0
507525.21782645246 3881173.8662655186 95.0
507525.21782645246 3881173.8662655186 95.0
507525.21782645246 3881173.8662655186 95.0
507525.21782645246 3881173.8662655186 95.0
507525.21782645246 3881173.8662655186 95.0
507525.21782645246 3881173.8662655186 95.0
507525.21782645246 3881173.8662655186 95.0
507525.21782645246 3881173.8662655186 95.0
507525.21782645246 3881173.8662655186 95.0
507525.22694347706 3881173.866273066 95.0
507525.22694347706 3881173.866273066 95.0
507525.22694347706 3881173.866273066 95.0
507525.22694347706 3881173.866273066 95.0
507525.22694347706 3881173.866273066 95.0
507525.22694347706 3881173.866273066 95.0
507525.22694347706 3881173.866273066 95.0
507525.22694347706 3881173.866273066 95.0
507525.22694347706 3881173.866273066 95.0
507525.22694347706 3881173.866273066 95.0
507525.22694347706 3881173.866273066 95.0
507525.22694347706 3881173.866273066 95.0
507525.22694347706 3881173.866273066 95.0
507525.22694347706 3881173.866273066 95.0
507525.22694347706 3881173.866273066 95.0
507525.22694347706 3881173.866273066 95.0
507525.22694347706 3881173.866273066 95.0
507525.22694347706 3881173.866273066 95.0
507525.22694347706 3881173.866273066 95.0
507525.22694347706 3881173.866273066 95.0
507525.22694347706 3881173.866273066 95.0
507525.22694347706 3881173.866273066 95.0
507525.22694347706 3881173.866273066 95.0
507525.22694347706 3881173.866273066 95.0
507525.22694347706 3881173.866273066 95.0
507525.22694347706 3881173.866273066 95.0
507525.22694347706 3881173.866273066 95.0
507525.22694347706 3881173.866273066 95.0
507525.23606050166 3881173.866280613 95.0
507525.23606050166 3881173.866280613 95.0
507525.23606050166 3881173.866280613 95.0
507525.23606050166 3881173.866280613 95.0
507525.23606050166 3881173.866280613 95.0
507525.23606050166 3881173.866280613 95.0
507525.23606050166 3881173.866280613 95.0
507525.23606050166 3881173.866280613 95.0
507525.23606050166 3881173.866280613 95.0
507525.23606050166 3881173.866280613 95.0
507525.23606050166 3881173.866280613 95.0
507525.23606050166 3881173.866280613 95.0
507525.23606050166 3881173.866280613 95.0
507525.23606050166 3881173.866280613 95.0
507525.23606050166 3881173.866280613 95.0
507525.23606050166 3881173.866280613 95.0
507525.23606050166 3881173.866280613 95.0
507525.23606050166 3881173.866280613 95.0
507525.23606050166 3881173.866280613 95.0
507525.23606050166 3881173.866280613 95.0
507525.23606050166 3881173.866280613 95.0
507525.24517752626 3881173.8662881604 95.0
507525.23606050166 3881173.866280613 95.0
507525.24517752626 3881173.8662881604 95.0
507525.24517752626 3881173.8662881604 95.0
507525.24517752626 3881173.8662881604 95.0
507525.24517752626 3881173.8662881604 95.0
507525.24517752626 3881173.8662881604 95.0
507525.24516834604 3881173.8773779194 95.0
507525.24516834604 3881173.8773779194 95.0
507525.24516834604 3881173.8773779194 95.0
507525.24516834604 3881173.8773779194 95.0
507525.24516834604 3881173.8773779194 95.0
507525.24516834604 3881173.8773779194 95.0
507525.24516834604 3881173.8773779194 95.0
507525.24516834604 3881173.8773779194 95.0
507525.24516834604 3881173.8773779194 95.0
507525.24516834604 3881173.8773779194 95.0
507525.24516834604 3881173.8773779194 95.0
507525.24516834604 3881173.8773779194 95.0
507525.24516834604 3881173.8773779194 95.0
507525.24516834604 3881173.8773779194 95.0
507525.24516834604 3881173.8773779194 95.0
507525.24516834604 3881173.8773779194 95.0
507525.24516834604 3881173.8773779194 95.0
507525.24516834604 3881173.8773779194 95.0
507525.24516834604 3881173.8773779194 95.0
507525.24516834604 3881173.8773779194 95.0
507525.24516834604 3881173.8773779194 95.0
507525.24516834604 3881173.8773779194 95.0
507525.24516834604 3881173.8773779194 95.0
507525.24516834604 3881173.8773779194 95.0
507525.24516834604 3881173.8773779194 95.0
507525.24516834604 3881173.8773779194 95.0
507525.25428537064 3881173.877385467 95.0
507525.25428537064 3881173.877385467 95.0
507525.25428537064 3881173.877385467 95.0
507525.25428537064 3881173.877385467 95.0
507525.25428537064 3881173.877385467 95.0
507525.25428537064 3881173.877385467 95.0
507525.25428537064 3881173.877385467 95.0
507525.25428537064 3881173.877385467 95.0
507525.25428537064 3881173.877385467 95.0
507525.25428537064 3881173.877385467 95.0
507525.25428537064 3881173.877385467 95.0
507525.25428537064 3881173.877385467 95.0
507525.25428537064 3881173.877385467 95.0
507525.25428537064 3881173.877385467 95.0
507525.25428537064 3881173.877385467 95.0
507525.25428537064 3881173.877385467 95.0
507525.25428537064 3881173.877385467 95.0
507525.25428537064 3881173.877385467 95.0
507525.25428537064 3881173.877385467 95.0
507525.25428537064 3881173.877385467 95.0
507525.25428537064 3881173.877385467 95.0
507525.25428537064 3881173.877385467 95.0
507525.25428537064 3881173.877385467 95.0
507525.25428537064 3881173.877385467 95.0
507525.25428537064 3881173.877385467 95.0
507525.25428537064 3881173.877385467 95.0
507525.25428537064 3881173.877385467 95.0
507525.25428537064 3881173.877385467 95.0
507525.25428537064 3881173.877385467 95.0
507525.25428537064 3881173.877385467 95.0
507525.25428537064 3881173.877385467 95.0
507525.25428537064 3881173.877385467 95.0
507525.25428537064 3881173.877385467 95.0
507525.25428537064 3881173.877385467 95.0
507525.25428537064 3881173.877385467 95.0
507525.25428537064 3881173.877385467 95.0
507525.25428537064 3881173.877385467 95.0
507525.25428537064 3881173.877385467 95.0
507525.25428537064 3881173.877385467 95.0
507525.25428537064 3881173.877385467 95.0
507525.25428537064 3881173.877385467 95.0
507525.25428537064 3881173.877385467 95.0
507525.2542761905 3881173.888475225 95.0
507525.2542761905 3881173.888475225 95.0
507525.25428537064 3881173.877385467 95.0
507525.25428537064 3881173.877385467 95.0
507525.2542761905 3881173.888475225 95.0
507525.2542761905 3881173.888475225 95.0
507525.2542761905 3881173.888475225 95.0
507525.2542761905 3881173.888475225 95.0
507525.2542761905 3881173.888475225 95.0
507525.2542761905 3881173.888475225 95.0
507525.2542761905 3881173.888475225 95.0
507525.2542761905 3881173.888475225 95.0
507525.2542761905 3881173.888475225 95.0
507525.2542761905 3881173.888475225 95.0
507525.2542761905 3881173.888475225 95.0
507525.2542761905 3881173.888475225 95.0
507525.2542761905 3881173.888475225 95.0
507525.2542761905 3881173.888475225 95.0
507525.2542761905 3881173.888475225 95.0
507525.2542761905 3881173.888475225 95.0
507525.26339321735 3881173.8884827713 95.0
507525.2542761905 3881173.888475225 95.0
507525.2542761905 3881173.888475225 95.0
507525.2542761905 3881173.888475225 95.0
507525.2542761905 3881173.888475225 95.0
507525.2542761905 3881173.888475225 95.0
507525.25428537064 3881173.877385467 95.0
507525.25428537064 3881173.877385467 95.0
507525.24516834604 3881173.8773779194 95.0
507525.22694347706 3881173.866273066 95.0
507525.22694347706 3881173.866273066 95.0
507525.22694347706 3881173.866273066 95.0
507525.1996107635 3881173.8440709086 95.0
507525.1996107635 3881173.8440709086 95.0
507525.1631610229 3881173.821861205 95.0
507525.1631610229 3881173.821861205 95.0
507525.1176034398 3881173.788554196 95.0
507525.0629288293 3881173.7552396404 95.0
507525.0629288293 3881173.7552396404 95.0
507525.0629288293 3881173.7552396404 95.0
507524.999137196 3881173.721917537 95.0
507524.93534555996 3881173.688595436 95.0
507524.93534555996 3881173.688595436 95.0
507524.93534555996 3881173.688595436 95.0
507524.86245525803 3881173.633086271 95.0
507524.86245525803 3881173.633086271 95.0
507524.753096858 3881173.57754692 95.0
507524.753096858 3881173.57754692 95.0
507524.6346397859 3881173.4998205104 95.0
507524.6346397859 3881173.4998205104 95.0
507524.51618271647 3881173.422094099 95.0
507524.51618271647 3881173.422094099 95.0
507524.37950076925 3881173.3332628408 95.0
507524.23370179645 3881173.2444240386 95.0
507524.23370179645 3881173.2444240386 95.0
507524.23370179645 3881173.2444240386 95.0
507524.0879028208 3881173.155585237 95.0
507524.0879028208 3881173.155585237 95.0
507523.9421130186 3881173.0556566822 95.0
507523.9421130186 3881173.0556566822 95.0
507523.7507564424 3881172.933510884 95.0
507523.7507564424 3881172.933510884 95.0
507523.56851688895 3881172.8113726354 95.0
507523.56851688895 3881172.8113726354 95.0
507523.38627732836 3881172.68923439 95.0
507523.38627732836 3881172.68923439 95.0
507523.21315479104 3881172.567103694 95.0
507523.21315479104 3881172.567103694 95.0
507523.0126995213 3881172.4227708504 95.0
507523.0126995213 3881172.4227708504 95.0
507522.830469125 3881172.2895428594 95.0
507522.830469125 3881172.2895428594 95.0
507522.63911252003 3881172.167397086 95.0
507522.45687293174 3881172.0452588596 95.0
507522.45687293174 3881172.0452588596 95.0
507522.2746425197 3881171.912030879 95.0
507522.2746425197 3881171.912030879 95.0
507522.2746425197 3881171.912030879 95.0
507522.08329507336 3881171.7787953583 95.0
507522.08329507336 3881171.7787953583 95.0
507521.88283977064 3881171.6344625405 95.0
507521.88283977064 3881171.6344625405 95.0
507521.6732674346 3881171.490122184 95.0
507521.6732674346 3881171.490122184 95.0
507521.4636950942 3881171.34578183 95.0
507521.4636950942 3881171.34578183 95.0
507521.2632305945 3881171.212538784 95.0
507521.2632305945 3881171.212538784 95.0
507521.0718831209 3881171.0793032856 95.0
507521.0718831209 3881171.0793032856 95.0
507520.8805356394 3881170.9460677896 95.0
507520.8805356394 3881170.9460677896 95.0
507520.6800711247 3881170.8128247564 95.0
507520.6800711247 3881170.8128247564 95.0
507520.47961577843 3881170.66849197 95.0
507520.47961577843 3881170.66849197 95.0
507520.27005257196 3881170.513061887 95.0
507520.0604710106 3881170.3798113256 95.0
507520.0604710106 3881170.3798113256 95.0
507520.0604710106 3881170.3798113256 95.0
507519.8508986191 3881170.23547101 95.0
507519.8508986191 3881170.23547101 95.0
507519.6504340713 3881170.102228 95.0
507519.44997869304 3881169.9578952366 95.0
507519.44997869304 3881169.9578952366 95.0
507519.44997869304 3881169.9578952366 95.0
507519.24039710924 3881169.8246446936 95.0
507519.030815517 3881169.691394156 95.0
507519.030815517 3881169.691394156 95.0
507518.8212339186 3881169.5581436227 95.0
507519.030815517 3881169.691394156 95.0
507518.8212339186 3881169.5581436227 95.0
507518.60253528506 3881169.424885554 95.0
507518.60253528506 3881169.424885554 95.0
507518.3838458169 3881169.2805377333 95.0
507518.1560393124 3881169.136182377 95.0
507518.3838458169 3881169.2805377333 95.0
507518.1560393124 3881169.136182377 95.0
507517.937340659 3881169.0029243245 95.0
507517.7186419991 3881168.8696662765 95.0
507517.937340659 3881169.0029243245 95.0
507517.7186419991 3881168.8696662765 95.0
507517.5090603626 3881168.736415774 95.0
507517.5090603626 3881168.736415774 95.0
507517.2903616901 3881168.603157738 95.0
507517.2903616901 3881168.603157738 95.0
507517.07166301116 3881168.4698997056 95.0
507517.07166301116 3881168.4698997056 95.0
507516.8347302633 3881168.336626602 95.0
507516.6160407409 3881168.192278824 95.0
507516.6160407409 3881168.192278824 95.0
507516.6160407409 3881168.192278824 95.0
507516.39734204224 3881168.059020809 95.0
507516.39734204224 3881168.059020809 95.0
507516.17864333716 3881167.9257627996 95.0
507516.17864333716 3881167.9257627996 95.0
507515.96906165866 3881167.792512332 95.0
507515.96906165866 3881167.792512332 95.0
507515.7594708031 3881167.6703516277 95.0
507515.5590061389 3881167.5371087077 95.0
507515.5590061389 3881167.5371087077 95.0
507515.34942444 3881167.403858255 95.0
507515.34942444 3881167.403858255 95.0
507515.1489506007 3881167.2817051024 95.0
507515.1489506007 3881167.2817051024 95.0
507515.1489506007 3881167.2817051024 95.0
507514.93936888996 3881167.1484546605 95.0
507514.7388950349 3881167.026301516 95.0
507514.7388950349 3881167.026301516 95.0
507514.7388950349 3881167.026301516 95.0
507514.53842117905 3881166.904148378 95.0
507514.33794731554 3881166.781995243 95.0
507514.33794731554 3881166.781995243 95.0
507514.1465904807 3881166.6598496498 95.0
507514.1465904807 3881166.6598496498 95.0
507513.9461166042 3881166.5376965227 95.0
507513.9461166042 3881166.5376965227 95.0
507513.9461166042 3881166.5376965227 95.0
507513.7365256926 3881166.4155358663 95.0
507513.7365256926 3881166.4155358663 95.0
507513.5360518099 3881166.293382749 95.0
507513.3173530205 3881166.1601248085 95.0
507513.5360518099 3881166.293382749 95.0
507513.09865422465 3881166.0268668733 95.0
507513.3173530205 3881166.1601248085 95.0
507513.09865422465 3881166.0268668733 95.0
507512.87994625734 3881165.9046987016 95.0
507512.87994625734 3881165.9046987016 95.0
507512.6521395811 3881165.7603434836 95.0
507512.6521395811 3881165.7603434836 95.0
507512.42432373075 3881165.6270780307 95.0
507512.18740000733 3881165.48271529 95.0
507512.18740000733 3881165.48271529 95.0
507512.18740000733 3881165.48271529 95.0
507511.9413592433 3881165.3383450247 95.0
507511.9413592433 3881165.3383450247 95.0
507511.68621059944 3881165.182877473 95.0
507511.68621059944 3881165.182877473 95.0
507511.4219449158 3881165.027402394 95.0
507511.4219449158 3881165.027402394 95.0
507511.1576792208 3881164.871927325 95.0
507510.893413519 3881164.716452261 95.0
507510.893413519 3881164.716452261 95.0
507510.63825567754 3881164.572074498 95.0
507510.63825567754 3881164.572074498 95.0
507510.63825567754 3881164.572074498 95.0
507510.3739899582 3881164.416599451 95.0
507510.1188412618 3881164.2611319427 95.0
507510.1188412618 3881164.2611319427 95.0
507510.1188412618 3881164.2611319427 95.0
507509.84546765155 3881164.0945596225 95.0
507509.84546765155 3881164.0945596225 95.0
507509.5720848703 3881163.939077066 95.0
507509.5720848703 3881163.939077066 95.0
507509.28958504274 3881163.7835869878 95.0
507509.28958504274 3881163.7835869878 95.0
507509.0253284355 3881163.617022223 95.0
507509.0253284355 3881163.617022223 95.0
507508.75194562593 3881163.4615396927 95.0
507508.75194562593 3881163.4615396927 95.0
507508.49680603703 3881163.294982474 95.0
507508.49680603703 3881163.294982474 95.0
507508.23254024173 3881163.139507489 95.0
507508.23254024173 3881163.139507489 95.0
507507.9773914752 3881162.984040041 95.0
507507.713125662 3881162.8285650727 95.0
507507.713125662 3881162.8285650727 95.0
507507.713125662 3881162.8285650727 95.0
507507.4488598421 3881162.67309011 95.0
507507.18459401315 3881162.5176151567 95.0
507507.18459401315 3881162.5176151567 95.0
507507.18459401315 3881162.5176151567 95.0
507506.9203190151 3881162.373229969 95.0
507506.9203190151 3881162.373229969 95.0
507506.6560531684 3881162.217755031 95.0
507506.4008951896 3881162.073377386 95.0
507506.4008951896 3881162.073377386 95.0
507506.4008951896 3881162.073377386 95.0
507506.1366201686 3881161.928992221 95.0
507506.1366201686 3881161.928992221 95.0
507505.8814621734 3881161.7846145905 95.0
507505.8814621734 3881161.7846145905 95.0
507505.6263041749 3881161.640236967 95.0
507505.6263041749 3881161.640236967 95.0
507505.3529120897 3881161.4958442976 95.0
507505.08864618844 3881161.340369405 95.0
507505.08864618844 3881161.340369405 95.0
507504.82437112526 3881161.195984279 95.0
507505.08864618844 3881161.340369405 95.0
507504.56009605137 3881161.0515991603 95.0
507504.56009605137 3881161.0515991603 95.0
507504.56009605137 3881161.0515991603 95.0
507504.2958209714 3881160.9072140474 95.0
507504.0315458831 3881160.7628289443 95.0
507504.0315458831 3881160.7628289443 95.0
507503.76727993804 3881160.607354089 95.0
507504.0315458831 3881160.7628289443 95.0
507503.76727993804 3881160.607354089 95.0
507503.5030048326 3881160.4629690014 95.0
507503.5030048326 3881160.4629690014 95.0
507503.2204956402 3881160.318568871 95.0
507503.2204956402 3881160.318568871 95.0
507502.94710347714 3881160.1741762743 95.0
507502.6646034219 3881160.0186864026 95.0
507502.6646034219 3881160.0186864026 95.0
507502.39121124096 3881159.874293823 95.0
507502.39121124096 3881159.874293823 95.0
507502.1087111669 3881159.718803967 95.0
507502.1087111669 3881159.718803967 95.0
507502.1087111669 3881159.718803967 95.0
507501.8262110808 3881159.5633141235 95.0
507501.55281887297 3881159.418921569 95.0
507501.8262110808 3881159.5633141235 95.0
507501.55281887297 3881159.418921569 95.0
507501.26119257807 3881159.2745139753 95.0
507501.26119257807 3881159.2745139753 95.0
507500.9604583897 3881159.119009111 95.0
507500.67795826314 3881158.963519303 95.0
507500.9604583897 3881159.119009111 95.0
507500.67795826314 3881158.963519303 95.0
507500.37722404994 3881158.808014458 95.0
507500.37722404994 3881158.808014458 95.0
507500.0856068709 3881158.652517145 95.0
507500.0856068709 3881158.652517145 95.0
507499.7939896772 3881158.4970198437 95.0
507499.7939896772 3881158.4970198437 95.0
507499.5023724713 3881158.3415225497 95.0
507499.5023724713 3881158.3415225497 95.0
507499.21075525775 3881158.186025265 95.0
507499.21075525775 3881158.186025265 95.0
507498.91002099845 3881158.030520469 95.0
507498.6092867242 3881157.8750156835 95.0
507498.91002099845 3881158.030520469 95.0
507498.6092867242 3881157.8750156835 95.0
507498.31767862773 3881157.70842867 95.0
507498.31767862773 3881157.70842867 95.0
507498.0169443327 3881157.5529239057 95.0
507497.716219174 3881157.3863293906 95.0
507497.716219174 3881157.3863293906 95.0
507497.716219174 3881157.3863293906 95.0
507497.4246019016 3881157.2308321637 95.0
507497.132984617 3881157.0753349466 95.0
507497.4246019016 3881157.2308321637 95.0
507497.132984617 3881157.0753349466 95.0
507496.8322502809 3881156.9198302203 95.0
507496.8322502809 3881156.9198302203 95.0
507496.5406421213 3881156.7532432633 95.0
507496.2490248085 3881156.5977460747 95.0
507496.2490248085 3881156.5977460747 95.0
507496.2490248085 3881156.5977460747 95.0
507495.94829044153 3881156.442241377 95.0
507495.94829044153 3881156.442241377 95.0
507495.64756520826 3881156.2756469334 95.0
507495.35594786267 3881156.120149774 95.0
507495.35594786267 3881156.120149774 95.0
507495.0643305071 3881155.964652622 95.0
507495.0643305071 3881155.964652622 95.0
507494.7635961013 3881155.8091479647 95.0
507494.7635961013 3881155.8091479647 95.0
507494.7635961013 3881155.8091479647 95.0
507494.4719787257 3881155.6536508338 95.0
507494.4719787257 3881155.6536508338 95.0
507494.18948752526 3881155.48707147 95.0
507494.18948752526 3881155.48707147 95.0
507493.8887439445 3881155.3426565984 95.0
507493.5971356828 3881155.1760697374 95.0
507493.5971356828 3881155.1760697374 95.0
507493.30551826704 3881155.0205726437 95.0
507493.30551826704 3881155.0205726437 95.0
507493.00478379766 3881154.8650680445 95.0
507493.00478379766 3881154.8650680445 95.0
507493.00478379766 3881154.8650680445 95.0
507492.73140045156 3881154.7095859996 95.0
507492.73140045156 3881154.7095859996 95.0
507492.43067510216 3881154.5429916605 95.0
507492.43067510216 3881154.5429916605 95.0
507492.1481746925 3881154.3875021185 95.0
507492.1481746925 3881154.3875021185 95.0
507491.84744018246 3881154.2319975575 95.0
507491.84744018246 3881154.2319975575 95.0
507491.5649397509 3881154.076508033 95.0
507491.27332226746 3881153.9210110046 95.0
507491.5649397509 3881154.076508033 95.0
507491.27332226746 3881153.9210110046 95.0
507490.9999388611 3881153.7655290114 95.0
507490.9999388611 3881153.7655290114 95.0
507490.71743840055 3881153.6100395145 95.0
507490.71743840055 3881153.6100395145 95.0
507490.43492879276 3881153.465639784 95.0
507490.43492879276 3881153.465639784 95.0
507490.1524283156 3881153.3101503034 95.0
507490.1524283156 3881153.3101503034 95.0
507489.8790357371 3881153.1657581017 95.0
507489.8790357371 3881153.1657581017 95.0
507489.6056522843 3881153.010276149 95.0
507489.3322596858 3881152.8658839655 95.0
507489.3322596858 3881152.8658839655 95.0
507489.3322596858 3881152.8658839655 95.0
507489.05886708095 3881152.721491788 95.0
507489.05886708095 3881152.721491788 95.0
507488.78548360075 3881152.5660098605 95.0
507488.78548360075 3881152.5660098605 95.0
507488.51209097594 3881152.421617702 95.0
507488.51209097594 3881152.421617702 95.0
507488.23870747973 3881152.2661357913 95.0
507487.9744227512 3881152.1328409137 95.0
507487.9744227512 3881152.1328409137 95.0
507487.7101562813 3881151.9773665285 95.0
507487.9744227512 3881152.1328409137 95.0
507487.4458806707 3881151.832981911 95.0
507487.4458806707 3881151.832981911 95.0
507487.4458806707 3881151.832981911 95.0
507487.1816050517 3881151.688597299 95.0
507487.1816050517 3881151.688597299 95.0
507486.9264464689 3881151.5442202054 95.0
507486.9264464689 3881151.5442202054 95.0
507486.67128788034 3881151.399843118 95.0
507486.40701223415 3881151.25545853 95.0
507486.40701223415 3881151.25545853 95.0
507486.40701223415 3881151.25545853 95.0
507486.15184449684 3881151.1221712152 95.0
507485.89668588183 3881150.977794148 95.0
507486.15184449684 3881151.1221712152 95.0
507485.64151812927 3881150.8445068477 95.0
507485.64151812927 3881150.8445068477 95.0
507485.3954582855 3881150.722316819 95.0
507485.3954582855 3881150.722316819 95.0
507485.15852461185 3881150.5890445462 95.0
507485.15852461185 3881150.5890445462 95.0
507485.15852461185 3881150.5890445462 95.0
507484.921581805 3881150.4668620364 95.0
507484.921581805 3881150.4668620364 95.0
507484.69375603757 3881150.3446870404 95.0
507484.69375603757 3881150.3446870404 95.0
507484.46592113137 3881150.2336018067 95.0
507484.46592113137 3881150.2336018067 95.0
507484.238095352 3881150.1114268214 95.0
507484.238095352 3881150.1114268214 95.0
507484.01937748515 3881150.0003491053 95.0
507484.01937748515 3881150.0003491053 95.0
507483.80977666157 3881149.8892789 95.0
507483.80977666157 3881149.8892789 95.0
507483.6092928815 3881149.7782162046 95.0
507483.6092928815 3881149.7782162046 95.0
507483.40879996755 3881149.678243271 95.0
507483.2265411492 3881149.5782853533 95.0
507483.2265411492 3881149.5782853533 95.0
507483.2265411492 3881149.5782853533 95.0
507483.03516527556 3881149.478319933 95.0
507482.8437802694 3881149.389444275 95.0
507483.03516527556 3881149.478319933 95.0
507482.8437802694 3881149.389444275 95.0
507482.6524043899 3881149.2894788636 95.0
507482.6524043899 3881149.2894788636 95.0
507482.461019376 3881149.2006032136 95.0
507482.461019376 3881149.2006032136 95.0
507482.2878684594 3881149.1117425757 95.0
507482.2878684594 3881149.1117425757 95.0
507482.1238345865 3881149.0228894437 95.0
507482.1238345865 3881149.0228894437 95.0
507481.9597824558 3881148.956215832 95.0
507481.9597824558 3881148.956215832 95.0
507481.8048564994 3881148.878459967 95.0
507481.8048564994 3881148.878459967 95.0
507481.65902933845 3881148.822891125 95.0
507481.65902933845 3881148.822891125 95.0
507481.5040942528 3881148.756225024 95.0
507481.5040942528 3881148.756225024 95.0
507481.35827621236 3881148.6895664283 95.0
507481.35827621236 3881148.6895664283 95.0
507481.22157522186 3881148.622915338 95.0
507481.22157522186 3881148.622915338 95.0
507481.09398215305 3881148.56736151 95.0
507481.09398215305 3881148.56736151 95.0
507480.9755061303 3881148.511815186 95.0
507480.9755061303 3881148.511815186 95.0
507480.8843721348 3881148.46738113 95.0
507480.8843721348 3881148.46738113 95.0
507480.78412108606 3881148.4229395725 95.0
507480.71121206076 3881148.3896102794 95.0
507480.71121206076 3881148.3896102794 95.0
507480.62920423853 3881148.3340939702 95.0
507480.62920423853 3881148.3340939702 95.0
507480.62920423853 3881148.3340939702 95.0
507480.54718728736 3881148.28966742 95.0
507480.54718728736 3881148.28966742 95.0
507480.49252148607 3881148.2452633753 95.0
507480.4378465611 3881148.2119490905 95.0
507480.4378465611 3881148.2119490905 95.0
507480.40139660856 3881148.189739567 95.0
507480.40139660856 3881148.189739567 95.0
507480.40139660856 3881148.189739567 95.0
507480.3922886837 3881148.178642307 95.0
507480.3649466582 3881148.167530044 95.0
507480.3649466582 3881148.167530044 95.0
507480.34671255766 3881148.1675150394 95.0
507480.3649466582 3881148.167530044 95.0
507480.34671255766 3881148.1675150394 95.0
507480.3284875824 3881148.156410279 95.0
507480.3284875824 3881148.156410279 95.0
507480.2920376317 3881148.1342007546 95.0
507480.2920376317 3881148.1342007546 95.0
507480.27381265396 3881148.1230959925 95.0
