166021.4431793313 0.0 70.0
507517.43663767795 3881168.115329018 70.0
507517.43663767795 3881168.115329018 70.0
507517.43663767795 3881168.115329018 70.0
507517.43663767795 3881168.115329018 70.0
507517.43663767795 3881168.115329018 70.0
507517.43663767795 3881168.115329018 70.0
507517.4366285073 3881168.1264187763 70.0
507517.4366285073 3881168.1264187763 70.0
507517.4366285073 3881168.1264187763 70.0
507517.4366285073 3881168.1264187763 70.0
507517.4366285073 3881168.1264187763 70.0
507517.4366285073 3881168.1264187763 70.0
507517.4366285073 3881168.1264187763 70.0
507517.4366285073 3881168.1264187763 70.0
507517.4366285073 3881168.1264187763 70.0
507517.4366285073 3881168.1264187763 70.0
507517.4366285073 3881168.1264187763 70.0
507517.4366285073 3881168.1264187763 70.0
507517.4366285073 3881168.1264187763 70.0
507517.4366285073 3881168.1264187763 70.0
507517.4366285073 3881168.1264187763 70.0
507517.4366285073 3881168.1264187763 70.0
507517.4366285073 3881168.1264187763 70.0
507517.4366285073 3881168.1264187763 70.0
507517.4366285073 3881168.1264187763 70.0
507517.4366285073 3881168.1264187763 70.0
507517.4366285073 3881168.1264187763 70.0
507517.4366285073 3881168.1264187763 70.0
507517.42751147697 3881168.1264112373 70.0
507517.42751147697 3881168.1264112373 70.0
507517.42751147697 3881168.1264112373 70.0
507517.42751147697 3881168.1264112373 70.0
507517.42751147697 3881168.1264112373 70.0
507517.42751147697 3881168.1264112373 70.0
507517.42751147697 3881168.1264112373 70.0
507517.42751147697 3881168.1264112373 70.0
507517.42751147697 3881168.1264112373 70.0
507517.42751147697 3881168.1264112373 70.0
507517.42751147697 3881168.1264112373 70.0
507517.42751147697 3881168.1264112373 70.0
507517.42751147697 3881168.1264112373 70.0
507517.42751147697 3881168.1264112373 70.0
507517.42751147697 3881168.1264112373 70.0
507517.42751147697 3881168.1264112373 70.0
507517.4366285073 3881168.1264187763 70.0
507517.4366285073 3881168.1264187763 70.0
507517.4366285073 3881168.1264187763 70.0
507517.4366285073 3881168.1264187763 70.0
507517.4366285073 3881168.1264187763 70.0
507517.4366285073 3881168.1264187763 70.0
507517.42751147697 3881168.1264112373 70.0
507517.42751147697 3881168.1264112373 70.0
507517.42751147697 3881168.1264112373 70.0
507517.42751147697 3881168.1264112373 70.0
507517.4092865869 3881168.1153063998 70.0
507517.4092865869 3881168.1153063998 70.0
507517.3910616945 3881168.1042015636 70.0
507517.3910616945 3881168.1042015636 70.0
507517.3637197763 3881168.0930891884 70.0
507517.3637197763 3881168.0930891884 70.0
507517.32726082293 3881168.081969273 70.0
507517.32726082293 3881168.081969273 70.0
507517.27258614963 3881168.048654766 70.0
507517.1996774174 3881168.01532518 70.0
507517.27258614963 3881168.048654766 70.0
507517.12676868227 3881167.9819955933 70.0
507517.12676868227 3881167.9819955933 70.0
507517.12676868227 3881167.9819955933 70.0
507516.95360928884 3881167.904224048 70.0
507516.95360928884 3881167.904224048 70.0
507516.6984241259 3881167.793115387 70.0
507516.55259748065 3881167.737545982 70.0
507516.6984241259 3881167.793115387 70.0
507516.55259748065 3881167.737545982 70.0
507516.4158878644 3881167.6819841173 70.0
507516.4158878644 3881167.6819841173 70.0
507516.28829527507 3881167.6264297925 70.0
507516.28829527507 3881167.6264297925 70.0
507516.1515856555 3881167.5708679333 70.0
507516.00576817 3881167.5042087785 70.0
507516.00576817 3881167.5042087785 70.0
507515.8599598533 3881167.426459869 70.0
507515.8599598533 3881167.426459869 70.0
507515.8599598533 3881167.426459869 70.0
507515.705034503 3881167.3487034244 70.0
507515.53188425605 3881167.2598421504 70.0
507515.53188425605 3881167.2598421504 70.0
507515.3496261378 3881167.1598835825 70.0
507515.3496261378 3881167.1598835825 70.0
507515.15825098887 3881167.059917484 70.0
507515.15825098887 3881167.059917484 70.0
507514.95775879954 3881166.95994385 70.0
507514.95775879954 3881166.95994385 70.0
507514.74815874617 3881166.848872928 70.0
507514.74815874617 3881166.848872928 70.0
507514.5203337867 3881166.7266971804 70.0
507514.5203337867 3881166.7266971804 70.0
507514.5203337867 3881166.7266971804 70.0
507514.2925088258 3881166.6045214366 70.0
507514.06468385644 3881166.482345699 70.0
507514.06468385644 3881166.482345699 70.0
507513.8277326826 3881166.371252191 70.0
507513.8277326826 3881166.371252191 70.0
507513.5634487336 3881166.237956566 70.0
507513.5634487336 3881166.237956566 70.0
507513.3082726505 3881166.115758242 70.0
507513.3082726505 3881166.115758242 70.0
507513.053096556 3881165.9935599254 70.0
507513.3082726505 3881166.115758242 70.0
507513.053096556 3881165.9935599254 70.0
507512.7979296219 3881165.860271857 70.0
507512.7979296219 3881165.860271857 70.0
507512.5427718427 3881165.7158940393 70.0
507512.5427718427 3881165.7158940393 70.0
507512.28761405766 3881165.5715162293 70.0
507512.28761405766 3881165.5715162293 70.0
507512.0415824617 3881165.4160562004 70.0
507511.77731679083 3881165.260581112 70.0
507511.77731679083 3881165.260581112 70.0
507511.77731679083 3881165.260581112 70.0
507511.5130694331 3881165.082926516 70.0
507511.5130694331 3881165.082926516 70.0
507511.2488129067 3881164.916361687 70.0
507510.98455637053 3881164.749796863 70.0
507511.2488129067 3881164.916361687 70.0
507510.98455637053 3881164.749796863 70.0
507510.71119195095 3881164.5721347583 70.0
507510.71119195095 3881164.5721347583 70.0
507510.4378183609 3881164.405562418 70.0
507510.1462015284 3881164.250064781 70.0
507510.1462015284 3881164.250064781 70.0
507509.85458468593 3881164.094567154 70.0
507509.85458468593 3881164.094567154 70.0
507509.85458468593 3881164.094567154 70.0
507509.55385080125 3881163.939062003 70.0
507509.55385080125 3881163.939062003 70.0
507509.2439907064 3881163.7946390896 70.0
507509.2439907064 3881163.7946390896 70.0
507508.93413060636 3881163.6502161874 70.0
507508.93413060636 3881163.6502161874 70.0
507508.6151626191 3881163.494696008 70.0
507508.6151626191 3881163.494696008 70.0
507508.30531165603 3881163.3391833697 70.0
507508.30531165603 3881163.3391833697 70.0
507507.9863528085 3881163.1725734537 70.0
507507.9863528085 3881163.1725734537 70.0
507507.6582860679 3881162.9948662627 70.0
507507.6582860679 3881162.9948662627 70.0
507507.3302284774 3881162.8060693233 70.0
507507.01129706245 3881162.6061901697 70.0
507507.01129706245 3881162.6061901697 70.0
507507.01129706245 3881162.6061901697 70.0
507506.6741407235 3881162.3952062125 70.0
507506.3461014005 3881162.184229794 70.0
507506.3461014005 3881162.184229794 70.0
507506.0089450281 3881161.9732458615 70.0
507506.3461014005 3881162.184229794 70.0
507505.6626716011 3881161.7622544123 70.0
507506.0089450281 3881161.9732458615 70.0
507505.6626716011 3881161.7622544123 70.0
507505.3163890045 3881161.5623527355 70.0
507505.3163890045 3881161.5623527355 70.0
507504.96098935563 3881161.362443545 70.0
507504.96098935563 3881161.362443545 70.0
507504.59647265385 3881161.1625268417 70.0
507504.59647265385 3881161.1625268417 70.0
507504.2228205873 3881160.984782143 70.0
507504.2228205873 3881160.984782143 70.0
507503.82180823915 3881160.8181046406 70.0
507503.82180823915 3881160.8181046406 70.0
507503.43903910776 3881160.640352448 70.0
507503.43903910776 3881160.640352448 70.0
507503.05626080843 3881160.4736900297 70.0
507503.05626080843 3881160.4736900297 70.0
507502.6643746072 3881160.295930347 70.0
507502.6643746072 3881160.295930347 70.0
507502.28160543134 3881160.1181782037 70.0
507502.28160543134 3881160.1181782037 70.0
507501.8988362382 3881159.9404260763 70.0
507501.8988362382 3881159.9404260763 70.0
507501.50694999145 3881159.762666443 70.0
507501.50694999145 3881159.762666443 70.0
507501.1150545787 3881159.5959965824 70.0
507501.1150545787 3881159.5959965824 70.0
507500.73228534317 3881159.418244505 70.0
507500.73228534317 3881159.418244505 70.0
507500.34039905114 3881159.2404849217 70.0
507500.34039905114 3881159.2404849217 70.0
507499.93940485374 3881159.0516280737 70.0
507499.93940485374 3881159.0516280737 70.0
507499.5566447212 3881158.8627862893 70.0
507499.5566447212 3881158.8627862893 70.0
507499.16477667895 3881158.662847242 70.0
507498.7729177674 3881158.451818452 70.0
507499.16477667895 3881158.662847242 70.0
507498.7729177674 3881158.451818452 70.0
507498.3901850298 3881158.229707443 70.0
507498.3901850298 3881158.229707443 70.0
507498.00745226897 3881158.00759645 70.0
507498.00745226897 3881158.00759645 70.0
507497.63384567655 3881157.774403234 70.0
507497.63384567655 3881157.774403234 70.0
507497.25113117235 3881157.530112758 70.0
507497.25113117235 3881157.530112758 70.0
507496.87753368646 3881157.285829816 70.0
507496.87753368646 3881157.285829816 70.0
507496.49481913913 3881157.041539372 70.0
507496.49481913913 3881157.041539372 70.0
507496.1121045735 3881156.7972489437 70.0
507496.1121045735 3881156.7972489437 70.0
507495.720263799 3881156.564040772 70.0
507495.720263799 3881156.564040772 70.0
507495.3193059647 3881156.3308251 70.0
507494.9274651498 3881156.0976169636 70.0
507494.9274651498 3881156.0976169636 70.0
507494.9274651498 3881156.0976169636 70.0
507494.5264889869 3881155.8865808416 70.0
507494.5264889869 3881155.8865808416 70.0
507494.1163866229 3881155.6866269796 70.0
507494.1163866229 3881155.6866269796 70.0
507493.7153921422 3881155.497770411 70.0
507493.7153921422 3881155.497770411 70.0
507493.30527145584 3881155.3199961004 70.0
507492.90425866086 3881155.1533190813 70.0
507492.90425866086 3881155.1533190813 70.0
507492.90425866086 3881155.1533190813 70.0
507492.5032458488 3881154.9866420818 70.0
507492.5032458488 3881154.9866420818 70.0
507492.1113317864 3881154.8421521266 70.0
507492.1113317864 3881154.8421521266 70.0
507491.71940857463 3881154.7087519467 70.0
507491.71940857463 3881154.7087519467 70.0
507491.33660239296 3881154.5753592975 70.0
507491.33660239296 3881154.5753592975 70.0
507490.9537870618 3881154.4530564207 70.0
507490.9537870618 3881154.4530564207 70.0
507490.580079629 3881154.3418508316 70.0
507490.580079629 3881154.3418508316 70.0
507490.23370504496 3881154.2528473074 70.0
