166021.4431793313 0.0 80.0
507339.18227278447 3881154.4290671013 80.0
507339.18227278447 3881154.4290671013 80.0
507339.1822638313 3881154.440156859 80.0
507339.1913808751 3881154.4401642196 80.0
507339.1913808751 3881154.4401642196 80.0
507339.1913808751 3881154.4401642196 80.0
507339.1913808751 3881154.4401642196 80.0
507339.1913808751 3881154.4401642196 80.0
507339.1913808751 3881154.4401642196 80.0
507339.1913808751 3881154.4401642196 80.0
507339.2004979189 3881154.44017158 80.0
507339.2004979189 3881154.44017158 80.0
507339.2004979189 3881154.44017158 80.0
507339.2004979189 3881154.44017158 80.0
507339.2004889657 3881154.451261338 80.0
507339.2096060118 3881154.451268698 80.0
507339.2096060118 3881154.451268698 80.0
507339.2096060118 3881154.451268698 80.0
507339.2096060118 3881154.451268698 80.0
507339.2096060118 3881154.451268698 80.0
507339.2096060118 3881154.451268698 80.0
507339.2095970586 3881154.4623584547 80.0
507339.2095970586 3881154.4623584547 80.0
507339.2095970586 3881154.4623584547 80.0
507339.2095970586 3881154.4623584547 80.0
507339.2095970586 3881154.4623584547 80.0
507339.2095970586 3881154.4623584547 80.0
507339.2095970586 3881154.4623584547 80.0
507339.21871410235 3881154.4623658154 80.0
507339.21871410235 3881154.4623658154 80.0
507339.2187051492 3881154.4734555725 80.0
507339.2187051492 3881154.4734555725 80.0
507339.2278221929 3881154.473462933 80.0
507339.2278221929 3881154.473462933 80.0
507339.2278221929 3881154.473462933 80.0
507339.2278221929 3881154.473462933 80.0
507339.23693923664 3881154.473470294 80.0
507339.2369302834 3881154.4845600505 80.0
507339.2369302834 3881154.4845600505 80.0
507339.2369302834 3881154.4845600505 80.0
507339.2369302834 3881154.4845600505 80.0
507339.2369302834 3881154.4845600505 80.0
507339.2369302834 3881154.4845600505 80.0
507339.2369302834 3881154.4845600505 80.0
507339.2460473271 3881154.484567411 80.0
507339.2460473271 3881154.484567411 80.0
507339.2460383739 3881154.49565717 80.0
507339.2460383739 3881154.49565717 80.0
507339.2460383739 3881154.49565717 80.0
507339.2460383739 3881154.49565717 80.0
507339.25515541766 3881154.4956645304 80.0
507339.25515541766 3881154.4956645304 80.0
507339.2551464644 3881154.506754288 80.0
507339.2551464644 3881154.506754288 80.0
507339.2551464644 3881154.506754288 80.0
507339.2551464644 3881154.506754288 80.0
507339.2551464644 3881154.506754288 80.0
507339.2551464644 3881154.506754288 80.0
507339.2551464644 3881154.506754288 80.0
507339.2551464644 3881154.506754288 80.0
507339.2642545549 3881154.5178514053 80.0
507339.2642545549 3881154.5178514053 80.0
507339.2642545549 3881154.5178514053 80.0
507339.2642545549 3881154.5178514053 80.0
507339.2642545549 3881154.5178514053 80.0
507339.2642545549 3881154.5178514053 80.0
507339.2733626453 3881154.5289485226 80.0
507339.2733626453 3881154.5289485226 80.0
507339.2733626453 3881154.5289485226 80.0
507339.2733626453 3881154.5289485226 80.0
507339.2733626453 3881154.5289485226 80.0
507339.2733626453 3881154.5289485226 80.0
507339.2733626453 3881154.5289485226 80.0
507339.2733626453 3881154.5289485226 80.0
507339.2733536921 3881154.5400382807 80.0
507339.2824707357 3881154.540045642 80.0
507339.2824707357 3881154.540045642 80.0
507339.2824707357 3881154.540045642 80.0
507339.2824707357 3881154.540045642 80.0
507339.2824707357 3881154.540045642 80.0
507339.2824707357 3881154.540045642 80.0
507339.2824707357 3881154.540045642 80.0
507339.29157882615 3881154.551142759 80.0
507339.29157882615 3881154.551142759 80.0
507339.29157882615 3881154.551142759 80.0
507339.29157882615 3881154.551142759 80.0
507339.29157882615 3881154.551142759 80.0
507339.29157882615 3881154.551142759 80.0
507339.3006958721 3881154.5511501194 80.0
507339.3006958721 3881154.5511501194 80.0
507339.3006958721 3881154.5511501194 80.0
507339.3098039625 3881154.5622472386 80.0
507339.3098039625 3881154.5622472386 80.0
507339.3098039625 3881154.5622472386 80.0
507339.3280380474 3881154.56226196 80.0
507339.3280380474 3881154.56226196 80.0
507339.32804700074 3881154.551172201 80.0
507339.32804700074 3881154.551172201 80.0
507339.3371640444 3881154.5511795618 80.0
507339.3371640444 3881154.5511795618 80.0
507339.30981291574 3881154.55115748 80.0
507339.30981291574 3881154.55115748 80.0
507339.2915877794 3881154.5400530025 80.0
507339.2915877794 3881154.5400530025 80.0
507339.2733536921 3881154.5400382807 80.0
507339.2733536921 3881154.5400382807 80.0
507339.2460204675 3881154.5178366844 80.0
507339.2460204675 3881154.5178366844 80.0
507339.2186782896 3881154.506724846 80.0
507339.2186782896 3881154.506724846 80.0
507339.1913450625 3881154.4845232475 80.0
507339.1913450625 3881154.4845232475 80.0
507339.1548947939 3881154.462314292 80.0
507339.11843556963 3881154.4511950933 80.0
507339.11843556963 3881154.4511950933 80.0
507339.07287720987 3881154.417889018 80.0
507339.07287720987 3881154.417889018 80.0
507339.02730989683 3881154.3956727013 80.0
507339.07287720987 3881154.417889018 80.0
507338.97263449035 3881154.362359267 80.0
507338.97263449035 3881154.362359267 80.0
507338.9179501329 3881154.340135591 80.0
507338.9179501329 3881154.340135591 80.0
507338.9179501329 3881154.340135591 80.0
507338.85415768175 3881154.3068147968 80.0
507338.85415768175 3881154.3068147968 80.0
507338.78125714115 3881154.262396886 80.0
507338.78125714115 3881154.262396886 80.0
507338.708347645 3881154.2290687338 80.0
507338.708347645 3881154.2290687338 80.0
507338.62633005675 3881154.184643463 80.0
507338.5534205617 3881154.1513153105 80.0
507338.5534205617 3881154.1513153105 80.0
507338.5534205617 3881154.1513153105 80.0
507338.471402972 3881154.1068900432 80.0
507338.3893853815 3881154.0624647764 80.0
507338.3893853815 3881154.0624647764 80.0
507338.29825970036 3881154.0069423914 80.0
507338.29825970036 3881154.0069423914 80.0
507338.2071340158 3881153.9514200087 80.0
507338.2071340158 3881153.9514200087 80.0
507338.2071340158 3881153.9514200087 80.0
507338.10689128353 3881153.8958902685 80.0
507338.10689128353 3881153.8958902685 80.0
507337.99753151025 3881153.840353168 80.0
507337.99753151025 3881153.840353168 80.0
507337.8881806826 3881153.773726312 80.0
507337.8881806826 3881153.773726312 80.0
507337.7879379487 3881153.7181965737 80.0
507337.7879379487 3881153.7181965737 80.0
507337.6785781691 3881153.662659478 80.0
507337.6785781691 3881153.662659478 80.0
507337.5692273393 3881153.596032626 80.0
507337.5692273393 3881153.596032626 80.0
507337.4507594632 3881153.5293984166 80.0
507337.4507594632 3881153.5293984166 80.0
507337.3322915877 3881153.4627642096 80.0
507337.3322915877 3881153.4627642096 80.0
507337.20470666105 3881153.3961226433 80.0
507337.0771306854 3881153.3183913236 80.0
507337.20470666105 3881153.3961226433 80.0
507337.0771306854 3881153.3183913236 80.0
507336.94954575715 3881153.2517497614 80.0
507336.8310689218 3881153.1962053194 80.0
507336.8310689218 3881153.1962053194 80.0
507336.70348398766 3881153.12956376 80.0
507336.70348398766 3881153.12956376 80.0
507336.70348398766 3881153.12956376 80.0
507336.59413314663 3881153.062936921 80.0
507336.59413314663 3881153.062936921 80.0
507336.47565630433 3881153.007392482 80.0
507336.348080317 3881152.929661172 80.0
507336.348080317 3881152.929661172 80.0
507336.348080317 3881152.929661172 80.0
507336.2113872821 3881152.8519225055 80.0
507336.2113872821 3881152.8519225055 80.0
507336.0746852956 3881152.7852736 80.0
507336.0746852956 3881152.7852736 80.0
507335.9380012054 3881152.696445181 80.0
507335.9380012054 3881152.696445181 80.0
507335.7921911156 3881152.6186991637 80.0
507335.7921911156 3881152.6186991637 80.0
507335.6554891225 3881152.552050263 80.0
507335.6554891225 3881152.552050263 80.0
507335.52791311947 3881152.4743189653 80.0
507335.52791311947 3881152.4743189653 80.0
507335.382103025 3881152.3965729554 80.0
507335.382103025 3881152.3965729554 80.0
507335.23631082225 3881152.296647433 80.0
507335.23631082225 3881152.296647433 80.0
507335.0905007224 3881152.2189014265 80.0
507335.0905007224 3881152.2189014265 80.0
507334.9264654759 3881152.130050954 80.0
507334.9264654759 3881152.130050954 80.0
507334.7806643185 3881152.041215196 80.0
507334.6257371621 3881151.963461841 80.0
507334.7806643185 3881152.041215196 80.0
507334.6257371621 3881151.963461841 80.0
507334.4799359991 3881151.874626089 80.0
507334.4799359991 3881151.874626089 80.0
507334.3341348332 3881151.785790338 80.0
507334.3341348332 3881151.785790338 80.0
507334.17009062215 3881151.7080296366 80.0
507334.17009062215 3881151.7080296366 80.0
507334.0242983974 3881151.6081041326 80.0
507334.0242983974 3881151.6081041326 80.0
507333.8511371339 3881151.530336082 80.0
507333.8511371339 3881151.530336082 80.0
507333.6871197534 3881151.4193061166 80.0
507333.4957422843 3881151.3193438463 80.0
507333.4957422843 3881151.3193438463 80.0
507333.4957422843 3881151.3193438463 80.0
507333.2952477617 3881151.2193742264 80.0
507333.2952477617 3881151.2193742264 80.0
507333.0856451334 3881151.108307501 80.0
507333.0856451334 3881151.108307501 80.0
507332.8851595471 3881150.9972481327 80.0
507332.8851595471 3881150.9972481327 80.0
507332.6755569086 3881150.886181414 80.0
507332.6755569086 3881150.886181414 80.0
507332.4568461625 3881150.7640175903 80.0
507332.4568461625 3881150.7640175903 80.0
507332.2381264659 3881150.6529435283 80.0
507332.01028971624 3881150.54186212 80.0
507332.01028971624 3881150.54186212 80.0
507331.78245295875 3881150.4307807162 80.0
507331.78245295875 3881150.4307807162 80.0
507331.78245295875 3881150.4307807162 80.0
507331.54549915245 3881150.3196919644 80.0
507331.31766238605 3881150.2086105733 80.0
507331.31766238605 3881150.2086105733 80.0
507331.0807085636 3881150.0975218345 80.0
507331.0807085636 3881150.0975218345 80.0
507331.0807085636 3881150.0975218345 80.0
507330.8346376896 3881149.9864257504 80.0
507330.5885668095 3881149.875329673 80.0
507330.5885668095 3881149.875329673 80.0
507330.5885668095 3881149.875329673 80.0
507330.33337887266 3881149.7642262494 80.0
507330.0599657768 3881149.6420183745 80.0
507330.0599657768 3881149.6420183745 80.0
507330.0599657768 3881149.6420183745 80.0
507329.81389487564 3881149.530922317 80.0
507329.81389487564 3881149.530922317 80.0
507329.5495898733 3881149.4198115654 80.0
507329.5495898733 3881149.4198115654 80.0
507329.2852938055 3881149.2976110647 80.0
507329.2852938055 3881149.2976110647 80.0
507329.0301058366 3881149.186507679 80.0
507328.7657918742 3881149.086486707 80.0
507329.0301058366 3881149.186507679 80.0
507328.7657918742 3881149.086486707 80.0
507328.4923697946 3881148.975368636 80.0
507328.22806476 3881148.8642579233 80.0
507328.22806476 3881148.8642579233 80.0
507328.22806476 3881148.8642579233 80.0
507327.95463373006 3881148.7642296255 80.0
507327.95463373006 3881148.7642296255 80.0
507327.6720945813 3881148.65310423 80.0
507327.6720945813 3881148.65310423 80.0
507327.3986635366 3881148.5530759506 80.0
507327.3986635366 3881148.5530759506 80.0
507327.12523248827 3881148.4530476774 80.0
507326.8517924935 3881148.364109172 80.0
507326.8517924935 3881148.364109172 80.0
507326.5783614334 3881148.2640809156 80.0
507326.5783614334 3881148.2640809156 80.0
507326.2957954402 3881148.1862248355 80.0
507326.2957954402 3881148.1862248355 80.0
507326.00412132917 3881148.097271659 80.0
507326.00412132917 3881148.097271659 80.0
507325.7215553259 3881148.0194155974 80.0
507325.7215553259 3881148.0194155974 80.0
507325.4481063704 3881147.94156689 80.0
507325.7215553259 3881148.0194155974 80.0
507325.1655403599 3881147.863710845 80.0
507325.1655403599 3881147.863710845 80.0
507325.1655403599 3881147.863710845 80.0
507324.8829654066 3881147.796944565 80.0
507324.8829654066 3881147.796944565 80.0
507324.591273401 3881147.7301709484 80.0
507324.591273401 3881147.7301709484 80.0
507324.30868950207 3881147.674494446 80.0
507324.30868950207 3881147.674494446 80.0
507324.01699748606 3881147.607720848 80.0
507324.01699748606 3881147.607720848 80.0
507323.71617948316 3881147.5520296725 80.0
507323.71617948316 3881147.5520296725 80.0
507323.41535254277 3881147.5074282642 80.0
507323.1236426479 3881147.46283421 80.0
507323.1236426479 3881147.46283421 80.0
507322.84104979853 3881147.4182475084 80.0
507322.84104979853 3881147.4182475084 80.0
507322.84104979853 3881147.4182475084 80.0
507322.54933990265 3881147.3736534724 80.0
507322.54933990265 3881147.3736534724 80.0
507322.25761213194 3881147.3512389613 80.0
507322.25761213194 3881147.3512389613 80.0
507321.9658932943 3881147.3177347006 80.0
507321.6650395425 3881147.3064026227 80.0
507321.6650395425 3881147.3064026227 80.0
507321.36417685857 3881147.3061603117 80.0
507321.36417685857 3881147.3061603117 80.0
507321.0633052413 3881147.317007767 80.0
507321.0633052413 3881147.317007767 80.0
507321.0633052413 3881147.317007767 80.0
507320.75328085135 3881147.3722069203 80.0
507320.75328085135 3881147.3722069203 80.0
507320.43413941213 3881147.4273987436 80.0
507320.43413941213 3881147.4273987436 80.0
507320.1332142208 3881147.504784774 80.0
507320.1332142208 3881147.504784774 80.0
507319.8414239489 3881147.5599986417 80.0
507319.8414239489 3881147.5599986417 80.0
507319.5222557345 3881147.648459767 80.0
507319.5222557345 3881147.648459767 80.0
507319.2213305583 3881147.7258458273 80.0
507319.2213305583 3881147.7258458273 80.0
507318.92952243995 3881147.8032392394 80.0
507318.92952243995 3881147.8032392394 80.0
507318.6377143243 3881147.88063266 80.0
507318.6377143243 3881147.88063266 80.0
507318.35501433845 3881147.9691231865 80.0
507318.0632062331 3881148.046516625 80.0
507318.35501433845 3881147.9691231865 80.0
507318.0632062331 3881148.046516625 80.0
507317.78049732867 3881148.1460969276 80.0
507317.78049732867 3881148.1460969276 80.0
507317.5069233338 3881148.223505063 80.0
507317.2333404196 3881148.3120029625 80.0
507317.5069233338 3881148.223505063 80.0
507317.2333404196 3881148.3120029625 80.0
507316.9597307327 3881148.433770144 80.0
507316.9597307327 3881148.433770144 80.0
507316.69525595184 3881148.533365156 80.0
507316.69525595184 3881148.533365156 80.0
507316.1937200337 3881148.6549489144 80.0
507315.9383355451 3881148.787820558 80.0
507316.1937200337 3881148.6549489144 80.0
507315.9383355451 3881148.787820558 80.0
507315.6829599862 3881148.909602452 80.0
507315.6829599862 3881148.909602452 80.0
507315.4458096106 3881149.0424887836 80.0
507315.4458096106 3881149.0424887836 80.0
507315.22689333995 3881149.1753897937 80.0
507314.99885110545 3881149.31937323 80.0
507314.99885110545 3881149.31937323 80.0
507314.99885110545 3881149.31937323 80.0
507314.5337566794 3881149.4742556973 80.0
507314.0868696011 3881149.662422131 80.0
507314.0868696011 3881149.662422131 80.0
507313.64909066766 3881149.861685679 80.0
507314.0868696011 3881149.662422131 80.0
507313.64909066766 3881149.861685679 80.0
507313.2204198801 3881150.07204634 80.0
507313.2204198801 3881150.07204634 80.0
507312.7552809186 3881150.282377684 80.0
507312.7552809186 3881150.282377684 80.0
507312.29925902863 3881150.4927163874 80.0
507312.29925902863 3881150.4927163874 80.0
507311.8523542073 3881150.703062445 80.0
507311.8523542073 3881150.703062445 80.0
507311.40543156816 3881150.9355880395 80.0
507311.40543156816 3881150.9355880395 80.0
507310.9949593025 3881151.190322501 80.0
507310.5935773541 3881151.4783335845 80.0
507310.5935773541 3881151.4783335845 80.0
507310.1922310999 3881151.721985655 80.0
507310.5935773541 3881151.4783335845 80.0
507310.1922310999 3881151.721985655 80.0
507309.8272817134 3881152.054385128 80.0
507309.8272817134 3881152.054385128 80.0
507309.4532509777 3881152.3424182553 80.0
507309.4532509777 3881152.3424182553 80.0
507309.1065535693 3881152.652652904 80.0
507308.75986510067 3881152.951797807 80.0
507309.1065535693 3881152.652652904 80.0
507308.75986510067 3881152.951797807 80.0
507308.4314107423 3881153.2509573842 80.0
507308.4314107423 3881153.2509573842 80.0
507308.1485148874 3881153.5834228923 80.0
507307.8565287514 3881153.882611808 80.0
507307.8565287514 3881153.882611808 80.0
507307.5645158932 3881154.215070005 80.0
507307.8565287514 3881153.882611808 80.0
507307.5645158932 3881154.215070005 80.0
507307.3363045306 3881154.5697590257 80.0
507307.3363045306 3881154.5697590257 80.0
507307.0898947577 3881154.8800743674 80.0
507307.0898947577 3881154.8800743674 80.0
507306.8707826481 3881155.256950243 80.0
507306.8707826481 3881155.256950243 80.0
507306.825001333 3881155.500888267 80.0
507306.56943890697 3881155.8555553234 80.0
507306.825001333 3881155.500888267 80.0
507306.56943890697 3881155.8555553234 80.0
507306.33211949543 3881156.199147285 80.0
507306.33211949543 3881156.199147285 80.0
507306.14949344087 3881156.553872975 80.0
507306.14949344087 3881156.553872975 80.0
507305.95777709945 3881156.87532207 80.0
507305.7569437283 3881157.196763842 80.0
507305.95777709945 3881156.87532207 80.0
507305.7569437283 3881157.196763842 80.0
507305.59254288516 3881157.562593954 80.0
507305.59254288516 3881157.562593954 80.0
507305.4098990628 3881157.9394991742 80.0
507305.236363386 3881158.3275014833 80.0
507305.4098990628 3881157.9394991742 80.0
507305.236363386 3881158.3275014833 80.0
507305.0628188101 3881158.726593551 80.0
507304.934841624 3881159.14790177 80.0
507305.0628188101 3881158.726593551 80.0
507304.79773849994 3881159.580292422 80.0
507304.934841624 3881159.14790177 80.0
507304.79773849994 3881159.580292422 80.0
507304.6515361728 3881159.990496235 80.0
507304.6515361728 3881159.990496235 80.0
507304.54178418557 3881160.4229088696 80.0
507304.54178418557 3881160.4229088696 80.0
507304.57802065427 3881160.711271868 80.0
507304.57802065427 3881160.711271868 80.0
507304.52295308164 3881161.165907973 80.0
507304.56832440646 3881161.4320987826 80.0
507304.56832440646 3881161.4320987826 80.0
507304.56832440646 3881161.4320987826 80.0
507304.60456977884 3881161.7093720254 80.0
507304.60456977884 3881161.7093720254 80.0
507304.64080624026 3881161.9977350244 80.0
507304.64080624026 3881161.9977350244 80.0
507304.64970941166 3881162.2638965333 80.0
507304.64970941166 3881162.2638965333 80.0
507304.65861258016 3881162.5300580403 80.0
507304.65861258016 3881162.5300580403 80.0
507304.6948490365 3881162.8184210407 80.0
507304.6948490365 3881162.8184210407 80.0
507304.7401936121 3881163.117881125 80.0
507304.7401936121 3881163.117881125 80.0
507304.785538187 3881163.4173412095 80.0
507304.785538187 3881163.4173412095 80.0
507304.83088275656 3881163.716801295 80.0
507304.83088275656 3881163.716801295 80.0
507304.88534435723 3881164.016268706 80.0
507304.9215808003 3881164.3046317087 80.0
507304.9215808003 3881164.3046317087 80.0
507304.9215808003 3881164.3046317087 80.0
507304.9578172388 3881164.5929947114 80.0
507304.9578172388 3881164.5929947114 80.0
507305.03962102043 3881164.9035738604 80.0
507305.03962102043 3881164.9035738604 80.0
507305.1305418293 3881165.214160337 80.0
507305.22146263195 3881165.5247468147 80.0
507305.1305418293 3881165.214160337 80.0
507305.22146263195 3881165.5247468147 80.0
507305.19373724016 3881165.990494655 80.0
507305.19373724016 3881165.990494655 80.0
507305.275541001 3881166.301073807 80.0
507305.275541001 3881166.301073807 80.0
507305.3391196051 3881166.6005485496 80.0
507305.3391196051 3881166.6005485496 80.0
507305.4117884979 3881166.933299891 80.0
507305.4844662997 3881167.254961476 80.0
507305.4117884979 3881166.933299891 80.0
507305.4844662997 3881167.254961476 80.0
507305.55712627206 3881167.5988025772 80.0
507305.648047036 3881167.9093890605 80.0
507305.55712627206 3881167.5988025772 80.0
507305.7480313493 3881168.2865214176 80.0
507305.7480313493 3881168.2865214176 80.0
507305.8480602145 3881168.6082049874 80.0
507305.8480602145 3881168.6082049874 80.0
507305.8480602145 3881168.6082049874 80.0
507305.9298461039 3881168.9409636613 80.0
507305.9298461039 3881168.9409636613 80.0
507305.9751995203 3881169.229333998 80.0
507306.04790402186 3881169.517726316 80.0
507306.04790402186 3881169.517726316 80.0
507306.04790402186 3881169.517726316 80.0
507306.10236554936 3881169.817193736 80.0
507306.10236554936 3881169.817193736 80.0
507306.18415141845 3881170.1499524144 80.0
507306.2750543068 3881170.48271842 80.0
507306.18415141845 3881170.1499524144 80.0
507306.2750543068 3881170.48271842 80.0
507306.3659661039 3881170.8043946694 80.0
507306.3659661039 3881170.8043946694 80.0
507306.4477608676 3881171.1260635923 80.0
507306.4477608676 3881171.1260635923 80.0
507306.52955562546 3881171.447732516 80.0
507306.5839992962 3881171.769379457 80.0
507306.52955562546 3881171.447732516 80.0
507306.5839992962 3881171.769379457 80.0
507306.63845187885 3881172.0799366403 80.0
507306.63845187885 3881172.0799366403 80.0
507306.69290445774 3881172.390493824 80.0
507306.69290445774 3881172.390493824 80.0
507306.75646514236 3881172.7121480936 80.0
507306.75646514236 3881172.7121480936 80.0
507306.7926747472 3881173.033780381 80.0
507306.8471094852 3881173.366517082 80.0
507306.8471094852 3881173.366517082 80.0
507306.8471094852 3881173.366517082 80.0
507306.90153530997 3881173.710343542 80.0
507306.90153530997 3881173.710343542 80.0
507306.9377359918 3881174.043065586 80.0
507306.983044783 3881174.3868847196 80.0
507306.9377359918 3881174.043065586 80.0
507306.983044783 3881174.3868847196 80.0
507307.01925437065 3881174.708517007 80.0
507307.01925437065 3881174.708517007 80.0
507307.05546396034 3881175.0301492955 80.0
507307.05546396034 3881175.0301492955 80.0
507307.07343949965 3881175.3517669276 80.0
507307.07343949965 3881175.3517669276 80.0
507307.10961342853 3881175.717758248 80.0
507307.10961342853 3881175.717758248 80.0
507307.1457873498 3881176.083749568 80.0
507307.1457873498 3881176.083749568 80.0
507307.1819434444 3881176.4719204064 80.0
507307.1819434444 3881176.4719204064 80.0
507307.1998744076 3881176.848986828 80.0
507307.1998744076 3881176.848986828 80.0
507307.1904632162 3881177.2149415077 80.0
507307.1904632162 3881177.2149415077 80.0
507307.16281798686 3881177.580881531 80.0
507307.1533800576 3881177.980105484 80.0
507307.16281798686 3881177.580881531 80.0
507307.1533800576 3881177.980105484 80.0
507307.1530680629 3881178.3682470093 80.0
507307.1530680629 3881178.3682470093 80.0
507307.12541392434 3881178.745276789 80.0
507307.08865168074 3881179.111209485 80.0
507307.12541392434 3881178.745276789 80.0
507307.08865168074 3881179.111209485 80.0
507307.0609975447 3881179.488239267 80.0
507307.0609975447 3881179.488239267 80.0
507307.0333612435 3881179.843089533 80.0
507307.0333612435 3881179.843089533 80.0
507306.98749982024 3881180.1868353863 80.0
507306.98749982024 3881180.1868353863 80.0
507306.94163839816 3881180.5305812377 80.0
507306.94163839816 3881180.5305812377 80.0
507306.8957769818 3881180.87432709 80.0
507306.8957769818 3881180.87432709 80.0
507306.8499155665 3881181.2180729457 80.0
507306.8499155665 3881181.2180729457 80.0
507306.804054157 3881181.5618187995 80.0
507306.804054157 3881181.5618187995 80.0
507306.7581838372 3881181.9166544117 80.0
507306.70321432775 3881182.24930318 80.0
507306.7581838372 3881181.9166544117 80.0
507306.70321432775 3881182.24930318 80.0
507306.64823591337 3881182.5930417078 80.0
507306.58414940146 3881182.9256831505 80.0
507306.58414940146 3881182.9256831505 80.0
507306.5200628919 3881183.258324593 80.0
507306.5200628919 3881183.258324593 80.0
507306.5200628919 3881183.258324593 80.0
507306.4650934037 3881183.5909733633 80.0
507306.4650934037 3881183.5909733633 80.0
507306.4101239172 3881183.923622134 80.0
507306.4101239172 3881183.923622134 80.0
507306.3460463341 3881184.245173821 80.0
507306.3460463341 3881184.245173821 80.0
507306.2728428289 3881184.5778079387 80.0
507306.2728428289 3881184.5778079387 80.0
507306.19963933126 3881184.910442058 80.0
507306.19963933126 3881184.910442058 80.0
507306.13557958824 3881185.2098142286 80.0
507306.13557958824 3881185.2098142286 80.0
507306.0532858243 3881185.5091717476 80.0
507306.0532858243 3881185.5091717476 80.0
507305.97098315536 3881185.819619024 80.0
507305.97098315536 3881185.819619024 80.0
507305.897788589 3881186.141163388 80.0
507305.897788589 3881186.141163388 80.0
507305.81549484126 3881186.440520909 80.0
507305.81549484126 3881186.440520909 80.0
507305.72407517745 3881186.750960862 80.0
507305.72407517745 3881186.750960862 80.0
507305.65089845186 3881187.0503257117 80.0
507305.65089845186 3881187.0503257117 80.0
507305.55946988525 3881187.371855424 80.0
507305.55946988525 3881187.371855424 80.0
507305.4771583354 3881187.693392464 80.0
507305.4771583354 3881187.693392464 80.0
507305.37663059524 3881187.992735337 80.0
507305.37663059524 3881187.992735337 80.0
507305.2760939522 3881188.303167968 80.0
507305.2760939522 3881188.303167968 80.0
507305.1755483995 3881188.624690359 80.0
507305.1755483995 3881188.624690359 80.0
507305.0841198654 3881188.9462200766 80.0
507305.0841198654 3881188.9462200766 80.0
507304.9835832427 3881189.2566527124 80.0
507304.9835832427 3881189.2566527124 80.0
507304.87392961606 3881189.5670780214 80.0
507304.7733930051 3881189.877510659 80.0
507304.7733930051 3881189.877510659 80.0
507304.7733930051 3881189.877510659 80.0
507304.66373939306 3881190.187935972 80.0
507304.66373939306 3881190.187935972 80.0
507304.5540946995 3881190.487271528 80.0
507304.43533300585 3881190.78659976 80.0
507304.43533300585 3881190.78659976 80.0
507304.32568832696 3881191.08593532 80.0
507304.32568832696 3881191.08593532 80.0
507304.20692664635 3881191.3852635543 80.0
507304.20692664635 3881191.3852635543 80.0
507304.0881649781 3881191.684591792 80.0
507304.0881649781 3881191.684591792 80.0
507304.0881649781 3881191.684591792 80.0
507303.9785292294 3881191.9728375985 80.0
507303.9785292294 3881191.9728375985 80.0
507303.859767574 3881192.2721658377 80.0
507303.7501229342 3881192.5715014036 80.0
507303.7501229342 3881192.5715014036 80.0
507303.63135238184 3881192.881919406 80.0
507303.63135238184 3881192.881919406 80.0
507303.5217166666 3881193.1701652175 80.0
507303.5217166666 3881193.1701652175 80.0
507303.4029550394 3881193.469493464 80.0
507303.4029550394 3881193.469493464 80.0
507303.28420233185 3881193.757731954 80.0
507303.28420233185 3881193.757731954 80.0
507303.28420233185 3881193.757731954 80.0
507303.1745577264 3881194.0570675284 80.0
507303.1745577264 3881194.0570675284 80.0
507303.06491312815 3881194.356403104 80.0
507303.06491312815 3881194.356403104 80.0
507302.9461515315 3881194.6557313576 80.0
507302.9461515315 3881194.6557313576 80.0
507302.82739885605 3881194.9439698537 80.0
507302.82739885605 3881194.9439698537 80.0
507302.6995202743 3881195.243290786 80.0
507302.6995202743 3881195.243290786 80.0
507302.57165060955 3881195.531521962 80.0
507302.57165060955 3881195.531521962 80.0
507302.4528890443 3881195.8308502235 80.0
507302.4528890443 3881195.8308502235 80.0
507302.33413639746 3881196.1190887266 80.0
507302.33413639746 3881196.1190887266 80.0
507302.2244829434 3881196.42951407 80.0
507302.2244829434 3881196.42951407 80.0
507302.1148205888 3881196.7510291743 80.0
507301.99606796465 3881197.039267684 80.0
507302.1148205888 3881196.7510291743 80.0
507301.8773064402 3881197.3385959514 80.0
507301.8773064402 3881197.3385959514 80.0
507301.8773064402 3881197.3385959514 80.0
507301.7494279232 3881197.637916899 80.0
507301.7494279232 3881197.637916899 80.0
507301.62155832205 3881197.926148088 80.0
507301.5028057264 3881198.2143866043 80.0
507301.5028057264 3881198.2143866043 80.0
507301.3840442358 3881198.5137148793 80.0
507301.3840442358 3881198.5137148793 80.0
507301.3840442358 3881198.5137148793 80.0
507301.2652827484 3881198.813043155 80.0
507301.1373953653 3881199.12345387 80.0
507301.1373953653 3881199.12345387 80.0
507301.01863389614 3881199.422782149 80.0
507301.01863389614 3881199.422782149 80.0
507300.89075543423 3881199.722103109 80.0
507300.89075543423 3881199.722103109 80.0
507300.89075543423 3881199.722103109 80.0
507300.7446340807 3881200.0324991858 80.0
507300.7446340807 3881200.0324991858 80.0
507300.60761192226 3881200.3650821014 80.0
507300.60761192226 3881200.3650821014 80.0
507300.4705897739 3881200.697665019 80.0
507300.4705897739 3881200.697665019 80.0
507300.32444173266 3881201.041330377 80.0
507300.32444173266 3881201.041330377 80.0
507300.1965098842 3881201.407189897 80.0
507300.1965098842 3881201.407189897 80.0
507300.0594788586 3881201.7508625803 80.0
507300.0594788586 3881201.7508625803 80.0
507299.940672932 3881202.1056396663 80.0
507299.940672932 3881202.1056396663 80.0
507299.8309661997 3881202.482603593 80.0
507299.8309661997 3881202.482603593 80.0
507299.7121513887 3881202.8484704387 80.0
507299.7121513887 3881202.8484704387 80.0
507299.6115616671 3881203.2254416896 80.0
507299.6115616671 3881203.2254416896 80.0
507299.5018549618 3881203.6024056193 80.0
507299.5018549618 3881203.6024056193 80.0
507299.40127416427 3881203.968287113 80.0
507299.30980146385 3881204.345265688 80.0
507299.40127416427 3881203.968287113 80.0
507299.30980146385 3881204.345265688 80.0
507299.21831096185 3881204.7444237797 80.0
507299.21831096185 3881204.7444237797 80.0
507299.1268293746 3881205.132492115 80.0
507299.1268293746 3881205.132492115 80.0
507299.04446478526 3881205.520567771 80.0
507299.04446478526 3881205.520567771 80.0
507298.9621002029 3881205.9086434273 80.0
507298.88886152563 3881206.2856366476 80.0
507298.9621002029 3881205.9086434273 80.0
507298.8247309394 3881206.6737269475 80.0
507298.88886152563 3881206.2856366476 80.0
507298.8247309394 3881206.6737269475 80.0
507298.76060036087 3881207.0618172474 80.0
507298.76060036087 3881207.0618172474 80.0
507298.6964608792 3881207.4609973067 80.0
507298.659681282 3881207.8491095672 80.0
507298.659681282 3881207.8491095672 80.0
507298.659681282 3881207.8491095672 80.0
507298.6137935996 3881208.22612475 80.0
507298.6137935996 3881208.22612475 80.0
507298.57703181874 3881208.5920574954 80.0
507298.57703181874 3881208.5920574954 80.0
507298.5493959289 3881208.9469078034 80.0
507298.5493959289 3881208.9469078034 80.0
507298.53088593826 3881209.290675672 80.0
507298.5123759443 3881209.63444354 80.0
507298.53088593826 3881209.290675672 80.0
507298.5123759443 3881209.63444354 80.0
507298.50299184566 3881209.967128971 80.0
507298.50299184566 3881209.967128971 80.0
507298.51185062673 3881210.2887392836 80.0
507298.51185062673 3881210.2887392836 80.0
507298.5207094071 3881210.610349595 80.0
507298.5204601035 3881210.92086283 80.0
507298.5204601035 3881210.92086283 80.0
507298.5204601035 3881210.92086283 80.0
507298.52020189614 3881211.242465823 80.0
507298.52020189614 3881211.242465823 80.0
507298.52906958124 3881211.552986376 80.0
507298.52906958124 3881211.552986376 80.0
507298.5379372634 3881211.863506931 80.0
507298.5379372634 3881211.863506931 80.0
507298.54681384633 3881212.162937726 80.0
507298.54681384633 3881212.162937726 80.0
507298.5556904309 3881212.4623685223 80.0
507298.5556904309 3881212.4623685223 80.0
507298.58279208385 3881212.7729037176 80.0
507298.58279208385 3881212.7729037176 80.0
507298.60989373026 3881213.0834389124 80.0
507298.60989373026 3881213.0834389124 80.0
507298.63701318717 3881213.3717945903 80.0
507298.63701318717 3881213.3717945903 80.0
507298.6732407227 3881213.671247348 80.0
507298.6732407227 3881213.671247348 80.0
507298.7094682535 3881213.9707001043 80.0
507298.73657879815 3881214.270145542 80.0
507298.73657879815 3881214.270145542 80.0
507298.73657879815 3881214.270145542 80.0
507298.77281522844 3881214.5585085414 80.0
507298.77281522844 3881214.5585085414 80.0
507298.81815973774 3881214.857968619 80.0
507298.81815973774 3881214.857968619 80.0
507298.8817471138 3881215.14635358 80.0
507298.94534338766 3881215.4236487816 80.0
507298.94534338766 3881215.4236487816 80.0
507299.00893075566 3881215.7120337435 80.0
507299.00893075566 3881215.7120337435 80.0
507299.00893075566 3881215.7120337435 80.0
507299.0816440036 3881215.989336269 80.0
507299.0816440036 3881215.989336269 80.0
507299.1452402678 3881216.266631471 80.0
507299.1452402678 3881216.266631471 80.0
507299.2088365257 3881216.5439266763 80.0
507299.2997837254 3881216.821243843 80.0
507299.2997837254 3881216.821243843 80.0
507299.3998479027 3881217.098568332 80.0
507299.3998479027 3881217.098568332 80.0
507299.51814603043 3881217.3759074644 80.0
507299.3998479027 3881217.098568332 80.0
507299.63644415326 3881217.6532465974 80.0
507299.63644415326 3881217.6532465974 80.0
507299.63644415326 3881217.6532465974 80.0
507299.7729851364 3881217.919510616 80.0
507299.9004180349 3881218.174677557 80.0
507299.9004180349 3881218.174677557 80.0
507299.9004180349 3881218.174677557 80.0
507300.02785092616 3881218.4298444996 80.0
507300.02785092616 3881218.4298444996 80.0
507300.1643918838 3881218.696108525 80.0
507300.1643918838 3881218.696108525 80.0
507300.3100587207 3881218.9512901152 80.0
507300.3100587207 3881218.9512901152 80.0
507300.46485143184 3881219.195389271 80.0
507300.46485143184 3881219.195389271 80.0
507300.6376287174 3881219.7500163116 80.0
507300.6376287174 3881219.7500163116 80.0
507300.8197634335 3881220.0052271984 80.0
507301.00166656595 3881220.5487718103 80.0
507301.00166656595 3881220.5487718103 80.0
507301.00166656595 3881220.5487718103 80.0
507301.18380125804 3881220.803982704 80.0
507301.18380125804 3881220.803982704 80.0
507301.4021989808 3881221.3142873393 80.0
507301.4021989808 3881221.3142873393 80.0
507301.6299363432 3881221.547355339 80.0
507301.6299363432 3881221.547355339 80.0
507301.8576915095 3881221.7582438295 80.0
507301.8576915095 3881221.7582438295 80.0
507302.09456364124 3881221.9691396477 80.0
507302.09456364124 3881221.9691396477 80.0
507302.35856398114 3881222.4573014067 80.0
507302.35856398114 3881222.4573014067 80.0
507302.58631910774 3881222.668189914 80.0
507302.87766141386 3881223.16746342 80.0
507302.58631910774 3881222.668189914 80.0
507303.1963635248 3881223.655669149 80.0
507303.1963635248 3881223.655669149 80.0
507303.1963635248 3881223.655669149 80.0
507303.551560224 3881224.110634913 80.0
507303.551560224 3881224.110634913 80.0
507303.82491796993 3881224.2993805604 80.0
507303.82491796993 3881224.2993805604 80.0
507304.1892404963 3881224.7432639175 80.0
507304.1892404963 3881224.7432639175 80.0
507304.48082324734 3881224.943113994 80.0
507304.48082324734 3881224.943113994 80.0
507304.76329792413 3881225.131866995 80.0
507304.76329792413 3881225.131866995 80.0
507305.14586322784 3881225.5646752845 80.0
507305.4465718159 3881225.7534429603 80.0
507305.14586322784 3881225.5646752845 80.0
507305.4465718159 3881225.7534429603 80.0
507305.7199294754 3881225.942188663 80.0
507305.7199294754 3881225.942188663 80.0
507305.99327821075 3881226.1420241343 80.0
507306.266635845 3881226.330769855 80.0
507305.99327821075 3881226.1420241343 80.0
507306.266635845 3881226.330769855 80.0
507306.54911044164 3881226.519522911 80.0
507306.54911044164 3881226.519522911 80.0
507306.8407019954 3881226.7082833056 80.0
507306.8407019954 3881226.7082833056 80.0
507307.1322935395 3881226.8970437096 80.0
507307.5422273974 3881227.3076945697 80.0
507307.1322935395 3881226.8970437096 80.0
507307.5422273974 3881227.3076945697 80.0
507307.81559388415 3881227.485350578 80.0
507307.81559388415 3881227.485350578 80.0
507308.10720321164 3881227.6519314963 80.0
507308.10720321164 3881227.6519314963 80.0
507308.3896866448 3881227.829594852 80.0
507308.3896866448 3881227.829594852 80.0
507308.7086468629 3881227.996197778 80.0
507309.0002561599 3881228.1627787245 80.0
507308.7086468629 3881227.996197778 80.0
507309.3009734967 3881228.340456769 80.0
507309.3009734967 3881228.340456769 80.0
507309.3009734967 3881228.340456769 80.0
507309.59256493504 3881228.5292172525 80.0
507309.59256493504 3881228.5292172525 80.0
507309.87504831434 3881228.7068806547 80.0
507309.87504831434 3881228.7068806547 80.0
507310.1484147089 3881228.8845367343 80.0
507310.1484147089 3881228.8845367343 80.0
507310.41265520564 3881229.0732752485 80.0
507310.41265520564 3881229.0732752485 80.0
507310.7042555184 3881229.250946009 80.0
507310.7042555184 3881229.250946009 80.0
507310.9867299299 3881229.4396992056 80.0
507310.9867299299 3881229.4396992056 80.0
507311.25097931473 3881229.617347987 80.0
507311.25097931473 3881229.617347987 80.0
507311.5334537059 3881229.8061011992 80.0
507311.5334537059 3881229.8061011992 80.0
507311.80682003504 3881229.9837573287 80.0
507311.80682003504 3881229.9837573287 80.0
507312.07106046774 3881230.1724958923 80.0
507312.07106046774 3881230.1724958923 80.0
507312.3353098078 3881230.350144705 80.0
507312.59955913754 3881230.5277935257 80.0
507312.3353098078 3881230.350144705 80.0
507312.59955913754 3881230.5277935257 80.0
507312.8638173805 3881230.6943525947 80.0
507312.8638173805 3881230.6943525947 80.0
507313.1371747377 3881230.883098524 80.0
507313.41054100316 3881231.060754702 80.0
507313.1371747377 3881230.883098524 80.0
507313.41054100316 3881231.060754702 80.0
507313.69302422466 3881231.238418225 80.0
507313.69302422466 3881231.238418225 80.0
507313.95727350435 3881231.416067084 80.0
507313.95727350435 3881231.416067084 80.0
507314.2306397401 3881231.5937232864 80.0
507314.49489792227 3881231.760282405 80.0
507314.49489792227 3881231.760282405 80.0
507314.49489792227 3881231.760282405 80.0
507314.7591382453 3881231.9490210465 80.0
507314.7591382453 3881231.9490210465 80.0
507315.0233874812 3881232.1266699373 80.0
507315.0233874812 3881232.1266699373 80.0
507315.296762599 3881232.293236415 80.0
507315.296762599 3881232.293236415 80.0
507315.5610118145 3881232.4708853215 80.0
507315.5610118145 3881232.4708853215 80.0
507315.82526101964 3881232.6485342365 80.0
507315.82526101964 3881232.6485342365 80.0
507316.09862718417 3881232.8261904977 80.0
507316.37200225896 3881232.9927570075 80.0
507316.09862718417 3881232.8261904977 80.0
507316.37200225896 3881232.9927570075 80.0
507316.61801750126 3881233.1703912686 80.0
507316.61801750126 3881233.1703912686 80.0
507316.88226666773 3881233.3480402143 80.0
507317.1465158239 3881233.5256891684 80.0
507317.1465158239 3881233.5256891684 80.0
507317.1465158239 3881233.5256891684 80.0
507317.41076496977 3881233.7033381294 80.0
507317.41076496977 3881233.7033381294 80.0
507317.684131067 3881233.880994438 80.0
507317.9575060811 3881234.047560996 80.0
507317.684131067 3881233.880994438 80.0
507317.9575060811 3881234.047560996 80.0
507318.22176412377 3881234.214120222 80.0
507318.48601322627 3881234.3917692155 80.0
507318.48601322627 3881234.3917692155 80.0
507318.75026231847 3881234.569418215 80.0
507318.75026231847 3881234.569418215 80.0
507318.75026231847 3881234.569418215 80.0
507319.023637297 3881234.7359848046 80.0
507319.023637297 3881234.7359848046 80.0
507319.2878952978 3881234.9025440626 80.0
507319.55215328897 3881235.069103327 80.0
507319.55215328897 3881235.069103327 80.0
507319.55215328897 3881235.069103327 80.0
507319.83465412795 3881235.2245875234 80.0
507319.83465412795 3881235.2245875234 80.0
507320.1080290623 3881235.3911541477 80.0
507320.1080290623 3881235.3911541477 80.0
507320.3722870242 3881235.557713437 80.0
507320.3722870242 3881235.557713437 80.0
507320.63654498116 3881235.724272733 80.0
507320.63654498116 3881235.724272733 80.0
507320.9007939927 3881235.9019217966 80.0
507320.9007939927 3881235.9019217966 80.0
507321.1650519253 3881236.0684811096 80.0
507321.1650519253 3881236.0684811096 80.0
507321.4201928865 3881236.235033088 80.0
507321.6935677638 3881236.401599758 80.0
507321.4201928865 3881236.235033088 80.0
507321.6935677638 3881236.401599758 80.0
507321.96694262873 3881236.568166437 80.0
507322.2312005248 3881236.7347257803 80.0
507322.2312005248 3881236.7347257803 80.0
507322.49545840884 3881236.901285131 80.0
507322.2312005248 3881236.7347257803 80.0
507322.75971628557 3881237.067844492 80.0
507322.75971628557 3881237.067844492 80.0
507323.02397415024 3881237.234403859 80.0
507323.02397415024 3881237.234403859 80.0
507323.2882320053 3881237.400963233 80.0
507323.02397415024 3881237.234403859 80.0
507323.2882320053 3881237.400963233 80.0
507323.552489853 3881237.5675226147 80.0
507323.552489853 3881237.5675226147 80.0
507323.8258735858 3881237.722999592 80.0
507323.8258735858 3881237.722999592 80.0
507324.099248372 3881237.8895663354 80.0
507324.363515126 3881238.045035983 80.0
507324.099248372 3881237.8895663354 80.0
507324.363515126 3881238.045035983 80.0
507324.6368898927 3881238.211602742 80.0
507324.90114768984 3881238.3781621647 80.0
507324.90114768984 3881238.3781621647 80.0
507325.1654144159 3881238.533631834 80.0
507325.1654144159 3881238.533631834 80.0
507325.1654144159 3881238.533631834 80.0
507325.4296811306 3881238.6891015135 80.0
507325.4296811306 3881238.6891015135 80.0
507325.6939389017 3881238.855660959 80.0
507325.6939389017 3881238.855660959 80.0
507325.96732255927 3881239.011138 80.0
507326.2315892464 3881239.1666077026 80.0
507326.2315892464 3881239.1666077026 80.0
507326.5049639476 3881239.3331745183 80.0
507326.5049639476 3881239.3331745183 80.0
507326.76923061616 3881239.488644236 80.0
507326.76923061616 3881239.488644236 80.0
507326.76923061616 3881239.488644236 80.0
507327.0335062143 3881239.6330242027 80.0
507327.0335062143 3881239.6330242027 80.0
507327.2977728675 3881239.788493937 80.0
507327.2977728675 3881239.788493937 80.0
507327.5620305702 3881239.9550534356 80.0
507327.83542310237 3881240.099440774 80.0
507327.83542310237 3881240.099440774 80.0
507327.83542310237 3881240.099440774 80.0
507328.0996897283 3881240.2549105305 80.0
507328.0996897283 3881240.2549105305 80.0
507328.3730733004 3881240.410387646 80.0
507328.3730733004 3881240.410387646 80.0
507328.63734884636 3881240.5547676594 80.0
507328.91073240264 3881240.7102447893 80.0
507328.63734884636 3881240.5547676594 80.0
507329.17500793136 3881240.854624818 80.0
507329.17500793136 3881240.854624818 80.0
507329.4392745102 3881241.0100946147 80.0
507329.4392745102 3881241.0100946147 80.0
507329.4392745102 3881241.0100946147 80.0
507329.70355002413 3881241.154474659 80.0
507329.97693354415 3881241.3099518223 80.0
507329.70355002413 3881241.154474659 80.0
507330.24120904086 3881241.4543318823 80.0
507330.24120904086 3881241.4543318823 80.0
507330.24120904086 3881241.4543318823 80.0
507330.5145925404 3881241.6098090615 80.0
507330.5145925404 3881241.6098090615 80.0
507330.77886801754 3881241.754189138 80.0
507331.0522514989 3881241.909666333 80.0
507331.0522514989 3881241.909666333 80.0
507331.0522514989 3881241.909666333 80.0
507331.32564391935 3881242.0540537764 80.0
507331.5899104266 3881242.209523636 80.0
507331.32564391935 3881242.0540537764 80.0
507331.8541858716 3881242.3539037444 80.0
507331.8541858716 3881242.3539037444 80.0
507331.8541858716 3881242.3539037444 80.0
507332.12757826137 3881242.498291212 80.0
507332.3918536871 3881242.6426713364 80.0
507332.3918536871 3881242.6426713364 80.0
507332.3918536871 3881242.6426713364 80.0
507332.6652460597 3881242.78705882 80.0
507332.6652460597 3881242.78705882 80.0
507332.92952147085 3881242.9314389597 80.0
507332.92952147085 3881242.9314389597 80.0
507333.19379687135 3881243.075819106 80.0
507333.4580722658 3881243.2201992604 80.0
507333.4580722658 3881243.2201992604 80.0
507333.73146460636 3881243.364586778 80.0
507333.4580722658 3881243.2201992604 80.0
507333.73146460636 3881243.364586778 80.0
507333.9957399816 3881243.5089669493 80.0
507333.9957399816 3881243.5089669493 80.0
507334.2508983964 3881243.653339771 80.0
507334.52429965686 3881243.786637554 80.0
507334.52429965686 3881243.786637554 80.0
507334.52429965686 3881243.786637554 80.0
507334.78858395526 3881243.919927988 80.0
507335.05286824825 3881244.0532184304 80.0
507334.78858395526 3881243.919927988 80.0
507335.05286824825 3881244.0532184304 80.0
507335.3171435825 3881244.1975986385 80.0
507335.3171435825 3881244.1975986385 80.0
507335.58142785967 3881244.330889096 80.0
507335.58142785967 3881244.330889096 80.0
507335.8457031775 3881244.47526932 80.0
507335.8457031775 3881244.47526932 80.0
507336.10998743656 3881244.608559794 80.0
507336.365154737 3881244.7418429167 80.0
507336.365154737 3881244.7418429167 80.0
507336.365154737 3881244.7418429167 80.0
507336.6294300305 3881244.886223162 80.0
507336.6294300305 3881244.886223162 80.0
507336.90283122135 3881245.019521017 80.0
507336.90283122135 3881245.019521017 80.0
507337.1671244001 3881245.1417217636 80.0
507337.1671244001 3881245.1417217636 80.0
507337.4314086228 3881245.275012274 80.0
507337.4314086228 3881245.275012274 80.0
507337.69569283776 3881245.4083027937 80.0
507337.69569283776 3881245.4083027937 80.0
507337.9599770427 3881245.54159332 80.0
507337.9599770427 3881245.54159332 80.0
507338.21514428756 3881245.6748764953 80.0
507338.21514428756 3881245.6748764953 80.0
507338.4885454316 3881245.8081743973 80.0
507338.4885454316 3881245.8081743973 80.0
507338.7528296133 3881245.9414649494 80.0
507338.7528296133 3881245.9414649494 80.0
507339.0171227428 3881246.0636657476 80.0
507339.0171227428 3881246.0636657476 80.0
507339.27228995756 3881246.196948953 80.0
507339.27228995756 3881246.196948953 80.0
507339.5456910681 3881246.330246887 80.0
507339.5456910681 3881246.330246887 80.0
507339.80998417566 3881246.452447708 80.0
507339.80998417566 3881246.452447708 80.0
507340.07426831935 3881246.5857382976 80.0
507340.07426831935 3881246.5857382976 80.0
507340.32943550637 3881246.7190215318 80.0
507340.32943550637 3881246.7190215318 80.0
507340.59372858977 3881246.841222378 80.0
507340.59372858977 3881246.841222378 80.0
507340.84889576206 3881246.9745056266 80.0
507340.84889576206 3881246.9745056266 80.0
507341.1131888311 3881247.0967064877 80.0
507341.1131888311 3881247.0967064877 80.0
507341.37748189305 3881247.2189073553 80.0
507341.37748189305 3881247.2189073553 80.0
507341.63265799964 3881247.341100866 80.0
