507336.2552273439 3881155.014461999 30.0
507336.2552273439 3881155.014461999 30.0
507336.2552273439 3881155.014461999 30.0
507336.2552183943 3881155.0255517564 30.0
507336.26433543744 3881155.025559114 30.0
507336.26433543744 3881155.025559114 30.0
507336.26433543744 3881155.025559114 30.0
507336.26433543744 3881155.025559114 30.0
507336.26433543744 3881155.025559114 30.0
507336.2734524806 3881155.0255664717 30.0
507336.2734524806 3881155.0255664717 30.0
507336.2734524806 3881155.0255664717 30.0
507336.2734524806 3881155.0255664717 30.0
507336.2734524806 3881155.0255664717 30.0
507336.2825695261 3881155.025573829 30.0
507336.2825695261 3881155.025573829 30.0
507336.2825695261 3881155.025573829 30.0
507336.2825695261 3881155.025573829 30.0
507336.2825695261 3881155.025573829 30.0
507336.2916865693 3881155.0255811866 30.0
507336.2916865693 3881155.0255811866 30.0
507336.2916865693 3881155.0255811866 30.0
507336.2916865693 3881155.0255811866 30.0
507336.30080361245 3881155.0255885446 30.0
507336.30080361245 3881155.0255885446 30.0
507336.30080361245 3881155.0255885446 30.0
507336.30080361245 3881155.0255885446 30.0
507336.30080361245 3881155.0255885446 30.0
507336.3099206556 3881155.025595902 30.0
507336.3099206556 3881155.025595902 30.0
507336.3099206556 3881155.025595902 30.0
507336.3099206556 3881155.025595902 30.0
507336.3099206556 3881155.025595902 30.0
507336.3099206556 3881155.025595902 30.0
507336.3099206556 3881155.025595902 30.0
507336.3099206556 3881155.025595902 30.0
507336.3190466461 3881155.014513502 30.0
507336.3190466461 3881155.014513502 30.0
507336.3190466461 3881155.014513502 30.0
507336.3190466461 3881155.014513502 30.0
507336.3190466461 3881155.014513502 30.0
507336.3190466461 3881155.014513502 30.0
507336.3190466461 3881155.014513502 30.0
507336.3190466461 3881155.014513502 30.0
507336.3190466461 3881155.014513502 30.0
507336.3281636916 3881155.01452086 30.0
507336.3281636916 3881155.01452086 30.0
507336.3281636916 3881155.01452086 30.0
507336.3281636916 3881155.01452086 30.0
507336.3281636916 3881155.01452086 30.0
507336.3281636916 3881155.01452086 30.0
507336.3281726413 3881155.003431102 30.0
507336.3281726413 3881155.003431102 30.0
507336.3281726413 3881155.003431102 30.0
507336.3281726413 3881155.003431102 30.0
507336.3281726413 3881155.003431102 30.0
507336.3281726413 3881155.003431102 30.0
507336.33728968445 3881155.0034384592 30.0
507336.33728968445 3881155.0034384592 30.0
507336.33728968445 3881155.0034384592 30.0
507336.33728968445 3881155.0034384592 30.0
507336.33728968445 3881155.0034384592 30.0
507336.33728968445 3881155.0034384592 30.0
507336.33728968445 3881155.0034384592 30.0
507336.33728968445 3881155.0034384592 30.0
507336.33728968445 3881155.0034384592 30.0
507336.32818159094 3881154.9923413456 30.0
507336.32818159094 3881154.9923413456 30.0
507336.32818159094 3881154.9923413456 30.0
507336.32818159094 3881154.9923413456 30.0
507336.31907349505 3881154.9812442297 30.0
507336.31907349505 3881154.9812442297 30.0
507336.300839411 3881154.9812295143 30.0
507336.31907349505 3881154.9812442297 30.0
507336.300839411 3881154.9812295143 30.0
507336.29173131735 3881154.9701324 30.0
507336.2735061782 3881154.959027927 30.0
507336.29173131735 3881154.9701324 30.0
507336.25528104126 3881154.947923453 30.0
507336.25528104126 3881154.947923453 30.0
507336.25528104126 3881154.947923453 30.0
507336.2461640003 3881154.947916096 30.0
507336.2461640003 3881154.947916096 30.0
507336.2370559043 3881154.9368189806 30.0
507336.2188307673 3881154.9257145086 30.0
507336.2188307673 3881154.9257145086 30.0
507336.2188307673 3881154.9257145086 30.0
507336.2097226735 3881154.914617393 30.0
507336.2097226735 3881154.914617393 30.0
507336.2006056303 3881154.9146100357 30.0
507336.2006056303 3881154.9146100357 30.0
507336.19149753416 3881154.9035129216 30.0
507336.173272397 3881154.8924084487 30.0
507336.173272397 3881154.8924084487 30.0
507336.1550472622 3881154.881303976 30.0
507336.1550472622 3881154.881303976 30.0
507336.1550472622 3881154.881303976 30.0
507336.1277050793 3881154.870192146 30.0
507336.09125480475 3881154.8479832024 30.0
507336.09125480475 3881154.8479832024 30.0
507336.0456874843 3881154.8257669 30.0
507336.0456874843 3881154.8257669 30.0
507335.9910031226 3881154.8035432408 30.0
507335.9910031226 3881154.8035432408 30.0
507335.9910031226 3881154.8035432408 30.0
507335.91809362057 3881154.7702151113 30.0
507335.8451930671 3881154.7257972243 30.0
507335.8451930671 3881154.7257972243 30.0
507335.8451930671 3881154.7257972243 30.0
507335.7449413824 3881154.6813572645 30.0
507335.7449413824 3881154.6813572645 30.0
507335.64469864784 3881154.6258275514 30.0
507335.52622182015 3881154.5702831247 30.0
507335.52622182015 3881154.5702831247 30.0
507335.52622182015 3881154.5702831247 30.0
507335.4077539419 3881154.503648942 30.0
507335.4077539419 3881154.503648942 30.0
507335.2710609227 3881154.4259102894 30.0
507335.1252508574 3881154.3481642823 30.0
507335.2710609227 3881154.4259102894 30.0
507334.9703237433 3881154.2704109224 30.0
507334.9703237433 3881154.2704109224 30.0
507334.81540557666 3881154.1815678077 30.0
507334.81540557666 3881154.1815678077 30.0
507334.65137036063 3881154.0927173407 30.0
507334.65137036063 3881154.0927173407 30.0
507334.4873351414 3881154.003866873 30.0
507334.65137036063 3881154.0927173407 30.0
507334.4873351414 3881154.003866873 30.0
507334.3141918242 3881153.9039192987 30.0
507334.3141918242 3881153.9039192987 30.0
507334.13193145645 3881153.803964371 30.0
507334.13193145645 3881153.803964371 30.0
507333.94967108703 3881153.7040094472 30.0
507333.94967108703 3881153.7040094472 30.0
507333.76741071127 3881153.604054527 30.0
507333.76741071127 3881153.604054527 30.0
507333.5851503339 3881153.50409961 30.0
507333.39378184907 3881153.393047584 30.0
507333.39378184907 3881153.393047584 30.0
507333.39378184907 3881153.393047584 30.0
507333.21152146335 3881153.2930926774 30.0
507333.0201529742 3881153.1820406592 30.0
507333.0201529742 3881153.1820406592 30.0
507333.0201529742 3881153.1820406592 30.0
507332.8287755304 3881153.082078403 30.0
507332.63740703213 3881152.9710263936 30.0
507332.63740703213 3881152.9710263936 30.0
507332.63740703213 3881152.9710263936 30.0
507332.4460385269 3881152.85997439 30.0
507332.24555297155 3881152.7489150343 30.0
507332.24555297155 3881152.7489150343 30.0
507332.24555297155 3881152.7489150343 30.0
507332.04506741127 3881152.637855684 30.0
507331.8354648028 3881152.5267889868 30.0
507331.8354648028 3881152.5267889868 30.0
507331.8354648028 3881152.5267889868 30.0
507331.6258621869 3881152.4157222933 30.0
507331.42537660943 3881152.3046629564 30.0
507331.42537660943 3881152.3046629564 30.0
507331.2248910317 3881152.193603625 30.0
507331.42537660943 3881152.3046629564 30.0
507331.2248910317 3881152.193603625 30.0
507331.03352249286 3881152.08255165 30.0
507331.03352249286 3881152.08255165 30.0
507330.84214500646 3881151.9825894353 30.0
507330.84214500646 3881151.9825894353 30.0
507330.6598845644 3881151.8826345787 30.0
507330.6598845644 3881151.8826345787 30.0
507330.4776241138 3881151.782679724 30.0
507330.4776241138 3881151.782679724 30.0
507330.2953547215 3881151.6938146316 30.0
507330.2953547215 3881151.6938146316 30.0
507330.12221131194 3881151.5938671366 30.0
507330.12221131194 3881151.5938671366 30.0
507329.94905895676 3881151.505009402 30.0
507329.7759155422 3881151.405061913 30.0
507329.7759155422 3881151.405061913 30.0
507329.7759155422 3881151.405061913 30.0
507329.61188022926 3881151.3162115356 30.0
507329.61188022926 3881151.3162115356 30.0
507329.43872786383 3881151.227353812 30.0
507329.43872786383 3881151.227353812 30.0
507329.25645844796 3881151.13848874 30.0
507329.25645844796 3881151.13848874 30.0
507329.08330607566 3881151.049631022 30.0
507329.08330607566 3881151.049631022 30.0
507328.8919285484 3881150.94966885 30.0
507328.709668062 3881150.8497140314 30.0
507328.709668062 3881150.8497140314 30.0
507328.50916453655 3881150.7608342753 30.0
507328.50916453655 3881150.7608342753 30.0
507328.50916453655 3881150.7608342753 30.0
507328.31778699695 3881150.660872116 30.0
507328.31778699695 3881150.660872116 30.0
507328.1264094508 3881150.560909959 30.0
507328.1264094508 3881150.560909959 30.0
507327.9350319005 3881150.460947808 30.0
507327.9350319005 3881150.460947808 30.0
507327.74365434825 3881150.36098566 30.0
507327.5613938374 3881150.261030865 30.0
507327.5613938374 3881150.261030865 30.0
507327.37913332257 3881150.1610760717 30.0
507327.37913332257 3881150.1610760717 30.0
507327.37913332257 3881150.1610760717 30.0
507327.18774681713 3881150.0722036944 30.0
507327.18774681713 3881150.0722036944 30.0
507327.0054862968 3881149.9722489105 30.0
507327.0054862968 3881149.9722489105 30.0
507326.823216832 3881149.883383887 30.0
507326.6318392531 3881149.7834217628 30.0
507326.6318392531 3881149.7834217628 30.0
507326.6318392531 3881149.7834217628 30.0
507326.4495787185 3881149.6834669895 30.0
507326.4495787185 3881149.6834669895 30.0
507326.25820113363 3881149.5835048743 30.0
507326.25820113363 3881149.5835048743 30.0
507326.0668235399 3881149.483542761 30.0
507326.0668235399 3881149.483542761 30.0
507325.8663288978 3881149.3835733053 30.0
507325.8663288978 3881149.3835733053 30.0
507325.6567172001 3881149.2835965063 30.0
507325.44711443415 3881149.1725299573 30.0
507325.6567172001 3881149.2835965063 30.0
507325.44711443415 3881149.1725299573 30.0
507325.2283946139 3881149.0614560647 30.0
507325.0187918376 3881148.9503895235 30.0
507325.0187918376 3881148.9503895235 30.0
507325.0187918376 3881148.9503895235 30.0
507324.7909549575 3881148.839308296 30.0
507324.7909549575 3881148.839308296 30.0
507324.5722351212 3881148.7282344187 30.0
507324.5722351212 3881148.7282344187 30.0
507324.3443982301 3881148.617153203 30.0
507324.3443982301 3881148.617153203 30.0
507324.1256783831 3881148.5060793376 30.0
507324.1256783831 3881148.5060793376 30.0
507323.89783254644 3881148.4060878903 30.0
507323.6882208046 3881148.3061111383 30.0
507323.89783254644 3881148.4060878903 30.0
507323.6882208046 3881148.3061111383 30.0
507323.4694920082 3881148.2061270447 30.0
507323.4694920082 3881148.2061270447 30.0
507323.2689973071 3881148.106157647 30.0
507323.2689973071 3881148.106157647 30.0
507323.0684936682 3881148.0172780114 30.0
507323.0684936682 3881148.0172780114 30.0
507322.8771160089 3881147.9173159655 30.0
507322.8771160089 3881147.9173159655 30.0
507322.6857204817 3881147.8395334384 30.0
507322.6857204817 3881147.8395334384 30.0
507322.50345093204 3881147.7506685033 30.0
507322.3302894992 3881147.6729006725 30.0
507322.50345093204 3881147.7506685033 30.0
507322.3302894992 3881147.6729006725 30.0
507322.15712806105 3881147.5951328445 30.0
507322.15712806105 3881147.5951328445 30.0
507321.99307473854 3881147.5284621203 30.0
507321.99307473854 3881147.5284621203 30.0
507321.8290214136 3881147.4617914003 30.0
507321.8290214136 3881147.4617914003 30.0
507321.67408513936 3881147.3951280243 30.0
507321.5191488628 3881147.328464652 30.0
507321.67408513936 3881147.3951280243 30.0
507321.5191488628 3881147.328464652 30.0
507321.36421258404 3881147.261801283 30.0
507321.36421258404 3881147.261801283 30.0
507321.20016818086 3881147.184040814 30.0
507321.0361148439 3881147.117370108 30.0
507321.0361148439 3881147.117370108 30.0
507320.8720704353 3881147.0396096474 30.0
507320.8720704353 3881147.0396096474 30.0
507320.69890004443 3881146.9729316044 30.0
507320.69890004443 3881146.9729316044 30.0
507320.69890004443 3881146.9729316044 30.0
507320.51661259745 3881146.906246224 30.0
507320.3343251501 3881146.839560846 30.0
507320.3343251501 3881146.839560846 30.0
507320.3343251501 3881146.839560846 30.0
507320.1338035926 3881146.7728607897 30.0
507319.9332820368 3881146.7061607377 30.0
507319.9332820368 3881146.7061607377 30.0
507319.7236434242 3881146.6394533496 30.0
507319.7236434242 3881146.6394533496 30.0
507319.51400480856 3881146.572745965 30.0
507319.7236434242 3881146.6394533496 30.0
507319.51400480856 3881146.572745965 30.0
507319.2861231576 3881146.517113662 30.0
507319.2861231576 3881146.517113662 30.0
507319.0491244521 3881146.4614740256 30.0
507319.0491244521 3881146.4614740256 30.0
507318.8121257438 3881146.405834394 30.0
507318.8121257438 3881146.405834394 30.0
507318.5660010504 3881146.361277187 30.0
507318.5660010504 3881146.361277187 30.0
507318.31075930514 3881146.316712646 30.0
507318.06463460927 3881146.2721554525 30.0
507318.06463460927 3881146.2721554525 30.0
507317.80938392965 3881146.238680684 30.0
507317.80938392965 3881146.238680684 30.0
507317.80938392965 3881146.238680684 30.0
507317.5632503025 3881146.2052132604 30.0
507317.3079906951 3881146.182828263 30.0
507317.3079906951 3881146.182828263 30.0
507317.3079906951 3881146.182828263 30.0
507316.84306566045 3881146.1270052227 30.0
507316.58777927246 3881146.137889518 30.0
507316.58777927246 3881146.137889518 30.0
507316.3507269892 3881146.148788494 30.0
507316.3507269892 3881146.148788494 30.0
507316.3507269892 3881146.148788494 30.0
507316.1227828313 3881146.1707845717 30.0
507316.1227828313 3881146.1707845717 30.0
507315.8948476015 3881146.1816908983 30.0
507315.8948476015 3881146.1816908983 30.0
507315.6760115754 3881146.2147840816 30.0
507315.6760115754 3881146.2147840816 30.0
507315.4754096571 3881146.2478919434 30.0
507315.27480773797 3881146.280999811 30.0
507315.4754096571 3881146.2478919434 30.0
507315.27480773797 3881146.280999811 30.0
507315.0833228721 3881146.314115017 30.0
507314.9009461361 3881146.3583273226 30.0
507314.9009461361 3881146.3583273226 30.0
507314.9009461361 3881146.3583273226 30.0
507314.7368035077 3881146.402554303 30.0
507314.5726608786 3881146.4467812856 30.0
507314.5726608786 3881146.4467812856 30.0
507314.4267434339 3881146.5021127025 30.0
507314.4267434339 3881146.5021127025 30.0
507314.2808349114 3881146.546354362 30.0
507314.2808349114 3881146.546354362 30.0
507314.2808349114 3881146.546354362 30.0
507314.15316049586 3881146.590610695 30.0
507314.02547715907 3881146.645956785 30.0
507314.15316049586 3881146.590610695 30.0
507314.02547715907 3881146.645956785 30.0
507313.90691979765 3881146.690220458 30.0
507313.90691979765 3881146.690220458 30.0
507313.7974705667 3881146.7455812236 30.0
507313.7974705667 3881146.7455812236 30.0
507313.6880302591 3881146.789852233 30.0
507313.57858103066 3881146.845213001 30.0
507313.57858103066 3881146.845213001 30.0
507313.46913180355 3881146.9005737714 30.0
507313.46913180355 3881146.9005737714 30.0
507313.36879962904 3881146.955941876 30.0
507313.36879962904 3881146.955941876 30.0
507313.25935040455 3881147.011302649 30.0
507313.36879962904 3881146.955941876 30.0
507313.25935040455 3881147.011302649 30.0
507313.14989226003 3881147.077753179 30.0
507313.14989226003 3881147.077753179 30.0
507313.04044303834 3881147.1331139547 30.0
507312.92186784593 3881147.199557153 30.0
507312.92186784593 3881147.199557153 30.0
507312.92186784593 3881147.199557153 30.0
507312.80329265294 3881147.2660003547 30.0
507312.6847174663 3881147.332443557 30.0
507312.80329265294 3881147.2660003547 30.0
507312.6847174663 3881147.332443557 30.0
507312.5570163077 3881147.409969184 30.0
507312.5570163077 3881147.409969184 30.0
507312.42019810056 3881147.4874874805 30.0
507312.42019810056 3881147.4874874805 30.0
507312.2833798958 3881147.5650057765 30.0
507312.2833798958 3881147.5650057765 30.0
507312.13743572036 3881147.653606502 30.0
507312.13743572036 3881147.653606502 30.0
507311.99148263014 3881147.7532969853 30.0
507311.99148263014 3881147.7532969853 30.0
507311.83641249046 3881147.8529801373 30.0
507311.83641249046 3881147.8529801373 30.0
507311.681333437 3881147.9637530497 30.0
507311.51713733486 3881148.0745186326 30.0
507311.681333437 3881147.9637530497 30.0
507311.51713733486 3881148.0745186326 30.0
507311.35293231753 3881148.1963739754 30.0
507311.18872730463 3881148.318229321 30.0
507311.18872730463 3881148.318229321 30.0
507311.024513382 3881148.4511744273 30.0
507311.18872730463 3881148.318229321 30.0
507311.024513382 3881148.4511744273 30.0
507310.86029945954 3881148.5841195364 30.0
507310.86029945954 3881148.5841195364 30.0
507310.70519367297 3881148.7281617387 30.0
507310.5500878936 3881148.872203941 30.0
507310.5500878936 3881148.872203941 30.0
507310.3949821169 3881149.016246149 30.0
507310.3949821169 3881149.016246149 30.0
507310.3949821169 3881149.016246149 30.0
507310.24898447853 3881149.1713854475 30.0
507310.24898447853 3881149.1713854475 30.0
507310.1029868452 3881149.326524748 30.0
507310.1029868452 3881149.326524748 30.0
507309.9569892145 3881149.4816640504 30.0
507309.9569892145 3881149.4816640504 30.0
507309.82011755696 3881149.62572093 30.0
507309.82011755696 3881149.62572093 30.0
507309.69234511786 3881149.791964656 30.0
507309.69234511786 3881149.791964656 30.0
507309.5645816004 3881149.947118628 30.0
507309.5645816004 3881149.947118628 30.0
507309.4459262185 3881150.1133696893 30.0
507309.4459262185 3881150.1133696893 30.0
507309.3364057223 3881150.257448567 30.0
507309.2268763129 3881150.412617205 30.0
507309.2268763129 3881150.412617205 30.0
507309.2268763129 3881150.412617205 30.0
507309.1264550385 3881150.5788829313 30.0
507309.1264550385 3881150.5788829313 30.0
507309.02605160035 3881150.7229691446 30.0
507308.93475629645 3881150.878152444 30.0
507308.93475629645 3881150.878152444 30.0
507308.93475629645 3881150.878152444 30.0
507308.83434395085 3881151.0333284168 30.0
507308.83434395085 3881151.0333284168 30.0
507308.7521657003 3881151.1885190504 30.0
507308.7521657003 3881151.1885190504 30.0
507308.66998745257 3881151.3437096844 30.0
507308.66998745257 3881151.3437096844 30.0
507308.5878092077 3881151.498900319 30.0
507308.514748012 3881151.654098285 30.0
507308.514748012 3881151.654098285 30.0
507308.44168682117 3881151.809296251 30.0
507308.44168682117 3881151.809296251 30.0
507308.44168682117 3881151.809296251 30.0
507308.3777337612 3881151.9755913047 30.0
507308.3777337612 3881151.9755913047 30.0
507308.3137896213 3881152.130796601 30.0
507308.2589536094 3881152.2970989854 30.0
507308.2589536094 3881152.2970989854 30.0
507308.2589536094 3881152.2970989854 30.0
507308.21324356523 3881152.4523189417 30.0
507308.21324356523 3881152.4523189417 30.0
507308.1584075617 3881152.618621325 30.0
507308.12180564867 3881152.7849383703 30.0
507308.12180564867 3881152.7849383703 30.0
507308.0760777789 3881152.9623378413 30.0
507308.0760777789 3881152.9623378413 30.0
507308.0760777789 3881152.9623378413 30.0
507308.03946695355 3881153.1397446445 30.0
507308.00285613426 3881153.317151446 30.0
507308.00285613426 3881153.317151446 30.0
507307.9662363967 3881153.505648004 30.0
507307.9662363967 3881153.505648004 30.0
507307.9662363967 3881153.505648004 30.0
507307.92961666296 3881153.6941445637 30.0
507307.92961666296 3881153.6941445637 30.0
507307.9021139727 3881153.8826484536 30.0
507307.9021139727 3881153.8826484536 30.0
507307.8837194173 3881154.0822494286 30.0
507307.8837194173 3881154.0822494286 30.0
507307.8653248581 3881154.2818504046 30.0
507307.8560473457 3881154.48145871 30.0
507307.8653248581 3881154.2818504046 30.0
507307.8560473457 3881154.48145871 30.0
507307.8376527902 3881154.681059686 30.0
507307.8376527902 3881154.681059686 30.0
507307.8192582331 3881154.8806606615 30.0
507307.8099807246 3881155.0802689674 30.0
507307.8099807246 3881155.0802689674 30.0
507307.79158617125 3881155.2798699425 30.0
507307.79158617125 3881155.2798699425 30.0
507307.79158617125 3881155.2798699425 30.0
507307.7731827016 3881155.4905606755 30.0
507307.7731827016 3881155.4905606755 30.0
507307.7638962775 3881155.7012587385 30.0
507307.7638962775 3881155.7012587385 30.0
507307.75460985384 3881155.911956802 30.0
507307.75460985384 3881155.911956802 30.0
507307.73619747383 3881156.133737293 30.0
507307.73619747383 3881156.133737293 30.0
507307.72691996593 3881156.333345598 30.0
507307.71763354377 3881156.5440436616 30.0
507307.72691996593 3881156.333345598 30.0
507307.71763354377 3881156.5440436616 30.0
507307.6992389953 3881156.743644639 30.0
507307.6808355306 3881156.9543353724 30.0
507307.6808355306 3881156.9543353724 30.0
507307.6808355306 3881156.9543353724 30.0
507307.6715669395 3881157.1428539213 30.0
507307.6531813102 3881157.3313651406 30.0
507307.6531813102 3881157.3313651406 30.0
507307.6531813102 3881157.3313651406 30.0
507307.6347956771 3881157.51987636 30.0
507307.616410047 3881157.7083875807 30.0
507307.616410047 3881157.7083875807 30.0
507307.616410047 3881157.7083875807 30.0
507307.59803332994 3881157.885809041 30.0
507307.59803332994 3881157.885809041 30.0
507307.58878257294 3881158.0521480753 30.0
507307.58878257294 3881158.0521480753 30.0
507307.57040585944 3881158.2295695385 30.0
507307.56115510094 3881158.3959085722 30.0
507307.56115510094 3881158.3959085722 30.0
507307.56115510094 3881158.3959085722 30.0
507307.5427873009 3881158.562240276 30.0
507307.5427873009 3881158.562240276 30.0
507307.5335365432 3881158.7285793102 30.0
507307.5335365432 3881158.7285793102 30.0
507307.52427687135 3881158.906008102 30.0
507307.52427687135 3881158.906008102 30.0
507307.51502611436 3881159.0723471367 30.0
507307.51502611436 3881159.0723471367 30.0
507307.49665831873 3881159.238678842 30.0
507307.49665831873 3881159.238678842 30.0
507307.48740756256 3881159.4050178756 30.0
507307.4781568067 3881159.5713569093 30.0
507307.48740756256 3881159.4050178756 30.0
507307.4689060489 3881159.737695945 30.0
507307.4689060489 3881159.737695945 30.0
507307.4689060489 3881159.737695945 30.0
507307.4687812464 3881159.8929525493 30.0
507307.4687812464 3881159.8929525493 30.0
507307.4595304914 3881160.0592915835 30.0
507307.4502886511 3881160.214540861 30.0
507307.4595304914 3881160.0592915835 30.0
507307.4502886511 3881160.214540861 30.0
507307.44104681344 3881160.369790137 30.0
507307.44104681344 3881160.369790137 30.0
507307.4409220114 3881160.5250467425 30.0
507307.4409220114 3881160.5250467425 30.0
507307.4316890863 3881160.6692062626 30.0
507307.4316890863 3881160.6692062626 30.0
507307.4224472448 3881160.8244555397 30.0
507307.4224472448 3881160.8244555397 30.0
507307.42232244305 3881160.9797121454 30.0
507307.42232244305 3881160.9797121454 30.0
507307.4130806043 3881161.134961423 30.0
507307.4129468883 3881161.301307786 30.0
507307.4130806043 3881161.134961423 30.0
507307.4129468883 3881161.301307786 30.0
507307.41282208666 3881161.456564391 30.0
507307.41282208666 3881161.456564391 30.0
507307.41269728506 3881161.6118209963 30.0
507307.41269728506 3881161.6118209963 30.0
507307.412563569 3881161.7781673614 30.0
507307.42154688924 3881161.9445210528 30.0
507307.412563569 3881161.7781673614 30.0
507307.42154688924 3881161.9445210528 30.0
507307.421413173 3881162.1108674156 30.0
507307.421413173 3881162.1108674156 30.0
507307.4303875806 3881162.288310866 30.0
507307.4393619854 3881162.4657543153 30.0
507307.4393619854 3881162.4657543153 30.0
507307.4393619854 3881162.4657543153 30.0
507307.44833638764 3881162.6431977646 30.0
507307.4573018773 3881162.831730974 30.0
507307.4573018773 3881162.831730974 30.0
507307.4573018773 3881162.831730974 30.0
507307.4753933185 3881163.0091817514 30.0
507307.4753933185 3881163.0091817514 30.0
507307.49346692767 3881163.208812046 30.0
507307.5115494506 3881163.3973525814 30.0
507307.5115494506 3881163.3973525814 30.0
507307.5115494506 3881163.3973525814 30.0
507307.5296230581 3881163.596982876 30.0
507307.5476966649 3881163.79661317 30.0
507307.5296230581 3881163.596982876 30.0
507307.5476966649 3881163.79661317 30.0
507307.5748783927 3881164.007340552 30.0
507307.6020690315 3881164.2069781753 30.0
507307.6020690315 3881164.2069781753 30.0
507307.6020690315 3881164.2069781753 30.0
507307.6292507544 3881164.417705555 30.0
507307.6292507544 3881164.417705555 30.0
507307.65643247846 3881164.628432936 30.0
507307.65643247846 3881164.628432936 30.0
507307.68361419655 3881164.8391603185 30.0
507307.68361419655 3881164.8391603185 30.0
507307.71992186585 3881165.03880527 30.0
507307.7471124983 3881165.2384428955 30.0
507307.7471124983 3881165.2384428955 30.0
507307.7743031319 3881165.4380805185 30.0
507307.7743031319 3881165.4380805185 30.0
507307.801493762 3881165.6377181434 30.0
507307.801493762 3881165.6377181434 30.0
507307.801493762 3881165.6377181434 30.0
507307.8286933058 3881165.8262660103 30.0
507307.8286933058 3881165.8262660103 30.0
507307.8650187978 3881166.0037314496 30.0
507307.89222725184 3881166.1811895575 30.0
507307.89222725184 3881166.1811895575 30.0
507307.89222725184 3881166.1811895575 30.0
507307.92856165627 3881166.3475652398 30.0
507307.92856165627 3881166.3475652398 30.0
507307.9557790254 3881166.5139335915 30.0
507307.9557790254 3881166.5139335915 30.0
507307.98300530866 3881166.6692121867 30.0
507307.98300530866 3881166.6692121867 30.0
507308.01934862457 3881166.82449811 30.0
507308.01934862457 3881166.82449811 30.0
507308.04658382095 3881166.9686869467 30.0
507308.04658382095 3881166.9686869467 30.0
507308.0738279317 3881167.1017860267 30.0
507308.10107204167 3881167.2348851063 30.0
507308.10107204167 3881167.2348851063 30.0
507308.1192169506 3881167.3457973422 30.0
507308.1192169506 3881167.3457973422 30.0
507308.1464699768 3881167.467806664 30.0
507308.1464699768 3881167.467806664 30.0
507308.16461488703 3881167.5787189007 30.0
507308.16461488703 3881167.5787189007 30.0
507308.1827687076 3881167.6785413786 30.0
507308.1827687076 3881167.6785413786 30.0
507308.1827687076 3881167.6785413786 30.0
507308.19180549966 3881167.7783565265 30.0
507308.19180549966 3881167.7783565265 30.0
507308.20996823953 3881167.867089246 30.0
507308.2281398921 3881167.9447322087 30.0
507308.2281398921 3881167.9447322087 30.0
507308.2371945143 3881168.022367842 30.0
507308.2371945143 3881168.022367842 30.0
507308.25536616636 3881168.1000108044 30.0
507308.2371945143 3881168.022367842 30.0
507308.2644297036 3881168.1665566796 30.0
507308.2644297036 3881168.1665566796 30.0
507308.2644297036 3881168.1665566796 30.0
507308.2826013551 3881168.244199644 30.0
507308.2826013551 3881168.244199644 30.0
507308.29166489205 3881168.310745519 30.0
507308.29166489205 3881168.310745519 30.0
507308.3098365454 3881168.3883884815 30.0
507308.3098365454 3881168.3883884815 30.0
507308.3280081937 3881168.466031444 30.0
507308.3280081937 3881168.466031444 30.0
507308.34618876193 3881168.5325846486 30.0
507308.34618876193 3881168.5325846486 30.0
507308.36436041206 3881168.6102276123 30.0
507308.36436041206 3881168.6102276123 30.0
507308.3825320641 3881168.687870576 30.0
507308.3825320641 3881168.687870576 30.0
507308.40981182497 3881168.776610626 30.0
507308.40981182497 3881168.776610626 30.0
507308.4370915899 3881168.8653506753 30.0
507308.45525432285 3881168.954083398 30.0
507308.45525432285 3881168.954083398 30.0
507308.45525432285 3881168.954083398 30.0
507308.4916421978 3881169.053920535 30.0
507308.51890412957 3881169.1648401013 30.0
507308.4916421978 3881169.053920535 30.0
507308.51890412957 3881169.1648401013 30.0
507308.546166056 3881169.275759668 30.0
507308.546166056 3881169.275759668 30.0
507308.5825360993 3881169.3977763215 30.0
507308.5825360993 3881169.3977763215 30.0
507308.628014252 3881169.5308900634 30.0
507308.6734924056 3881169.664003804 30.0
507308.6734924056 3881169.664003804 30.0
507308.7189616396 3881169.808207304 30.0
507308.7189616396 3881169.808207304 30.0
507308.7189616396 3881169.808207304 30.0
507308.80078307755 3881170.096606974 30.0
507308.80078307755 3881170.096606974 30.0
507308.86446853296 3881170.2630046504 30.0
507309.98539035 3881170.8516634833 30.0
507309.98539035 3881170.8516634833 30.0
507309.98539035 3881170.8516634833 30.0
507310.03085955716 3881170.9958669897 30.0
507310.03085955716 3881170.9958669897 30.0
507310.0763198452 3881171.151160255 30.0
507310.0763198452 3881171.151160255 30.0
507310.1217712163 3881171.3175432775 30.0
507310.1763485301 3881171.4728438733 30.0
507310.1217712163 3881171.3175432775 30.0
507310.1763485301 3881171.4728438733 30.0
507310.21270070696 3881171.61704005 30.0
507310.21270070696 3881171.61704005 30.0
507310.2581699067 3881171.7612435576 30.0
507310.2581699067 3881171.7612435576 30.0
507310.2945309944 3881171.8943499764 30.0
507310.3308920856 3881172.0274563967 30.0
507310.3308920856 3881172.0274563967 30.0
507310.3308920856 3881172.0274563967 30.0
507310.36726209155 3881172.1494730585 30.0
507310.4127491246 3881172.27149705 30.0
507310.4127491246 3881172.27149705 30.0
507310.4127491246 3881172.27149705 30.0
507310.4491191284 3881172.3935137126 30.0
507310.4491191284 3881172.3935137126 30.0
507310.494597241 3881172.5266274638 30.0
507310.494597241 3881172.5266274638 30.0
507310.5400664316 3881172.6708309744 30.0
507310.5855356208 3881172.8150344826 30.0
507310.5855356208 3881172.8150344826 30.0
507310.5855356208 3881172.8150344826 30.0
507310.6401039993 3881172.98142484 30.0
507310.6401039993 3881172.98142484 30.0
507310.7037894007 3881173.147822531 30.0
507310.7037894007 3881173.147822531 30.0
507310.7583399356 3881173.336392404 30.0
507310.82201641373 3881173.5138798533 30.0
507310.82201641373 3881173.5138798533 30.0
507310.82201641373 3881173.5138798533 30.0
507310.88567504974 3881173.713546818 30.0
507310.94934260164 3881173.9021240254 30.0
507310.94934260164 3881173.9021240254 30.0
507311.0130012368 3881174.101790991 30.0
507311.0130012368 3881174.101790991 30.0
507311.0130012368 3881174.101790991 30.0
507311.0766598644 3881174.301457957 30.0
507311.0766598644 3881174.301457957 30.0
507311.13121038687 3881174.490027832 30.0
507311.1948868473 3881174.6675152844 30.0
507311.1948868473 3881174.6675152844 30.0
507311.1948868473 3881174.6675152844 30.0
507311.2494552011 3881174.8339056456 30.0
507311.2494552011 3881174.8339056456 30.0
507311.3040324767 3881174.9892062503 30.0
507311.3040324767 3881174.9892062503 30.0
507311.35860974574 3881175.1445068545 30.0
507311.35860974574 3881175.1445068545 30.0
507311.4040789094 3881175.2887103693 30.0
507311.44954807404 3881175.4329138836 30.0
507311.44954807404 3881175.4329138836 30.0
507311.44954807404 3881175.4329138836 30.0
507311.5041520962 3881175.5549452156 30.0
507311.5496212556 3881175.699148732 30.0
507311.5041520962 3881175.5549452156 30.0
507311.5496212556 3881175.699148732 30.0
507311.60421635763 3881175.8322698222 30.0
507311.60421635763 3881175.8322698222 30.0
507311.6496944359 3881175.9653835795 30.0
507311.6496944359 3881175.9653835795 30.0
507311.6951725105 3881176.0984973386 30.0
507311.6951725105 3881176.0984973386 30.0
507311.749767608 3881176.23161843 30.0
507311.7952545996 3881176.3536424306 30.0
507311.7952545996 3881176.3536424306 30.0
507311.8316245684 3881176.4756591 30.0
507311.8316245684 3881176.4756591 30.0
507311.8316245684 3881176.4756591 30.0
507311.86800345837 3881176.5865860106 30.0
507311.86800345837 3881176.5865860106 30.0
507311.9043823428 3881176.6975129205 30.0
507311.9316531297 3881176.797342741 30.0
507311.9316531297 3881176.797342741 30.0
507311.95893283596 3881176.8860828024 30.0
507311.95893283596 3881176.8860828024 30.0
507311.95893283596 3881176.8860828024 30.0
507311.98621253704 3881176.9748228653 30.0
507311.98621253704 3881176.9748228653 30.0
507312.01349224226 3881177.063562928 30.0
507312.01349224226 3881177.063562928 30.0
507312.0407719469 3881177.15230299 30.0
507312.0407719469 3881177.15230299 30.0
507312.0680605665 3881177.229953294 30.0
507312.0680605665 3881177.229953294 30.0
507312.09534027014 3881177.318693358 30.0
507312.09534027014 3881177.318693358 30.0
507312.13172807137 3881177.418530511 30.0
507312.13172807137 3881177.418530511 30.0
507312.158989931 3881177.529450089 30.0
507312.1953598901 3881177.65146676 30.0
507312.1953598901 3881177.65146676 30.0
507312.23172093026 3881177.784573188 30.0
507312.23172093026 3881177.784573188 30.0
507312.23172093026 3881177.784573188 30.0
507312.26808196935 3881177.9176796153 30.0
507312.3135421842 3881178.072972894 30.0
507312.3135421842 3881178.072972894 30.0
507312.358993477 3881178.239355929 30.0
507312.3135421842 3881178.072972894 30.0
507312.358993477 3881178.239355929 30.0
507312.3953277508 3881178.4057316314 30.0
507312.3953277508 3881178.4057316314 30.0
507312.44077011984 3881178.5832044254 30.0
507312.44077011984 3881178.5832044254 30.0
507312.4953205858 3881178.771774312 30.0
507312.4953205858 3881178.771774312 30.0
507312.54075403267 3881178.9603368626 30.0
507312.59530449426 3881179.1489067506 30.0
507312.59530449426 3881179.1489067506 30.0
507312.59530449426 3881179.1489067506 30.0
507312.6407379348 3881179.337469302 30.0
507312.6407379348 3881179.337469302 30.0
507312.68618029665 3881179.514942099 30.0
507312.68618029665 3881179.514942099 30.0
507312.72250563605 3881179.6924075605 30.0
507312.74972287903 3881179.85877593 30.0
507312.72250563605 3881179.6924075605 30.0
507312.74972287903 3881179.85877593 30.0
507312.7769490374 3881180.0140545433 30.0
507312.7769490374 3881180.0140545433 30.0
507312.7859500846 3881180.158228728 30.0
507312.7859500846 3881180.158228728 30.0
507312.7949511293 3881180.3024029154 30.0
507312.7949511293 3881180.3024029154 30.0
507312.80396109464 3881180.4354873435 30.0
507312.80396109464 3881180.4354873435 30.0
507312.80385404226 3881180.5685644387 30.0
507312.80385404226 3881180.5685644387 30.0
507312.80376483186 3881180.679462016 30.0
507312.80376483186 3881180.679462016 30.0
507312.8036667005 3881180.801449354 30.0
507312.8036667005 3881180.801449354 30.0
507312.79447831505 3881180.8901600824 30.0
507312.7943980258 3881180.989967904 30.0
507312.7943980258 3881180.989967904 30.0
507312.7943177366 3881181.0897757253 30.0
507312.7943177366 3881181.0897757253 30.0
507312.7943177366 3881181.0897757253 30.0
507312.7942552894 3881181.16740403 30.0
507312.7850669044 3881181.2561147595 30.0
507312.7850669044 3881181.2561147595 30.0
507312.7850669044 3881181.2561147595 30.0
507312.7850133783 3881181.322653307 30.0
507312.7850133783 3881181.322653307 30.0
507312.7758428332 3881181.389184519 30.0
507312.7757982282 3881181.4446333097 30.0
507312.7757982282 3881181.4446333097 30.0
507312.7757536232 3881181.5000820984 30.0
507312.7757982282 3881181.4446333097 30.0
507312.7757536232 3881181.5000820984 30.0
507312.7757179392 3881181.54444113 30.0
507312.7756733342 3881181.5998899196 30.0
507312.7756733342 3881181.5998899196 30.0
507312.76650279405 3881181.666421133 30.0
507312.7756733342 3881181.5998899196 30.0
507312.76650279405 3881181.666421133 30.0
507312.7664492681 3881181.7329596807 30.0
507312.7664492681 3881181.7329596807 30.0
507312.7572608839 3881181.82167041 30.0
507312.7572608839 3881181.82167041 30.0
507312.7480724999 3881181.910381139 30.0
507312.7480724999 3881181.910381139 30.0
507312.7388662741 3881182.0212713834 30.0
507312.7388662741 3881182.0212713834 30.0
507312.72964220436 3881182.154341144 30.0
507312.72964220436 3881182.154341144 30.0
507312.7204270581 3881182.276321147 30.0
507312.7020770569 3881182.420473332 30.0
507312.7020770569 3881182.420473332 30.0
507312.7020770569 3881182.420473332 30.0
507312.6746011153 3881182.5757079413 30.0
507312.6746011153 3881182.5757079413 30.0
507312.64711625606 3881182.7420323077 30.0
507312.64711625606 3881182.7420323077 30.0
507312.61963139777 3881182.9083566745 30.0
507312.61963139777 3881182.9083566745 30.0
507312.5830295232 3881183.074673707 30.0
507312.5830295232 3881183.074673707 30.0
507312.5373106374 3881183.2409834084 30.0
507312.5373106374 3881183.2409834084 30.0
507312.5007087657 3881183.4073004415 30.0
507312.5007087657 3881183.4073004415 30.0
507312.45499880373 3881183.562520385 30.0
507312.45499880373 3881183.562520385 30.0
507312.4092977615 3881183.7066505672 30.0
507312.37272265786 3881183.839698328 30.0
507312.4092977615 3881183.7066505672 30.0
507312.32703054114 3881183.972738755 30.0
507312.32703054114 3881183.972738755 30.0
507312.29046435776 3881184.0946967583 30.0
507312.32703054114 3881183.972738755 30.0
507312.29046435776 3881184.0946967583 30.0
507312.2539071005 3881184.2055650037 30.0
507312.2539071005 3881184.2055650037 30.0
507312.2173587597 3881184.305343491 30.0
507312.2173587597 3881184.305343491 30.0
507312.1899274334 3881184.405129313 30.0
507312.16249611 3881184.504915134 30.0
507312.16249611 3881184.504915134 30.0
507312.144190721 3881184.5936185294 30.0
507312.144190721 3881184.5936185294 30.0
507312.144190721 3881184.5936185294 30.0
507312.11675939633 3881184.693404351 30.0
507312.09844509023 3881184.793197505 30.0
507312.09844509023 3881184.793197505 30.0
507312.07100484654 3881184.9040730856 30.0
507312.09844509023 3881184.793197505 30.0
507312.04356460815 3881185.0149486647 30.0
507312.04356460815 3881185.0149486647 30.0
507312.01611544576 3881185.1369140027 30.0
507312.01611544576 3881185.1369140027 30.0
507311.9795403512 3881185.2699617646 30.0
507311.9795403512 3881185.2699617646 30.0
507311.9795403512 3881185.2699617646 30.0
507311.94296526 3881185.403009527 30.0
507311.9155071824 3881185.5360646225 30.0
507311.94296526 3881185.403009527 30.0
507311.9155071824 3881185.5360646225 30.0
507311.8789320932 3881185.669112385 30.0
507311.85148293496 3881185.791077725 30.0
507311.8789320932 3881185.669112385 30.0
507311.85148293496 3881185.791077725 30.0
507311.8240248599 3881185.9241328207 30.0
507311.7874676132 3881186.035001067 30.0
507311.8240248599 3881185.9241328207 30.0
507311.7874676132 3881186.035001067 30.0
507311.760027377 3881186.1458766474 30.0
507311.760027377 3881186.1458766474 30.0
507311.73259606585 3881186.2456624703 30.0
507311.70515583095 3881186.3565380513 30.0
507311.70515583095 3881186.3565380513 30.0
507311.6777334361 3881186.4452341157 30.0
507311.6777334361 3881186.4452341157 30.0
507311.6503110464 3881186.5339301797 30.0
507311.6777334361 3881186.4452341157 30.0
507311.6503110464 3881186.5339301797 30.0
507311.622879733 3881186.6337160035 30.0
507311.622879733 3881186.6337160035 30.0
507311.5954395029 3881186.7445915844 30.0
507311.5954395029 3881186.7445915844 30.0
507311.55888226227 3881186.8554598335 30.0
507311.55888226227 3881186.8554598335 30.0
507311.52231610304 3881186.9774178388 30.0
507311.52231610304 3881186.9774178388 30.0
507311.48574102303 3881187.110465604 30.0
507311.449157027 3881187.2546031275 30.0
507311.449157027 3881187.2546031275 30.0
507311.449157027 3881187.2546031275 30.0
507311.4034560192 3881187.398733317 30.0
507311.4034560192 3881187.398733317 30.0
507311.3577460958 3881187.553953266 30.0
507311.3577460958 3881187.553953266 30.0
507311.3120450909 3881187.698083456 30.0
507311.2663440897 3881187.8422136474 30.0
507311.2663440897 3881187.8422136474 30.0
507311.2663440897 3881187.8422136474 30.0
507311.2297690192 3881187.9752614126 30.0
507311.2297690192 3881187.9752614126 30.0
507311.19320286653 3881188.097219421 30.0
507311.19320286653 3881188.097219421 30.0
507311.1566367148 3881188.2191774286 30.0
507311.1566367148 3881188.2191774286 30.0
507311.1200794878 3881188.3300456805 30.0
507311.1200794878 3881188.3300456805 30.0
507311.09264818556 3881188.4298315044 30.0
507311.0652079673 3881188.5407070876 30.0
507311.09264818556 3881188.4298315044 30.0
507311.0652079673 3881188.5407070876 30.0
507311.0377766686 3881188.640492913 30.0
507311.0012283612 3881188.7402714053 30.0
507311.0012283612 3881188.7402714053 30.0
507310.96467113344 3881188.8511396563 30.0
507310.96467113344 3881188.8511396563 30.0
507310.96467113344 3881188.8511396563 30.0
507310.9372309157 3881188.9620152395 30.0
507310.89154776424 3881189.0839659167 30.0
507310.89154776424 3881189.0839659167 30.0
507310.89154776424 3881189.0839659167 30.0
507310.85498162516 3881189.2059239266 30.0
507310.80928063643 3881189.3500541206 30.0
507310.80928063643 3881189.3500541206 30.0
507310.80928063643 3881189.3500541206 30.0
507310.76358856773 3881189.4830945567 30.0
507310.7270045926 3881189.6272320827 30.0
507310.7270045926 3881189.6272320827 30.0
507310.7270045926 3881189.6272320827 30.0
507310.67219551816 3881189.7602651864 30.0
507310.6264945374 3881189.9043953824 30.0
507310.6264945374 3881189.9043953824 30.0
507310.6264945374 3881189.9043953824 30.0
507310.5807935558 3881190.048525576 30.0
507310.5807935558 3881190.048525576 30.0
507310.5259755701 3881190.1926484397 30.0
507310.5259755701 3881190.1926484397 30.0
507310.48028351204 3881190.325688877 30.0
507310.42546552955 3881190.4698117413 30.0
507310.42546552955 3881190.4698117413 30.0
507310.42546552955 3881190.4698117413 30.0
507310.3797734721 3881190.602852179 30.0
507310.3797734721 3881190.602852179 30.0
507310.32495549053 3881190.7469750443 30.0
507310.270146431 3881190.880008151 30.0
507310.270146431 3881190.880008151 30.0
507310.20622036606 3881191.013033926 30.0
507310.20622036606 3881191.013033926 30.0
507310.20622036606 3881191.013033926 30.0
507310.14229429833 3881191.146059703 30.0
507310.0783593194 3881191.2901752377 30.0
507310.0783593194 3881191.2901752377 30.0
507310.01442434016 3881191.434290774 30.0
507310.0783593194 3881191.2901752377 30.0
507310.01442434016 3881191.434290774 30.0
507309.95048936526 3881191.5784063106 30.0
507309.95048936526 3881191.5784063106 30.0
507309.8774373837 3881191.7225145143 30.0
507309.8774373837 3881191.7225145143 30.0
507309.8134934956 3881191.8777198093 30.0
507309.8134934956 3881191.8777198093 30.0
507309.7404415186 3881192.021828016 30.0
507309.67650655215 3881192.165943553 30.0
507309.67650655215 3881192.165943553 30.0
507309.67650655215 3881192.165943553 30.0
507309.6034634968 3881192.2989620026 30.0
507309.6034634968 3881192.2989620026 30.0
507309.5304115265 3881192.44307021 30.0
507309.5304115265 3881192.44307021 30.0
507309.4573684779 3881192.576088661 30.0
507309.3843165121 3881192.7201968706 30.0
507309.3843165121 3881192.7201968706 30.0
507309.32037263474 3881192.8754021684 30.0
507309.32037263474 3881192.8754021684 30.0
507309.2473117614 3881193.030600138 30.0
507309.2473117614 3881193.030600138 30.0
507309.2473117614 3881193.030600138 30.0
507309.1833768052 3881193.1747156796 30.0
507309.1833768052 3881193.1747156796 30.0
507309.11943293904 3881193.32992098 30.0
507309.11943293904 3881193.32992098 30.0
507309.04637206823 3881193.485118949 30.0
507309.04637206823 3881193.485118949 30.0
507308.97332011856 3881193.629227163 30.0
507308.90937625687 3881193.7844324643 30.0
507308.90937625687 3881193.7844324643 30.0
507308.83632430946 3881193.928540678 30.0
507308.83632430946 3881193.928540678 30.0
507308.77239828685 3881194.061566464 30.0
507308.77239828685 3881194.061566464 30.0
507308.70846334763 3881194.2056820095 30.0
507308.70846334763 3881194.2056820095 30.0
507308.70846334763 3881194.2056820095 30.0
507308.6445284128 3881194.3497975543 30.0
507308.5714675582 3881194.504995528 30.0
507308.5714675582 3881194.504995528 30.0
507308.5714675582 3881194.504995528 30.0
507308.49841562426 3881194.6491037463 30.0
507308.4253636903 3881194.7932119626 30.0
507308.49841562426 3881194.6491037463 30.0
507308.4253636903 3881194.7932119626 30.0
507308.3614198484 3881194.9484172687 30.0
507308.3614198484 3881194.9484172687 30.0
507308.2883590034 3881195.1036152453 30.0
507308.2883590034 3881195.1036152453 30.0
507308.2152981609 3881195.258813222 30.0
507308.2152981609 3881195.258813222 30.0
507308.1513543259 3881195.414018531 30.0
507308.1513543259 3881195.414018531 30.0
507308.07829348586 3881195.5692165084 30.0
507308.07829348586 3881195.5692165084 30.0
507308.00523265067 3881195.7244144883 30.0
507308.00523265067 3881195.7244144883 30.0
507307.9412977376 3881195.8685300387 30.0
507307.9412977376 3881195.8685300387 30.0
507307.8682369072 3881196.023728018 30.0
507307.7951849965 3881196.1678362414 30.0
507307.7951849965 3881196.1678362414 30.0
507307.7951849965 3881196.1678362414 30.0
507307.7221241709 3881196.323034223 30.0
507307.7221241709 3881196.323034223 30.0
507307.64906334784 3881196.478232205 30.0
507307.64906334784 3881196.478232205 30.0
507307.57601144427 3881196.6223404296 30.0
507307.5029506261 3881196.7775384127 30.0
507307.5029506261 3881196.7775384127 30.0
507307.4298898104 3881196.932736396 30.0
507307.4298898104 3881196.932736396 30.0
507307.3568379139 3881197.0768446224 30.0
507307.3568379139 3881197.0768446224 30.0
507307.2837771031 3881197.2320426083 30.0
507307.2837771031 3881197.2320426083 30.0
507307.2837771031 3881197.2320426083 30.0
507307.2198422097 3881197.3761581643 30.0
507307.1467903201 3881197.520266393 30.0
507307.1467903201 3881197.520266393 30.0
507307.0737384305 3881197.6643746207 30.0
507307.0737384305 3881197.6643746207 30.0
507306.99156062905 3881197.819565281 30.0
507306.99156062905 3881197.819565281 30.0
507306.99156062905 3881197.819565281 30.0
507306.9185087466 3881197.9636735097 30.0
507306.83633095043 3881198.118864172 30.0
507306.83633095043 3881198.118864172 30.0
507306.76327015687 3881198.2740621604 30.0
507306.76327015687 3881198.2740621604 30.0
507306.76327015687 3881198.2740621604 30.0
507306.6810923661 3881198.429252823 30.0
507306.6810923661 3881198.429252823 30.0
507306.59891458054 3881198.584443486 30.0
507306.59891458054 3881198.584443486 30.0
507306.51672788203 3881198.750723907 30.0
507306.51672788203 3881198.750723907 30.0
507306.4345411865 3881198.917004331 30.0
507306.3432285818 3881199.0943671847 30.0
507306.3432285818 3881199.0943671847 30.0
507306.2519159807 3881199.2717300407 30.0
507306.2519159807 3881199.2717300407 30.0
507306.2519159807 3881199.2717300407 30.0
507306.1514863869 3881199.4490855685 30.0
507306.0510478818 3881199.637530856 30.0
507306.0510478818 3881199.637530856 30.0
507306.0510478818 3881199.637530856 30.0
507305.9506093786 3881199.825976144 30.0
507305.9506093786 3881199.825976144 30.0
507305.8501708841 3881200.014421434 30.0
507305.8501708841 3881200.014421434 30.0
507305.7588404768 3881200.2139638118 30.0
507305.6675278983 3881200.3913266724 30.0
507305.6675278983 3881200.3913266724 30.0
507305.56709832815 3881200.568682207 30.0
507305.56709832815 3881200.568682207 30.0
507305.56709832815 3881200.568682207 30.0
507305.4757857569 3881200.746045071 30.0
507305.4757857569 3881200.746045071 30.0
507305.3935990984 3881200.9123255033 30.0
507305.3114124428 3881201.0786059373 30.0
507305.3114124428 3881201.0786059373 30.0
507305.22924361395 3881201.222706855 30.0
507305.22924361395 3881201.222706855 30.0
507305.22924361395 3881201.222706855 30.0
507305.15619178436 3881201.3668150986 30.0
507305.08313995943 3881201.510923345 30.0
507305.08313995943 3881201.510923345 30.0
507305.08313995943 3881201.510923345 30.0
507305.0192140424 3881201.6439491585 30.0
507304.9552970411 3881201.765885215 30.0
507304.9552970411 3881201.765885215 30.0
507304.9552970411 3881201.765885215 30.0
507304.89138895064 3881201.876731514 30.0
507304.89138895064 3881201.876731514 30.0
507304.8365889487 3881201.9986748975 30.0
507304.78180676844 3881202.0984387654 30.0
507304.78180676844 3881202.0984387654 30.0
507304.78180676844 3881202.0984387654 30.0
507304.72703350073 3881202.187112874 30.0
507304.72703350073 3881202.187112874 30.0
507304.6722513252 3881202.286876743 30.0
507304.6722513252 3881202.286876743 30.0
507304.61746915086 3881202.3866406106 30.0
507304.61746915086 3881202.3866406106 30.0
507304.56267806434 3881202.497494239 30.0
507304.56267806434 3881202.497494239 30.0
507304.4987788948 3881202.597250781 30.0
507304.4987788948 3881202.597250781 30.0
507304.4439967242 3881202.697014651 30.0
507304.4439967242 3881202.697014651 30.0
507304.3800886465 3881202.8078609533 30.0
507304.3800886465 3881202.8078609533 30.0
507304.3161805726 3881202.918707256 30.0
507304.3161805726 3881202.918707256 30.0
507304.2431465924 3881203.040635993 30.0
507304.2431465924 3881203.040635993 30.0
507304.17010370584 3881203.1736544874 30.0
507304.0970519086 3881203.3177627404 30.0
507304.17010370584 3881203.1736544874 30.0
507304.0970519086 3881203.3177627404 30.0
507304.0148831192 3881203.46186367 30.0
507304.0148831192 3881203.46186367 30.0
507303.93270542205 3881203.6170543567 30.0
507303.8414107335 3881203.7722377223 30.0
507303.93270542205 3881203.6170543567 30.0
507303.8414107335 3881203.7722377223 30.0
507303.750107138 3881203.9385108445 30.0
507303.750107138 3881203.9385108445 30.0
507303.6588035482 3881204.104783969 30.0
507303.6588035482 3881204.104783969 30.0
507303.5583740558 3881204.282139526 30.0
507303.4579534747 3881204.4484053277 30.0
507303.4579534747 3881204.4484053277 30.0
507303.4579534747 3881204.4484053277 30.0
507303.3575239923 3881204.625760888 30.0
507303.3575239923 3881204.625760888 30.0
507303.25709451153 3881204.8031164496 30.0
507303.25709451153 3881204.8031164496 30.0
507303.165790937 3881204.9693895783 30.0
507303.065370373 3881205.1356553845 30.0
507303.065370373 3881205.1356553845 30.0
507302.9740668053 3881205.3019285155 30.0
507302.9740668053 3881205.3019285155 30.0
507302.89189805154 3881205.4460294554 30.0
507302.89189805154 3881205.4460294554 30.0
507302.8097293027 3881205.590130396 30.0
507302.8097293027 3881205.590130396 30.0
507302.7275605541 3881205.7342313374 30.0
507302.7275605541 3881205.7342313374 30.0
507302.7275605541 3881205.7342313374 30.0
507302.654517709 3881205.8672498437 30.0
507302.58148377464 3881205.9891785947 30.0
507302.58148377464 3881205.9891785947 30.0
507302.517575745 3881206.1000249106 30.0
507302.517575745 3881206.1000249106 30.0
507302.517575745 3881206.1000249106 30.0
507302.4536588061 3881206.2219609846 30.0
507302.3897507796 3881206.332807302 30.0
507302.3897507796 3881206.332807302 30.0
507302.3167257609 3881206.4436462936 30.0
507302.3167257609 3881206.4436462936 30.0
507302.3167257609 3881206.4436462936 30.0
507302.2436829297 3881206.576664806 30.0
507302.2436829297 3881206.576664806 30.0
507302.17064900656 3881206.6985935597 30.0
507302.17064900656 3881206.6985935597 30.0
507302.0884802781 3881206.842694505 30.0
507302.0884802781 3881206.842694505 30.0
507301.9971945612 3881206.986788131 30.0
507301.9971945612 3881206.986788131 30.0
507301.9058999417 3881207.1419715155 30.0
507301.9058999417 3881207.1419715155 30.0
507301.8145964153 3881207.308244658 30.0
507301.7232928922 3881207.474517802 30.0
507301.7232928922 3881207.474517802 30.0
507301.7232928922 3881207.474517802 30.0
507301.6319893725 3881207.6407909472 30.0
507301.6319893725 3881207.6407909472 30.0
507301.53156886593 3881207.8070567707 30.0
507301.53156886593 3881207.8070567707 30.0
507301.44027426024 3881207.9622401586 30.0
507301.3489707506 3881208.1285133073 30.0
507301.3489707506 3881208.1285133073 30.0
507301.3489707506 3881208.1285133073 30.0
507301.2576850583 3881208.272606939 30.0
507301.1755163608 3881208.4167078957 30.0
507301.1755163608 3881208.4167078957 30.0
507301.10247355746 3881208.5497264154 30.0
507301.10247355746 3881208.5497264154 30.0
507301.0294307633 3881208.6827449375 30.0
507301.10247355746 3881208.5497264154 30.0
507301.0294307633 3881208.6827449375 30.0
507300.9563968732 3881208.804673699 30.0
507300.9563968732 3881208.804673699 30.0
507300.8924888808 3881208.915520027 30.0
507300.8924888808 3881208.915520027 30.0
507300.8376978789 3881209.026373677 30.0
507300.8376978789 3881209.026373677 30.0
507300.7737987982 3881209.1261302475 30.0
507300.7737987982 3881209.1261302475 30.0
507300.7190167077 3881209.2258941405 30.0
507300.7190167077 3881209.2258941405 30.0
507300.6642346137 3881209.3256580345 30.0
507300.6642346137 3881209.3256580345 30.0
507300.60946143186 3881209.4143321696 30.0
507300.5546793448 3881209.514096063 30.0
507300.5546793448 3881209.514096063 30.0
507300.5546793448 3881209.514096063 30.0
507300.4999061652 3881209.6027701986 30.0
507300.4999061652 3881209.6027701986 30.0
507300.44512407586 3881209.7025340935 30.0
507300.44512407586 3881209.7025340935 30.0
507300.39034199243 3881209.802297988 30.0
507300.39034199243 3881209.802297988 30.0
507300.32643401617 3881209.9131443202 30.0
507300.32643401617 3881209.9131443202 30.0
507300.2534090512 3881210.0239833314 30.0
507300.1803751823 3881210.1459121006 30.0
507300.2534090512 3881210.0239833314 30.0
507300.1803751823 3881210.1459121006 30.0
507300.10733241204 3881210.2789306296 30.0
507300.0251726541 3881210.4119418375 30.0
507300.0251726541 3881210.4119418375 30.0
507300.0251726541 3881210.4119418375 30.0
507299.9429950876 3881210.567132564 30.0
507299.9429950876 3881210.567132564 30.0
507299.8608175239 3881210.7223232896 30.0
507299.8608175239 3881210.7223232896 30.0
507299.76951407304 3881210.8885964537 30.0
507299.76951407304 3881210.8885964537 30.0
507299.67821062315 3881211.0548696187 30.0
507299.67821062315 3881211.0548696187 30.0
507299.58689827163 3881211.2322325436 30.0
507299.58689827163 3881211.2322325436 30.0
507299.5047029102 3881211.40960279 30.0
507299.5047029102 3881211.40960279 30.0
507299.4133816631 3881211.5980554754 30.0
507299.34030329454 3881211.7754330444 30.0
507299.34030329454 3881211.7754330444 30.0
507299.34030329454 3881211.7754330444 30.0
507299.2672249265 3881211.952810614 30.0
507299.2672249265 3881211.952810614 30.0
507299.21238053765 3881212.1302028247 30.0
507299.1575450554 3881212.2965052766 30.0
507299.21238053765 3881212.1302028247 30.0
507299.1575450554 3881212.2965052766 30.0
507299.10270957515 3881212.46280773 30.0
507299.07523395494 3881212.618042386 30.0
507299.07523395494 3881212.618042386 30.0
507299.07523395494 3881212.618042386 30.0
507299.04776724003 3881212.762187285 30.0
507299.04776724003 3881212.762187285 30.0
507299.0294175157 3881212.906339503 30.0
507299.0294175157 3881212.906339503 30.0
507299.02020258317 3881213.028319526 30.0
507299.02020258317 3881213.028319526 30.0
507299.01098765084 3881213.150299548 30.0
507299.01098765084 3881213.150299548 30.0
507299.00177271647 3881213.272279571 30.0
507299.00177271647 3881213.272279571 30.0
507299.00168367353 3881213.383177153 30.0
507298.99246874184 3881213.5051571745 30.0
507298.99246874184 3881213.5051571745 30.0
507298.99246874184 3881213.5051571745 30.0
507298.98326271464 3881213.616047439 30.0
507298.98326271464 3881213.616047439 30.0
507298.97404778574 3881213.7380274613 30.0
507298.96483285475 3881213.8600074835 30.0
507298.96483285475 3881213.8600074835 30.0
507298.96483285475 3881213.8600074835 30.0
507298.9464831292 3881214.004159703 30.0
507298.9190164228 3881214.148304602 30.0
507298.9190164228 3881214.148304602 30.0
507298.8915141006 3881214.336808534 30.0
507298.8915141006 3881214.336808534 30.0
507298.8915141006 3881214.336808534 30.0
507298.8640206813 3881214.5142227085 30.0
507298.8640206813 3881214.5142227085 30.0
507298.8547612319 3881214.6916515236 30.0
507298.8547612319 3881214.6916515236 30.0
507298.8454839747 3881214.891259855 30.0
507298.8454839747 3881214.891259855 30.0
507298.84532370075 3881215.0908755064 30.0
507298.84532370075 3881215.0908755064 30.0
507298.8542715053 3881215.3015882364 30.0
507298.8542715053 3881215.3015882364 30.0
507298.86321040534 3881215.523390726 30.0
507298.8903743675 3881215.7562976144 30.0
507298.8903743675 3881215.7562976144 30.0
507298.8903743675 3881215.7562976144 30.0
507298.9084213416 3881215.989197183 30.0
507298.9084213416 3881215.989197183 30.0
507298.9447022829 3881216.2221113914 30.0
507298.9447022829 3881216.2221113914 30.0
507298.98098322 3881216.4550255984 30.0
507298.98098322 3881216.4550255984 30.0
507299.0172641575 3881216.687939807 30.0
507299.0626709762 3881216.9097715793 30.0
507299.0172641575 3881216.687939807 30.0
507299.1171947759 3881217.131610671 30.0
507299.1171947759 3881217.131610671 30.0
507299.17172747507 3881217.3423600034 30.0
507299.17172747507 3881217.3423600034 30.0
507299.17172747507 3881217.3423600034 30.0
507299.2262690786 3881217.5420195796 30.0
507299.28993656224 3881217.730596717 30.0
507299.28993656224 3881217.730596717 30.0
507299.3536040456 3881217.9191738563 30.0
507299.3536040456 3881217.9191738563 30.0
507299.3536040456 3881217.9191738563 30.0
507299.4263885038 3881218.107758315 30.0
507299.49918186624 3881218.285253017 30.0
507299.49918186624 3881218.285253017 30.0
507299.49918186624 3881218.285253017 30.0
507299.58108330023 3881218.473844799 30.0
507299.58108330023 3881218.473844799 30.0
507299.66298473085 3881218.6624365817 30.0
507299.66298473085 3881218.6624365817 30.0
507299.76311121107 3881218.8621327663 30.0
507299.76311121107 3881218.8621327663 30.0
507299.872345758 3881219.0729260314 30.0
507299.872345758 3881219.0729260314 30.0
507299.9815803045 3881219.2837192975 30.0
507299.9815803045 3881219.2837192975 30.0
507300.09992291644 3881219.505609645 30.0
507300.09992291644 3881219.505609645 30.0
507300.2273825008 3881219.727507315 30.0
507300.2273825008 3881219.727507315 30.0
507300.36395905924 3881219.949412311 30.0
507300.49140972475 3881220.182399744 30.0
507300.49140972475 3881220.182399744 30.0
507300.49140972475 3881220.182399744 30.0
507300.6188603837 3881220.4153871792 30.0
507300.6188603837 3881220.4153871792 30.0
507300.7463110361 3881220.6483746152 30.0
507300.7463110361 3881220.6483746152 30.0
507300.8828875657 3881220.8702796185 30.0
507300.8828875657 3881220.8702796185 30.0
507301.01947299764 3881221.0810948643 30.0
507301.15605842095 3881221.2919101133 30.0
507301.15605842095 3881221.2919101133 30.0
507301.3017697215 3881221.4916429273 30.0
507301.3017697215 3881221.4916429273 30.0
507301.3017697215 3881221.4916429273 30.0
507301.44748992525 3881221.6802859847 30.0
507301.44748992525 3881221.6802859847 30.0
507301.5840931445 3881221.8689217228 30.0
507301.5840931445 3881221.8689217228 30.0
507301.72070526576 3881222.046467704 30.0
507301.8573084739 3881222.2351034465 30.0
507301.72070526576 3881222.046467704 30.0
507301.8573084739 3881222.2351034465 30.0
507301.9848125167 3881222.40155235 30.0
507301.9848125167 3881222.40155235 30.0
507302.1123076491 3881222.579091015 30.0
507302.1123076491 3881222.579091015 30.0
507302.2398027741 3881222.7566296794 30.0
507302.3672978942 3881222.934168348 30.0
507302.3672978942 3881222.934168348 30.0
507302.5039188927 3881223.1006245827 30.0
507302.5039188927 3881223.1006245827 30.0
507302.6405309774 3881223.2781705777 30.0
507302.6405309774 3881223.2781705777 30.0
507302.77715196804 3881223.444626816 30.0
507302.77715196804 3881223.444626816 30.0
507302.77715196804 3881223.444626816 30.0
507302.9320069 3881223.611097708 30.0
507302.9320069 3881223.611097708 30.0
507303.0868707356 3881223.766478841 30.0
507303.25086045184 3881223.9107775427 30.0
507303.0868707356 3881223.766478841 30.0
507303.4057331889 3881224.055068924 30.0
507303.4057331889 3881224.055068924 30.0
507303.4057331889 3881224.055068924 30.0
507303.7246045296 3881224.332569261 30.0
507303.7246045296 3881224.332569261 30.0
507303.8977201069 3881224.4657855416 30.0
507304.06172761857 3881224.5879047406 30.0
507304.06172761857 3881224.5879047406 30.0
507304.2166181503 3881224.710016619 30.0
507304.2166181503 3881224.710016619 30.0
507304.3806256533 3881224.832135824 30.0
507304.3806256533 3881224.832135824 30.0
507304.5446331496 3881224.9542550338 30.0
507304.5446331496 3881224.9542550338 30.0
507304.7086495527 3881225.0652844864 30.0
507304.7086495527 3881225.0652844864 30.0
507304.7086495527 3881225.0652844864 30.0
507304.8726659542 3881225.1763139423 30.0
507305.03668235167 3881225.287343403 30.0
507305.03668235167 3881225.287343403 30.0
507305.03668235167 3881225.287343403 30.0
507305.2007076547 3881225.387283106 30.0
507305.3647329541 3881225.487222813 30.0
507305.3647329541 3881225.487222813 30.0
507305.5287582523 3881225.5871625217 30.0
507305.5287582523 3881225.5871625217 30.0
507305.6927835468 3881225.687102235 30.0
507305.6927835468 3881225.687102235 30.0
507305.6927835468 3881225.687102235 30.0
507305.8568177481 3881225.7759521906 30.0
507306.01173497416 3881225.864794823 30.0
507306.01173497416 3881225.864794823 30.0
507306.1757602584 3881225.9647345454 30.0
507306.1757602584 3881225.9647345454 30.0
507306.339785539 3881226.0646742694 30.0
507306.339785539 3881226.0646742694 30.0
507306.5038108161 3881226.164613997 30.0
507306.5038108161 3881226.164613997 30.0
507306.5038108161 3881226.164613997 30.0
507306.67695305886 3881226.2645610548 30.0
507306.67695305886 3881226.2645610548 30.0
507306.85920335783 3881226.375605204 30.0
507307.05057062145 3881226.4866566835 30.0
507307.05057062145 3881226.4866566835 30.0
507307.05057062145 3881226.4866566835 30.0
507307.241928966 3881226.608797927 30.0
507307.241928966 3881226.608797927 30.0
507307.4515212526 3881226.7309538317 30.0
507307.4515212526 3881226.7309538317 30.0
507307.6611046162 3881226.8641994996 30.0
507307.8798049447 3881226.9974525017 30.0
507307.8798049447 3881226.9974525017 30.0
507307.8798049447 3881226.9974525017 30.0
507308.10763115296 3881227.119623081 30.0
507308.33543952607 3881227.263973181 30.0
507308.33543952607 3881227.263973181 30.0
507308.5723737738 3881227.3972408595 30.0
507308.5723737738 3881227.3972408595 30.0
507308.5723737738 3881227.3972408595 30.0
507308.80930801696 3881227.5305085448 30.0
507309.0553592257 3881227.663783566 30.0
507309.0553592257 3881227.663783566 30.0
507309.301410425 3881227.797058596 30.0
507309.301410425 3881227.797058596 30.0
507309.54745269986 3881227.941423388 30.0
507309.54745269986 3881227.941423388 30.0
507309.7935128042 3881228.0636086725 30.0
507309.7935128042 3881228.0636086725 30.0
507310.0486809516 3881228.1968910513 30.0
507310.0486809516 3881228.1968910513 30.0
507310.29474104004 3881228.319076348 30.0
507310.29474104004 3881228.319076348 30.0
507310.29474104004 3881228.319076348 30.0
507310.5499091729 3881228.4523587422 30.0
507310.8050773007 3881228.5856411424 30.0
507310.8050773007 3881228.5856411424 30.0
507311.0602543377 3881228.7078337916 30.0
507311.0602543377 3881228.7078337916 30.0
507311.31543137017 3881228.8300264482 30.0
507311.31543137017 3881228.8300264482 30.0
507311.57061731315 3881228.941129353 30.0
507311.31543137017 3881228.8300264482 30.0
507311.816686281 3881229.0522249322 30.0
507311.57061731315 3881228.941129353 30.0
507311.816686281 3881229.0522249322 30.0
507312.0627552452 3881229.1633205186 30.0
507312.30882420106 3881229.2744161114 30.0
507312.30882420106 3881229.2744161114 30.0
507312.5457761824 3881229.385504376 30.0
507312.5457761824 3881229.385504376 30.0
507312.5457761824 3881229.385504376 30.0
507312.7827281579 3881229.496592648 30.0
507313.0196890514 3881229.596591166 30.0
507313.0196890514 3881229.596591166 30.0
507313.0196890514 3881229.596591166 30.0
507313.25664993504 3881229.696589691 30.0
507313.48449385003 3881229.796580889 30.0
507313.48449385003 3881229.796580889 30.0
507313.7214547257 3881229.8965794253 30.0
507313.7214547257 3881229.8965794253 30.0
507313.7214547257 3881229.8965794253 30.0
507313.94929862826 3881229.996570634 30.0
507313.94929862826 3881229.996570634 30.0
507314.1771425258 3881230.0965618473 30.0
507314.1771425258 3881230.0965618473 30.0
507314.40498642065 3881230.1965530673 30.0
507314.63282138476 3881230.3076340514 30.0
507314.63282138476 3881230.3076340514 30.0
507314.8515482995 3881230.4076179476 30.0
507314.8515482995 3881230.4076179476 30.0
507314.8515482995 3881230.4076179476 30.0
507315.0702752094 3881230.5076018465 30.0
507315.27987622295 3881230.618668175 30.0
507315.27987622295 3881230.618668175 30.0
507315.48948615586 3881230.718644748 30.0
507315.48948615586 3881230.718644748 30.0
507315.69908715715 3881230.829711086 30.0
507315.69908715715 3881230.829711086 30.0
507315.8995801136 3881230.9296803325 30.0
507315.69908715715 3881230.829711086 30.0
507315.8995801136 3881230.9296803325 30.0
507316.10919003485 3881231.02965692 30.0
507316.30056601326 3881231.129618838 30.0
507316.30056601326 3881231.129618838 30.0
507316.5010500308 3881231.2406778573 30.0
507316.5010500308 3881231.2406778573 30.0
507316.5010500308 3881231.2406778573 30.0
507316.7015429671 3881231.34064712 30.0
507316.7015429671 3881231.34064712 30.0
507316.8929189371 3881231.4406090514 30.0
507316.8929189371 3881231.4406090514 30.0
507317.0934029383 3881231.5516680814 30.0
507317.0934029383 3881231.5516680814 30.0
507317.2847788972 3881231.65163002 30.0
507317.2847788972 3881231.65163002 30.0
507317.47615485196 3881231.7515919623 30.0
507317.47615485196 3881231.7515919623 30.0
507317.6766477686 3881231.8515612483 30.0
507317.6766477686 3881231.8515612483 30.0
507317.86801478517 3881231.962612958 30.0
507317.86801478517 3881231.962612958 30.0
507318.0502559059 3881232.0847470905 30.0
507318.25073988107 3881232.1958061475 30.0
507318.0502559059 3881232.0847470905 30.0
507318.44210688566 3881232.3068578695 30.0
507318.44210688566 3881232.3068578695 30.0
507318.63347388565 3881232.4179095943 30.0
507318.63347388565 3881232.4179095943 30.0
507318.63347388565 3881232.4179095943 30.0
507318.8248408786 3881232.528961324 30.0
507318.8248408786 3881232.528961324 30.0
507319.016216798 3881232.6289233 30.0
507319.016216798 3881232.6289233 30.0
507319.2075837842 3881232.739975038 30.0
507319.3989507657 3881232.85102678 30.0
507319.3989507657 3881232.85102678 30.0
507319.3989507657 3881232.85102678 30.0
507319.5812097047 3881232.950981425 30.0
507319.5812097047 3881232.950981425 30.0
507319.77258560923 3881233.0509434165 30.0
507319.963952575 3881233.161995171 30.0
507319.77258560923 3881233.0509434165 30.0
507320.1553195361 3881233.273046928 30.0
507319.963952575 3881233.161995171 30.0
507320.33757846296 3881233.373001591 30.0
507320.33757846296 3881233.373001591 30.0
507320.5289543457 3881233.4729635976 30.0
507320.5289543457 3881233.4729635976 30.0
507320.5289543457 3881233.4729635976 30.0
507320.71121326217 3881233.572918266 30.0
507320.88436413906 3881233.6617758386 30.0
507320.88436413906 3881233.6617758386 30.0
507320.88436413906 3881233.6617758386 30.0
507321.0575060837 3881233.7617231724 30.0
507321.2306480245 3881233.86167051 30.0
507321.0575060837 3881233.7617231724 30.0
507321.41290692316 3881233.961625192 30.0
507321.41290692316 3881233.961625192 30.0
507321.41290692316 3881233.961625192 30.0
507321.5860488562 3881234.061572537 30.0
507321.5860488562 3881234.061572537 30.0
507321.76830774697 3881234.1615272267 30.0
507321.9505666384 3881234.2614819217 30.0
507321.9505666384 3881234.2614819217 30.0
507321.9505666384 3881234.2614819217 30.0
507322.1328255211 3881234.3614366194 30.0
507322.1328255211 3881234.3614366194 30.0
507322.3059674387 3881234.4613839765 30.0
507322.3059674387 3881234.4613839765 30.0
507322.4973432769 3881234.561346025 30.0
507322.67960214993 3881234.6613007346 30.0
507322.67960214993 3881234.6613007346 30.0
507322.8709779822 3881234.7612627908 30.0
507322.8709779822 3881234.7612627908 30.0
507323.0623448765 3881234.8723146096 30.0
507323.0623448765 3881234.8723146096 30.0
507323.2537206978 3881234.972276675 30.0
507323.2537206978 3881234.972276675 30.0
507323.2537206978 3881234.972276675 30.0
507323.445087583 3881235.0833285027 30.0
507323.445087583 3881235.0833285027 30.0
507323.63646339794 3881235.1832905747 30.0
507323.8369472367 3881235.294349756 30.0
507323.8369472367 3881235.294349756 30.0
507324.019206078 3881235.394304493 30.0
507324.019206078 3881235.394304493 30.0
507324.019206078 3881235.394304493 30.0
507324.210572945 3881235.5053563365 30.0
507324.39283178037 3881235.6053110794 30.0
507324.39283178037 3881235.6053110794 30.0
507324.39283178037 3881235.6053110794 30.0
507324.5841986384 3881235.7163629318 30.0
507324.7664574631 3881235.8163176826 30.0
507324.5841986384 3881235.7163629318 30.0
507324.7664574631 3881235.8163176826 30.0
507324.9578332504 3881235.9162797835 30.0
507325.140092067 3881236.016234541 30.0
507325.140092067 3881236.016234541 30.0
507325.33146784373 3881236.11619665 30.0
507325.33146784373 3881236.11619665 30.0
507325.33146784373 3881236.11619665 30.0
507325.51372665225 3881236.2161514163 30.0
507325.695985459 3881236.316106186 30.0
507325.695985459 3881236.316106186 30.0
507325.88736122334 3881236.4160683057 30.0
507325.88736122334 3881236.4160683057 30.0
507325.88736122334 3881236.4160683057 30.0
507326.0696200197 3881236.516023083 30.0
507326.0696200197 3881236.516023083 30.0
507326.2518788144 3881236.6159778642 30.0
507326.2518788144 3881236.6159778642 30.0
507326.4341376028 3881236.7159326496 30.0
507326.4341376028 3881236.7159326496 30.0
507326.60727942834 3881236.8158800886 30.0
507326.78953821346 3881236.91583488 30.0
507326.78953821346 3881236.91583488 30.0
507326.9717969899 3881237.0157896755 30.0
507326.9717969899 3881237.0157896755 30.0
507326.9717969899 3881237.0157896755 30.0
507327.15405576467 3881237.115744476 30.0
507327.15405576467 3881237.115744476 30.0
507327.33631453314 3881237.215699278 30.0
507327.5276902605 3881237.315661433 30.0
507327.5276902605 3881237.315661433 30.0
507327.5276902605 3881237.315661433 30.0
507327.72818294424 3881237.4156309413 30.0
507327.72818294424 3881237.4156309413 30.0
507327.9195497212 3881237.526682864 30.0
507327.9195497212 3881237.526682864 30.0
507328.12004239595 3881237.626652381 30.0
507328.3205261285 3881237.7377116615 30.0
507328.3205261285 3881237.7377116615 30.0
507328.3205261285 3881237.7377116615 30.0
507328.5301268116 3881237.8487782967 30.0
507328.5301268116 3881237.8487782967 30.0
507328.7488355113 3881237.9709420446 30.0
507328.967544205 3881238.0931058 30.0
507328.967544205 3881238.0931058 30.0
507329.1862618341 3881238.204179799 30.0
507329.1862618341 3881238.204179799 30.0
507329.1862618341 3881238.204179799 30.0
507329.4049705164 3881238.3263435643 30.0
507329.6328050964 3881238.437424926 30.0
507329.6328050964 3881238.437424926 30.0
507329.8606307265 3881238.559596053 30.0
507329.8606307265 3881238.559596053 30.0
507329.8606307265 3881238.559596053 30.0
507330.08845635044 3881238.6817671848 30.0
507330.08845635044 3881238.6817671848 30.0
507330.316281966 3881238.803938324 30.0
507330.5441165229 3881238.915019708 30.0
507330.5441165229 3881238.915019708 30.0
507330.5441165229 3881238.915019708 30.0
507330.7719421288 3881239.0371908587 30.0
507330.999776672 3881239.148272255 30.0
507330.999776672 3881239.148272255 30.0
507331.2184853073 3881239.270436065 30.0
507331.2184853073 3881239.270436065 30.0
507331.2184853073 3881239.270436065 30.0
507331.4372028806 3881239.381510118 30.0
507331.4372028806 3881239.381510118 30.0
507331.65592044865 3881239.492584178 30.0
507331.65592044865 3881239.492584178 30.0
507331.85640409694 3881239.603643537 30.0
507331.85640409694 3881239.603643537 30.0
507332.05689668044 3881239.7036131416 30.0
507332.05689668044 3881239.7036131416 30.0
507332.25738926185 3881239.8035827507 30.0
507332.43965686794 3881239.892447897 30.0
507332.43965686794 3881239.892447897 30.0
507332.43965686794 3881239.892447897 30.0
507332.62192446814 3881239.981313048 30.0
507332.7950751092 3881240.0701708477 30.0
507332.7950751092 3881240.0701708477 30.0
507332.7950751092 3881240.0701708477 30.0
507333.13226836734 3881240.2367893443 30.0
507333.13226836734 3881240.2367893443 30.0
507333.2871940272 3881240.3145426842 30.0
507333.4421286332 3881240.381206269 30.0
507333.2871940272 3881240.3145426842 30.0
507333.5879462771 3881240.4478625027 30.0
507333.5879462771 3881240.4478625027 30.0
507333.7246380147 3881240.5256011407 30.0
507333.7246380147 3881240.5256011407 30.0
507333.7246380147 3881240.5256011407 30.0
507333.8522217395 3881240.5922426684 30.0
507333.9889313691 3881240.647801792 30.0
507333.9889313691 3881240.647801792 30.0
507333.9889313691 3881240.647801792 30.0
507334.107398133 3881240.714435967 30.0
507334.107398133 3881240.714435967 30.0
507334.2258738426 3881240.769980384 30.0
507334.2258738426 3881240.769980384 30.0
507334.3352325936 3881240.825517448 30.0
507334.4445913432 3881240.8810545127 30.0
507334.4445913432 3881240.8810545127 30.0
507334.5448420823 3881240.9254944636 30.0
507334.4445913432 3881240.8810545127 30.0
507334.5448420823 3881240.9254944636 30.0
507334.6450838725 3881240.9810241736 30.0
507334.74533460947 3881241.025464128 30.0
507334.6450838725 3881240.9810241736 30.0
507334.74533460947 3881241.025464128 30.0
507334.8455763974 3881241.0809938405 30.0
507334.8455763974 3881241.0809938405 30.0
507334.95493514085 3881241.1365309115 30.0
507335.064293883 3881241.192067983 30.0
507335.064293883 3881241.192067983 30.0
507335.18276958045 3881241.2476124135 30.0
507335.18276958045 3881241.2476124135 30.0
507335.31035328447 3881241.3142539607 30.0
507335.31035328447 3881241.3142539607 30.0
507335.4561708998 3881241.380910223 30.0
507335.31035328447 3881241.3142539607 30.0
507335.62021347915 3881241.458670961 30.0
507335.62021347915 3881241.458670961 30.0
507335.62021347915 3881241.458670961 30.0
507335.77513909707 3881241.536424344 30.0
507335.93917272147 3881241.6252748473 30.0
507335.93917272147 3881241.6252748473 30.0
507335.93917272147 3881241.6252748473 30.0
507336.11233224627 3881241.703042952 30.0
507336.11233224627 3881241.703042952 30.0
507336.29459977674 3881241.791908176 30.0
507336.29459977674 3881241.791908176 30.0
507336.48597530957 3881241.8918705215 30.0
507336.8778522691 3881242.0807128227 30.0
507336.8778522691 3881242.0807128227 30.0
507337.087461701 3881242.1806898974 30.0
507337.087461701 3881242.1806898974 30.0
507337.27883721463 3881242.2806522585 30.0
507337.27883721463 3881242.2806522585 30.0
507337.64336327225 3881242.469472518 30.0
507337.64336327225 3881242.469472518 30.0
507337.64336327225 3881242.469472518 30.0
507337.8165048653 3881242.5694201714 30.0
507337.8165048653 3881242.5694201714 30.0
507337.9896554065 3881242.65827807 30.0
507337.9896554065 3881242.65827807 30.0
507338.1445720339 3881242.747121255 30.0
507338.1445720339 3881242.747121255 30.0
507338.29038065317 3881242.824867321 30.0
507338.29038065317 3881242.824867321 30.0
507338.42706336244 3881242.913695791 30.0
507338.56376397435 3881242.980344743 30.0
507338.56376397435 3881242.980344743 30.0
507338.782481369 3881243.0914189755 30.0
507338.56376397435 3881242.980344743 30.0
507338.85538119805 3881243.135836894 30.0
507338.85538119805 3881243.135836894 30.0
507338.9191730248 3881243.169157693 30.0
507338.9191730248 3881243.169157693 30.0
507338.9191730248 3881243.169157693 30.0
507338.98296484875 3881243.202478493 30.0
507339.02852276515 3881243.235784571 30.0
507339.02852276515 3881243.235784571 30.0
507339.07408963214 3881243.2580008926 30.0
507339.07408963214 3881243.2580008926 30.0
507339.07408963214 3881243.2580008926 30.0
507339.11053954426 3881243.2802098524 30.0
507339.11053954426 3881243.2802098524 30.0
507339.14698945853 3881243.302418812 30.0
507339.14698945853 3881243.302418812 30.0
507339.1652144144 3881243.313523294 30.0
507339.1652144144 3881243.313523294 30.0
507339.17433136905 3881243.313530654 30.0
507339.17433136905 3881243.313530654 30.0
507339.17433136905 3881243.313530654 30.0
507339.1652144144 3881243.313523294 30.0
507339.1652144144 3881243.313523294 30.0
507339.1652144144 3881243.313523294 30.0
507339.14698945853 3881243.302418812 30.0
507339.14698945853 3881243.302418812 30.0
507339.13787250384 3881243.302411452 30.0
507339.13787250384 3881243.302411452 30.0
507339.11964754557 3881243.2913069725 30.0
507339.1014225919 3881243.280202491 30.0
507339.1014225919 3881243.280202491 30.0
507339.1014225919 3881243.280202491 30.0
507339.09230563726 3881243.280195131 30.0
507339.09230563726 3881243.280195131 30.0
507339.08318868023 3881243.2801877707 30.0
507339.08318868023 3881243.2801877707 30.0
507339.08318868023 3881243.2801877707 30.0
507339.08318868023 3881243.2801877707 30.0
507339.08318868023 3881243.2801877707 30.0
507339.08318868023 3881243.2801877707 30.0
507339.08318868023 3881243.2801877707 30.0
507339.09230563726 3881243.280195131 30.0
507339.09230563726 3881243.280195131 30.0
507339.09230563726 3881243.280195131 30.0
507339.09230563726 3881243.280195131 30.0
507339.09230563726 3881243.280195131 30.0
507339.09230563726 3881243.280195131 30.0
507339.09230563726 3881243.280195131 30.0
507339.09230563726 3881243.280195131 30.0
507339.09230563726 3881243.280195131 30.0
507339.09230563726 3881243.280195131 30.0
507339.09230563726 3881243.280195131 30.0
507339.09230563726 3881243.280195131 30.0
507339.09230563726 3881243.280195131 30.0
507339.09230563726 3881243.280195131 30.0
507339.09230563726 3881243.280195131 30.0
507339.09230563726 3881243.280195131 30.0
507339.09230563726 3881243.280195131 30.0
507339.09230563726 3881243.280195131 30.0
507339.09230563726 3881243.280195131 30.0
507339.09230563726 3881243.280195131 30.0
507339.09230563726 3881243.280195131 30.0
507339.09230563726 3881243.280195131 30.0
507339.09230563726 3881243.280195131 30.0
507339.09230563726 3881243.280195131 30.0
507339.09230563726 3881243.280195131 30.0
507339.09230563726 3881243.280195131 30.0
507339.09230563726 3881243.280195131 30.0
507339.09230563726 3881243.280195131 30.0
507339.09230563726 3881243.280195131 30.0
507339.09230563726 3881243.280195131 30.0
507339.09230563726 3881243.280195131 30.0
507339.09230563726 3881243.280195131 30.0
507339.09230563726 3881243.280195131 30.0
507339.09230563726 3881243.280195131 30.0
507339.09230563726 3881243.280195131 30.0
507339.09230563726 3881243.280195131 30.0
507339.09230563726 3881243.280195131 30.0
507339.09230563726 3881243.280195131 30.0
507339.09230563726 3881243.280195131 30.0
507339.09230563726 3881243.280195131 30.0
507339.09230563726 3881243.280195131 30.0
507339.09230563726 3881243.280195131 30.0
507339.09230563726 3881243.280195131 30.0
507339.09230563726 3881243.280195131 30.0
507339.09230563726 3881243.280195131 30.0
507339.08318868023 3881243.2801877707 30.0
507339.08318868023 3881243.2801877707 30.0
507339.08318868023 3881243.2801877707 30.0
507339.08318868023 3881243.2801877707 30.0
507339.08318868023 3881243.2801877707 30.0
507339.08318868023 3881243.2801877707 30.0
507339.08318868023 3881243.2801877707 30.0
507339.0740717256 3881243.28018041 30.0
507339.0740717256 3881243.28018041 30.0
507339.0740717256 3881243.28018041 30.0
507339.0740717256 3881243.28018041 30.0
507339.07408067887 3881243.2690906506 30.0
507339.0740717256 3881243.28018041 30.0
507339.07408067887 3881243.2690906506 30.0
507339.07408067887 3881243.2690906506 30.0
507339.07408067887 3881243.2690906506 30.0
507339.07408067887 3881243.2690906506 30.0
507339.07408067887 3881243.2690906506 30.0
507339.07408067887 3881243.2690906506 30.0
507339.07408067887 3881243.2690906506 30.0
507339.07408067887 3881243.2690906506 30.0
507339.07408067887 3881243.2690906506 30.0
507339.07408067887 3881243.2690906506 30.0
507339.07408067887 3881243.2690906506 30.0
507339.07408067887 3881243.2690906506 30.0
507339.07408067887 3881243.2690906506 30.0
507339.07408067887 3881243.2690906506 30.0
507339.07408067887 3881243.2690906506 30.0
507339.07408067887 3881243.2690906506 30.0
507339.07408067887 3881243.2690906506 30.0
507339.07408067887 3881243.2690906506 30.0
507339.07408067887 3881243.2690906506 30.0
507339.07408067887 3881243.2690906506 30.0
507339.07408067887 3881243.2690906506 30.0
507339.07408067887 3881243.2690906506 30.0
507339.07408067887 3881243.2690906506 30.0
507339.07408067887 3881243.2690906506 30.0
507339.07408067887 3881243.2690906506 30.0
507339.07408067887 3881243.2690906506 30.0
507339.07408067887 3881243.2690906506 30.0
507339.07408067887 3881243.2690906506 30.0
507339.07408067887 3881243.2690906506 30.0
507339.07408067887 3881243.2690906506 30.0
507339.07408067887 3881243.2690906506 30.0
507339.07408067887 3881243.2690906506 30.0
507339.07408067887 3881243.2690906506 30.0
507339.07408067887 3881243.2690906506 30.0
507339.07408067887 3881243.2690906506 30.0
507339.07408067887 3881243.2690906506 30.0
507339.07408067887 3881243.2690906506 30.0
507339.07408067887 3881243.2690906506 30.0
507339.07408067887 3881243.2690906506 30.0
507339.07408067887 3881243.2690906506 30.0
507339.07408067887 3881243.2690906506 30.0
507339.07408067887 3881243.2690906506 30.0
507339.07408067887 3881243.2690906506 30.0
507339.07408067887 3881243.2690906506 30.0
507339.07408067887 3881243.2690906506 30.0
507339.07408067887 3881243.2690906506 30.0
507339.07408067887 3881243.2690906506 30.0
507339.07408067887 3881243.2690906506 30.0
507339.07408067887 3881243.2690906506 30.0
507339.07408067887 3881243.2690906506 30.0
507339.07408067887 3881243.2690906506 30.0
507339.07408067887 3881243.2690906506 30.0
507339.07408067887 3881243.2690906506 30.0
507339.07408067887 3881243.2690906506 30.0
507339.07408067887 3881243.2690906506 30.0
507339.07408067887 3881243.2690906506 30.0
507339.07408067887 3881243.2690906506 30.0
507339.07408067887 3881243.2690906506 30.0
507339.07408067887 3881243.2690906506 30.0
507339.07408067887 3881243.2690906506 30.0
507339.07408067887 3881243.2690906506 30.0
507339.07408067887 3881243.2690906506 30.0
507339.07408067887 3881243.2690906506 30.0
507339.07408067887 3881243.2690906506 30.0
507339.07408067887 3881243.2690906506 30.0
507339.07408067887 3881243.2690906506 30.0
507339.07408067887 3881243.2690906506 30.0
507339.07408067887 3881243.2690906506 30.0
507339.0740717256 3881243.28018041 30.0
507339.07408067887 3881243.2690906506 30.0
507339.0740717256 3881243.28018041 30.0
507339.0740717256 3881243.28018041 30.0
507339.0740717256 3881243.28018041 30.0
507339.0740717256 3881243.28018041 30.0
507339.0740717256 3881243.28018041 30.0
507339.0740717256 3881243.28018041 30.0
507339.0740717256 3881243.28018041 30.0
507339.0740717256 3881243.28018041 30.0
507339.0740717256 3881243.28018041 30.0
507339.0740717256 3881243.28018041 30.0
507339.0740717256 3881243.28018041 30.0
507339.0740717256 3881243.28018041 30.0
507339.0740717256 3881243.28018041 30.0
507339.0740717256 3881243.28018041 30.0
507339.0740717256 3881243.28018041 30.0
507339.0740717256 3881243.28018041 30.0
507339.0740717256 3881243.28018041 30.0
507339.0740717256 3881243.28018041 30.0
507339.0740717256 3881243.28018041 30.0
507339.0740717256 3881243.28018041 30.0
507339.0740717256 3881243.28018041 30.0
507339.0740717256 3881243.28018041 30.0
507339.07408067887 3881243.2690906506 30.0
507339.07408067887 3881243.2690906506 30.0
