302442.9795	4123678.981	180
302443.4182	4123679.88	180
302443.8561	4123680.779	180
302444.294	4123681.678	180
302444.732	4123682.577	180
302445.1701	4123683.476	180
302445.6082	4123684.375	180
302446.0593	4123685.267	180
302446.528	4123686.151	180
302446.9969	4123687.034	180
302447.4657	4123687.917	180
302447.9349	4123688.8	180
302448.4041	4123689.683	180
302448.8733	4123690.566	180
302449.3448	4123691.448	180
302449.8163	4123692.33	180
302450.2878	4123693.212	180
302450.7593	4123694.094	180
302451.2309	4123694.976	180
302451.7149	4123695.851	180
302452.1998	4123696.725	180
302452.6847	4123697.6	180
302453.1696	4123698.474	180
302453.6546	4123699.349	180
302454.1397	4123700.223	180
302454.6479	4123701.084	180
302455.1532	4123701.947	180
302455.656	4123702.812	180
302456.1596	4123703.676	180
302456.6318	4123704.557	180
302457.1262	4123705.426	180
302457.6109	4123706.301	180
302458.104	4123707.171	180
302458.5987	4123708.04	180
302459.0821	4123708.915	180
302459.5601	4123709.794	180
302460.0489	4123710.666	180
302460.5392	4123711.538	180
302461.0199	4123712.414	180
302461.5099	4123713.286	180
302462.0031	4123714.156	180
302462.4972	4123715.025	180
302462.9859	4123715.898	180
302463.4712	4123716.772	180
302463.9416	4123717.654	180
302464.4235	4123718.53	180
302464.9062	4123719.406	180
302465.388	4123720.282	180
302465.8701	4123721.158	180
302466.3526	4123722.034	180
302466.8353	4123722.91	180
302467.317	4123723.786	180
302467.8034	4123724.66	180
302468.2889	4123725.534	180
302468.7708	4123726.411	180
302469.2538	4123727.286	180
302469.74	4123728.16	180
302470.2267	4123729.034	180
302470.7128	4123729.908	180
302471.1968	4123730.783	180
302471.6807	4123731.658	180
302472.1669	4123732.532	180
302472.6546	4123733.405	180
302473.1392	4123734.279	180
302473.623	4123735.154	180
302474.1093	4123736.028	180
302474.594	4123736.903	180
302475.0773	4123737.778	180
302475.56	4123738.654	180
302476.0441	4123739.529	180
302476.5289	4123740.404	180
302477.0166	4123741.277	180
302477.5013	4123742.152	180
302477.987	4123743.026	180
302478.4718	4123743.9	180
302478.953	4123744.777	180
302479.4377	4123745.652	180
302479.9258	4123746.524	180
302480.402	4123747.404	180
302480.8877	4123748.278	180
302481.3829	4123749.146	180
302481.8688	4123750.02	180
302482.3453	4123750.899	180
302482.8359	4123751.771	180
302483.3235	4123752.644	180
302483.8055	4123753.52	180
302484.2844	4123754.398	180
302484.7699	4123755.272	180
302485.2536	4123756.147	180
302485.7429	4123757.019	180
302486.2285	4123757.894	180
302486.7116	4123758.769	180
302487.1892	4123759.648	180
302487.6711	4123760.524	180
302488.1591	4123761.397	180
302488.6458	4123762.27	180
302489.1327	4123763.144	180
302489.6172	4123764.018	180
302490.1032	4123764.892	180
302490.5882	4123765.767	180
302491.0757	4123766.64	180
302491.5537	4123767.518	180
302492.0377	4123768.393	180
302492.392	4123769.268	180
302492.8881	4123770.136	180
302493.3843	4123771.004	130
302493.8804	4123771.873	130
302494.3766	4123772.741	130
302494.8727	4123773.609	130
302495.3688	4123774.477	130
302495.865	4123775.346	130
302496.3611	4123776.214	130
302496.8573	4123777.082	130
302497.3534	4123777.95	130
302497.8495	4123778.819	130
302498.3457	4123779.687	130
302498.8418	4123780.555	130
302499.3379	4123781.423	130
302499.8341	4123782.292	130
302500.1928	4123782.95	130
302500.5243	4123783.595	130
302500.8286	4123784.227	130
302501.1056	4123784.846	130
302501.3554	4123785.451	130
302501.578	4123786.044	130
302501.7734	4123786.623	130
302501.9415	4123787.188	130
302502.0825	4123787.741	130
302502.1962	4123788.28	130
302502.2826	4123788.806	130
302502.3419	4123789.319	130
302502.3739	4123789.819	130
302502.3787	4123790.305	130
302502.3562	4123790.778	130
302502.3065	4123791.238	130
302502.2297	4123791.685	130
302502.1255	4123792.118	130
302501.9942	4123792.538	130
302501.8356	4123792.945	130
302501.6498	4123793.339	130
302501.4368	4123793.72	130
302501.1966	4123794.087	130
302500.9291	4123794.441	130
302500.6344	4123794.782	130
302500.3125	4123795.11	130
302499.9633	4123795.424	130
302499.5869	4123795.725	130
302499.1833	4123796.013	130
302498.7525	4123796.288	130
302498.2945	4123796.549	130
302497.8092	4123796.798	130
302497.2967	4123797.033	130
302496.757	4123797.254	130
302495.8791	4123797.733	130
302495.0012	4123798.212	130
302494.1233	4123798.691	130
302493.2454	4123799.169	130
302492.3676	4123799.648	130
302491.4897	4123800.127	130
302490.6118	4123800.606	130
302489.7339	4123801.085	130
302488.856	4123801.564	130
302487.9781	4123802.043	130
302487.1002	4123802.521	130
302486.2223	4123803	130
302485.3444	4123803.479	130
302484.4665	4123803.958	130
302483.5887	4123804.437	130
302482.7108	4123804.916	130
302481.8329	4123805.395	130
302480.955	4123805.874	130
302480.0771	4123806.352	130
302479.1992	4123806.831	130
302478.3213	4123807.31	130
302477.4434	4123807.789	130
302476.5655	4123808.268	130
302475.6876	4123808.747	130
302474.8098	4123809.226	130
302473.9319	4123809.704	130
302473.054	4123810.183	130
302472.5428	4123810.456	130
302472.0507	4123810.738	130
302471.5777	4123811.029	130
302471.1239	4123811.33	130
302470.6891	4123811.64	130
302470.2734	4123811.959	130
302469.8769	4123812.287	130
302469.4994	4123812.625	130
302469.1411	4123812.973	130
302468.8018	4123813.329	130
302468.4817	4123813.695	130
302468.1807	4123814.07	130
302467.8988	4123814.455	130
302467.636	4123814.849	130
302467.3923	4123815.252	130
302467.1676	4123815.665	130
302466.9622	4123816.086	130
302466.7758	4123816.518	130
302466.6085	4123816.958	130
302466.4603	4123817.408	130
302466.3312	4123817.867	130
302466.2213	4123818.336	130
302466.1304	4123818.814	130
302466.0586	4123819.301	130
302466.006	4123819.798	130
302465.9724	4123820.303	130
302465.958	4123820.819	130
302465.9627	4123821.343	130
302465.9865	4123821.877	130
302466.0293	4123822.42	130
302466.0913	4123822.973	130
302466.1724	4123823.535	130
302466.2726	4123824.106	130
302466.3919	4123824.686	130
302466.5303	4123825.276	130
302466.6878	4123825.875	130
302466.8644	4123826.484	130
302467.1482	4123827.278	130
302467.5081	4123827.981	130
302467.9882	4123828.858	130
302468.4682	4123829.736	130
302468.9483	4123830.613	130
302469.4284	4123831.49	130
302469.9085	4123832.367	130
302470.3886	4123833.245	130
302470.8686	4123834.122	130
302471.3487	4123834.999	130
302471.8288	4123835.876	130
302472.3089	4123836.753	130
302472.789	4123837.631	130
302473.269	4123838.508	130
302473.7491	4123839.385	130
302474.2292	4123840.262	130
302474.7093	4123841.14	130
302475.1894	4123842.017	130
302475.6694	4123842.894	130
302476.1495	4123843.771	130
302476.6296	4123844.648	130
302477.0795	4123845.542	130
302477.5294	4123846.435	130
302477.9793	4123847.328	130
302478.4292	4123848.221	130
302478.8791	4123849.114	130
302479.329	4123850.007	130
302479.6736	4123850.496	130
302480.0298	4123850.954	130
302480.3973	4123851.381	130
302480.7763	4123851.777	130
302481.1668	4123852.142	130
302481.5688	4123852.475	130
302481.9821	4123852.778	130
302482.407	4123853.05	130
302482.8433	4123853.291	130
302483.2911	4123853.501	130
302483.7503	4123853.679	130
302484.221	4123853.827	130
302484.7031	4123853.944	130
302485.1968	4123854.029	130
302485.7018	4123854.084	130
302486.2183	4123854.108	130
302486.7463	4123854.1	130
302487.2858	4123854.062	130
302487.8366	4123853.992	130
302488.399	4123853.892	130
302488.9728	4123853.761	130
302489.5581	4123853.598	130
302490.1548	4123853.405	130
302490.763	4123853.18	130
302491.315	4123852.967	130
302492.1967	4123852.495	130
302493.0783	4123852.023	130
302493.96	4123851.551	130
302494.8417	4123851.08	130
302495.7234	4123850.608	130
302496.605	4123850.136	180
302497.4867	4123849.664	180
302498.3684	4123849.192	180
302499.25	4123848.72	180
302500.1317	4123848.248	180
302501.0134	4123847.776	180
302501.895	4123847.305	180
302502.7767	4123846.833	180
302503.6584	4123846.361	180
302504.5401	4123845.889	130
302505.4217	4123845.417	130
302506.3034	4123844.945	130
302507.1851	4123844.473	130
302508.0667	4123844.002	130
302508.9484	4123843.53	130
302509.8301	4123843.058	130
302510.7117	4123842.586	130
302511.5934	4123842.114	130
302512.4751	4123841.642	130
302513.3568	4123841.17	130
302514.2384	4123840.698	130
302515.1201	4123840.227	130
302515.7344	4123839.904	130
302516.3408	4123839.6	130
302516.9393	4123839.316	130
302517.5298	4123839.052	130
302518.1123	4123838.807	130
302518.687	4123838.582	130
302519.2537	4123838.377	130
302519.8124	4123838.192	130
302520.3632	4123838.027	130
302520.9061	4123837.881	130
302521.441	4123837.755	130
302521.968	4123837.649	130
302522.4871	4123837.562	130
302522.9982	4123837.496	130
302523.5014	4123837.449	130
302523.9966	4123837.421	130
302524.4839	4123837.414	130
302524.9633	4123837.426	130
302525.4347	4123837.458	130
302525.8982	4123837.51	130
302526.3537	4123837.582	130
302526.8013	4123837.673	130
302527.241	4123837.784	130
302527.6727	4123837.915	130
302528.0965	4123838.065	130
302528.5124	4123838.236	130
302528.9203	4123838.426	130
302529.3202	4123838.636	130
302529.7123	4123838.865	130
302530.0963	4123839.114	130
302530.4725	4123839.384	130
302530.8407	4123839.672	130
302531.201	4123839.981	130
302531.5533	4123840.309	130
302531.8977	4123840.657	130
302532.2341	4123841.025	130
302532.5627	4123841.413	130
302532.8832	4123841.82	130
302533.1959	4123842.247	130
302533.5006	4123842.694	130
302533.7973	4123843.161	130
302534.0861	4123843.647	130
302534.367	4123844.153	130
302534.6399	4123844.679	130
302534.9049	4123845.225	130
302535.208	4123845.774	130
302535.6823	4123846.654	130
302536.1566	4123847.535	130
302536.6309	4123848.415	130
302537.1052	4123849.295	130
302537.5795	4123850.176	130
302538.0537	4123851.056	180
302538.528	4123851.937	180
302539.0023	4123852.817	180
302539.4766	4123853.697	180
302539.9509	4123854.578	180
302540.4252	4123855.458	180
302540.8995	4123856.338	180
302541.3738	4123857.219	180
302541.8481	4123858.099	180
302542.3021	4123858.868	180
302542.788	4123859.742	180
302543.2732	4123860.617	180
302543.7579	4123861.492	180
302544.2433	4123862.366	180
302544.729	4123863.24	180
302545.2137	4123864.115	180
302545.585	4123864.796	180
302546.0781	4123865.666	180
302546.5712	4123866.536	180
302547.0643	4123867.406	180
302547.5574	4123868.276	180
302548.0505	4123869.146	180
302548.5436	4123870.016	180
302549.0367	4123870.886	180
302549.5298	4123871.756	180
302550.0229	4123872.626	180
302550.516	4123873.496	180
302551.0091	4123874.366	180
302551.5022	4123875.236	180
302551.9956	4123876.105	180
302552.489	4123876.975	180
302552.9823	4123877.845	180
302553.4754	4123878.715	180
302553.9685	4123879.585	180
302554.4616	4123880.455	180
302554.9547	4123881.325	180
302555.4478	4123882.195	180
302555.9409	4123883.065	180
302556.4342	4123883.935	180
302556.9274	4123884.805	180
302557.4207	4123885.675	180
302557.9138	4123886.545	180
302558.4069	4123887.415	180
302558.9	4123888.285	180
302559.242	4123888.888	180
302559.242	4123888.888	180
302559.7277	4123889.762	180
302560.2134	4123890.636	180
302560.6992	4123891.51	180
302561.185	4123892.384	180
302561.6709	4123893.258	180
302562.1549	4123894.133	180
302562.633	4123895.012	180
302563.111	4123895.89	180
302563.5891	4123896.768	180
302564.0672	4123897.647	180
302564.5474	4123898.524	180
302565.0345	4123899.397	180
302565.5216	4123900.271	180
302566.0084	4123901.144	180
302566.4951	4123902.018	180
302566.9806	4123902.892	180
302567.4657	4123903.766	180
302567.9506	4123904.641	180
302568.4339	4123905.516	180
302568.9005	4123906.401	180
302569.3671	4123907.285	180
302569.827	4123908.157	180
302569.827	4123908.157	180
302570.2934	4123909.042	180
302570.7598	4123909.926	180
302571.2263	4123910.811	180
302571.6853	4123911.699	180
302572.1404	4123912.589	180
302572.5955	4123913.48	180
302573.049	4123914.371	180
302573.5025	4123915.262	180
302573.956	4123916.154	180
302574.4083	4123917.046	180
302574.8606	4123917.937	180
302575.3129	4123918.829	180
302575.7655	4123919.721	180
302576.2034	4123920.62	180
302576.6402	4123921.52	180
302577.0769	4123922.419	180
302577.51	4123923.321	180
302577.9427	4123924.222	180
302578.3752	4123925.124	180
302578.8059	4123926.026	180
302579.2338	4123926.93	180
302579.6612	4123927.834	180
302580.0886	4123928.738	180
302580.51	4123929.645	180
302580.9298	4123930.553	180
302581.3491	4123931.46	180
302581.7674	4123932.369	180
302582.1853	4123933.277	180
302582.5949	4123934.19	180
302582.9977	4123935.105	180
302583.4005	4123936.02	180
302583.7948	4123936.939	180
302584.183	4123937.861	180
302584.5712	4123938.782	180
302584.9572	4123939.705	180
302585.3409	4123940.628	180
302585.7246	4123941.552	180
302586.0964	4123942.48	180
302586.4576	4123943.412	180
302586.8184	4123944.345	180
302587.1806	4123945.277	180
302587.5444	4123946.209	180
302587.9083	4123947.14	180
302588.2725	4123948.071	180
302588.6371	4123949.002	180
302588.9752	4123949.944	180
302589.3117	4123950.885	180
302589.6482	4123951.827	180
302589.9706	4123952.774	180
302590.2918	4123953.721	180
302590.6134	4123954.667	180
302590.9297	4123955.616	180
302591.2346	4123956.568	180
302591.5396	4123957.521	180
302591.8413	4123958.474	180
302592.1241	4123959.433	180
302592.4037	4123960.393	180
302592.6834	4123961.354	180
302592.9634	4123962.314	180
302593.2434	4123963.274	180
302593.5136	4123964.236	180
302593.7798	4123965.2	180
302594.0467	4123966.164	180
302594.2882	4123967.134	180
302594.4924	4123968.113	180
302594.6967	4123969.092	180
302594.8962	4123970.072	180
302595.0668	4123971.057	180
302595.217	4123972.045	180
302595.3672	4123973.034	180
302595.5041	4123974.025	180
302595.6238	4123975.017	180
302595.7435	4123976.01	180
302595.8536	4123977.004	180
302595.9443	4123978	180
302596.0349	4123978.996	180
302596.1093	4123979.993	180
302596.1793	4123980.991	180
302596.2493	4123981.988	180
302596.3114	4123982.986	180
302596.3635	4123983.985	180
302596.4156	4123984.983	180
302596.4667	4123985.982	180
302596.5165	4123986.981	180
302596.5629	4123987.98	180
302596.6065	4123988.979	180
302596.636	4123989.653	180
302596.6644	4123990.653	180
302596.6928	4123991.652	180
302596.7213	4123992.652	180
302596.7494	4123993.651	180
302596.7775	4123994.651	180
302596.8056	4123995.651	180
302596.8341	4123996.65	180
302596.8625	4123997.65	180
302596.891	4123998.649	180
302596.9194	4123999.649	180
302596.9479	4124000.649	180
302596.9763	4124001.648	180
302597.0044	4124002.648	180
302597.0325	4124003.647	180
302597.0606	4124004.647	180
302597.0891	4124005.647	180
302597.1175	4124006.646	180
302597.146	4124007.646	180
302597.1744	4124008.645	180
302597.2029	4124009.645	180
302597.2313	4124010.645	180
302597.2595	4124011.644	180
302597.2878	4124012.644	180
302597.313	4124013.536	180
302597.4258	4124014.53	180
302597.5385	4124015.523	180
302597.6571	4124016.516	180
302597.7828	4124017.508	180
302597.9084	4124018.5	180
302598.0326	4124019.493	180
302598.1539	4124020.485	180
302598.2734	4124021.478	180
302598.3928	4124022.471	180
302598.5121	4124023.464	180
302598.631	4124024.457	180
302598.7508	4124025.449	180
302598.8733	4124026.442	180
302598.9958	4124027.434	180
302599.1182	4124028.427	180
302599.2403	4124029.419	180
302599.3623	4124030.412	180
302599.4848	4124031.404	180
302599.6051	4124032.397	180
302599.7247	4124033.39	180
302599.8442	4124034.383	180
302599.9647	4124035.375	180
302600.0853	4124036.368	180
302600.2059	4124037.361	180
302600.3265	4124038.354	180
302600.4028	4124039.351	180
302600.4756	4124040.348	180
302600.4955	4124041.348	180
302600.5155	4124042.348	180
302600.5354	4124043.347	180
302600.541	4124044.347	180
302600.539	4124045.347	180
302600.5377	4124046.347	180
302600.537	4124046.936	180
302600.5393	4124047.936	130
302600.5416	4124048.936	130
302600.544	4124049.936	130
302600.546	4124050.936	130
302600.548	4124051.936	130
302600.55	4124052.936	130
302600.5523	4124053.936	130
302600.5547	4124054.936	130
302600.557	4124055.936	130
302600.5592	4124056.936	130
302600.561	4124057.7	130
302600.4037	4124058.937	130
302600.0811	4124059.883	130
302599.7584	4124060.83	130
302599.4358	4124061.776	130
302599.1132	4124062.723	130
302598.7906	4124063.669	130
302598.468	4124064.616	130
302598.1454	4124065.562	130
302597.8227	4124066.509	130
302597.42	4124067.391	130
302597.0306	4124068.3	130
302597.0134	4124069.3	130
302597.0012	4124070.299	130
302596.9891	4124071.299	130
302596.9783	4124072.299	130
302596.9739	4124073.299	180
302596.9696	4124074.299	180
302596.9652	4124075.299	180
302596.9609	4124076.299	180
302596.9566	4124077.299	180
302596.9522	4124078.299	180
302596.9475	4124079.299	180
302596.9428	4124080.299	180
302596.9378	4124081.299	180
302596.9324	4124082.299	180
302596.927	4124083.299	180
302596.9217	4124084.299	180
302596.9163	4124085.299	180
302596.911	4124086.299	180
302596.9056	4124087.299	180
302596.8999	4124088.299	180
302596.8942	4124089.299	180
302596.8885	4124090.299	180
302596.8831	4124091.299	180
302596.8778	4124092.299	180
302596.8724	4124093.299	180
302596.8668	4124094.299	180
302596.863	4124094.975	130
302596.874	4124095.975	130
302596.885	4124096.975	130
302596.896	4124097.975	130
302596.9074	4124098.975	130
302596.9187	4124099.975	130
302596.9301	4124100.975	130
302596.9411	4124101.975	130
302596.9521	4124102.975	130
302596.9632	4124103.974	130
302596.9745	4124104.974	130
302597.1686	4124105.651	130
302597.3178	4124106.196	130
302597.3669	4124106.926	130
302597.4055	4124107.644	130
302597.4338	4124108.349	130
302597.4517	4124109.042	130
302597.4593	4124109.723	130
302597.4564	4124110.391	130
302597.4432	4124111.047	130
302597.4196	4124111.69	130
302597.3856	4124112.321	130
302597.3413	4124112.94	130
302597.2866	4124113.546	130
302597.2215	4124114.14	130
302597.146	4124114.721	130
302597.0601	4124115.29	130
302596.9639	4124115.847	130
302596.8573	4124116.391	130
302596.7403	4124116.923	130
302596.6129	4124117.443	130
302596.4752	4124117.95	130
302596.3271	4124118.445	130
302596.1686	4124118.927	130
302595.9997	4124119.397	130
302595.8204	4124119.855	130
302595.6308	4124120.3	130
302595.4308	4124120.733	130
302595.2204	4124121.154	130
302594.9997	4124121.562	130
302594.7685	4124121.958	130
302594.527	4124122.341	130
302594.2751	4124122.713	130
302594.0129	4124123.071	130
302593.7402	4124123.417	130
302593.4572	4124123.751	130
302593.1638	4124124.073	130
302592.86	4124124.382	130
302592.5459	4124124.679	130
302592.2213	4124124.963	130
302591.8864	4124125.235	130
302591.5411	4124125.495	130
302591.1855	4124125.742	130
302590.8195	4124125.977	130
302590.443	4124126.2	130
302590.0562	4124126.41	130
302589.6591	4124126.608	130
302589.2515	4124126.793	130
302588.8336	4124126.966	130
302588.4053	4124127.127	130
302587.9666	4124127.275	130
302587.5176	4124127.411	130
302587.0582	4124127.534	130
302586.5883	4124127.645	130
302586.1082	4124127.744	130
302585.6176	4124127.831	130
302585.1167	4124127.905	130
302584.6053	4124127.966	130
302584.0837	4124128.015	130
302583.5516	4124128.052	130
302583.0091	4124128.077	130
302582.4563	4124128.089	130
302581.8931	4124128.089	130
302581.3195	4124128.076	130
302580.3195	4124128.085	130
302579.3196	4124128.094	130
302578.3196	4124128.104	130
302577.3197	4124128.113	130
302576.3197	4124128.122	130
302575.3198	4124128.131	130
302574.3198	4124128.14	130
302573.3198	4124128.15	130
302572.3199	4124128.159	130
302571.3199	4124128.168	130
302570.32	4124128.177	130
302569.32	4124128.187	180
302568.3201	4124128.196	180
302567.3201	4124128.205	180
302566.3201	4124128.214	180
302565.3202	4124128.223	180
302564.3202	4124128.233	180
302563.3203	4124128.242	180
302562.3203	4124128.251	180
302561.3203	4124128.26	180
302560.3204	4124128.269	180
302559.3204	4124128.279	180
302558.3205	4124128.288	180
302557.3205	4124128.297	180
302556.3206	4124128.306	180
302555.3206	4124128.315	180
302554.3206	4124128.325	130
302553.3207	4124128.334	130
302552.3207	4124128.343	130
302551.3208	4124128.352	130
302550.3208	4124128.361	130
302549.3209	4124128.371	130
302548.3209	4124128.38	130
302547.3209	4124128.389	130
302546.321	4124128.398	130
302545.321	4124128.408	130
302544.3211	4124128.417	130
302543.3211	4124128.426	130
302542.3212	4124128.435	130
302541.5569	4124128.492	130
302540.818	4124128.529	130
302540.1046	4124128.546	130
302539.4165	4124128.544	130
302538.7539	4124128.522	130
302538.1167	4124128.48	130
302537.505	4124128.418	130
302536.9186	4124128.337	130
302536.3577	4124128.236	130
302535.8222	4124128.115	130
302535.3121	4124127.975	130
302534.8275	4124127.814	130
302534.3683	4124127.634	130
302533.9345	4124127.434	130
302533.5261	4124127.215	130
302533.1432	4124126.976	130
302532.7856	4124126.717	130
302532.4535	4124126.438	130
302532.1468	4124126.139	130
302531.8656	4124125.821	130
302531.6097	4124125.483	130
302531.3793	4124125.125	130
302531.1743	4124124.748	130
302530.9948	4124124.351	130
302530.8406	4124123.934	130
302530.7119	4124123.497	130
302530.6086	4124123.04	130
302530.5308	4124122.564	130
302530.4783	4124122.068	130
302530.4513	4124121.553	130
302530.4497	4124121.017	130
302530.4735	4124120.462	130
302530.4822	4124119.462	130
302530.491	4124118.462	130
302530.4997	4124117.462	130
302530.5084	4124116.462	130
302530.5171	4124115.462	130
302530.5259	4124114.462	130
302530.5346	4124113.462	130
302530.5433	4124112.462	130
302530.552	4124111.462	130
302530.5608	4124110.462	180
302530.5695	4124109.462	180
302530.5782	4124108.462	180
302530.5869	4124107.462	180
302530.5957	4124106.463	180
302530.6044	4124105.463	180
302530.6131	4124104.463	180
302530.6218	4124103.463	180
302530.6306	4124102.463	180
302530.6393	4124101.463	180
302530.648	4124100.463	180
302530.6567	4124099.463	180
302530.6655	4124098.463	180
302530.6742	4124097.463	180
302530.6829	4124096.463	180
302530.6917	4124095.463	180
302530.7004	4124094.463	180
302530.7091	4124093.463	180
302530.7178	4124092.463	180
302530.7266	4124091.463	180
302530.7353	4124090.463	180
302530.744	4124089.463	180
302530.7527	4124088.463	180
302530.7615	4124087.463	180
302530.7702	4124086.463	180
302530.7789	4124085.463	180
302530.7876	4124084.463	180
302530.7964	4124083.463	180
302530.8051	4124082.463	180
302530.8138	4124081.463	180
302530.8225	4124080.464	180
302530.8313	4124079.464	180
302530.84	4124078.464	180
302530.8487	4124077.464	180
302530.8574	4124076.464	180
302530.8662	4124075.464	180
302530.8749	4124074.464	180
302530.8836	4124073.464	180
302530.8924	4124072.464	180
302530.9011	4124071.464	180
302530.9098	4124070.464	180
302530.9185	4124069.464	180
302530.9273	4124068.464	180
302530.936	4124067.464	180
302530.9447	4124066.464	180
302530.9534	4124065.464	180
302530.9622	4124064.464	180
302530.9709	4124063.464	180
302530.9796	4124062.464	180
302530.9883	4124061.464	180
302530.9971	4124060.464	180
302531.0058	4124059.464	180
302531.0145	4124058.464	180
302531.0232	4124057.464	180
302531.032	4124056.464	180
302531.0407	4124055.464	180
302531.0494	4124054.465	180
302531.0581	4124053.465	180
302531.0669	4124052.465	180
302531.0756	4124051.465	180
302531.0843	4124050.465	180
302531.093	4124049.465	180
302531.1184	4124048.465	180
302531.1439	4124047.466	180
302531.1693	4124046.466	180
302531.1947	4124045.466	180
302531.2202	4124044.467	180
302531.2456	4124043.467	180
302531.271	4124042.467	180
302531.2965	4124041.468	180
302531.3219	4124040.468	180
302531.3473	4124039.468	130
302531.3728	4124038.469	130
302531.3982	4124037.469	130
302531.4236	4124036.469	130
302531.4491	4124035.47	130
302531.4745	4124034.47	130
302531.5	4124033.47	130
302531.5254	4124032.47	130
302531.5508	4124031.471	130
302531.5763	4124030.471	130
302531.6017	4124029.471	130
302531.6271	4124028.472	130
302531.6526	4124027.472	130
302531.678	4124026.472	130
302531.6572	4124025.741	130
302531.6462	4124025.021	130
302531.645	4124024.313	130
302531.6537	4124023.618	130
302531.6722	4124022.934	130
302531.7006	4124022.262	130
302531.7388	4124021.603	130
302531.7868	4124020.955	130
302531.8447	4124020.319	130
302531.9124	4124019.695	130
302531.99	4124019.083	130
302532.0774	4124018.483	130
302532.1747	4124017.895	130
302532.2818	4124017.319	130
302532.3987	4124016.755	130
302532.5255	4124016.202	130
302532.6621	4124015.662	130
302532.8085	4124015.134	130
302532.9648	4124014.617	130
302533.131	4124014.113	130
302533.3069	4124013.621	130
302533.4928	4124013.14	130
302533.6884	4124012.671	130
302533.8939	4124012.215	130
302534.1092	4124011.77	130
302534.3344	4124011.337	130
302534.5694	4124010.917	130
302534.8143	4124010.508	130
302535.069	4124010.111	130
302535.3335	4124009.726	130
302535.6079	4124009.353	130
302535.8921	4124008.992	130
302536.1862	4124008.643	130
302536.4901	4124008.306	130
302536.8039	4124007.981	130
302537.1274	4124007.668	130
302537.4609	4124007.366	130
302537.8041	4124007.077	130
302538.1572	4124006.8	130
302538.5202	4124006.534	130
302538.893	4124006.281	130
302539.2756	4124006.039	130
302539.6681	4124005.81	130
302540.0704	4124005.592	130
302540.4825	4124005.386	130
302540.9045	4124005.193	130
302541.3364	4124005.011	130
302541.778	4124004.841	130
302542.2295	4124004.683	130
302542.6909	4124004.537	130
302543.1621	4124004.403	130
302543.6431	4124004.281	130
302544.134	4124004.171	130
302544.6347	4124004.073	130
302545.1453	4124003.987	130
302545.6657	4124003.913	130
302546.1959	4124003.85	130
302546.73	4124003.8	130
302547.7292	4124003.759	130
302548.7283	4124003.718	130
302549.7275	4124003.677	130
302550.7267	4124003.636	130
302551.7258	4124003.596	130
302552.725	4124003.555	130
302553.7241	4124003.514	130
302554.7233	4124003.473	180
302555.7225	4124003.432	180
302556.7216	4124003.391	180
302557.7208	4124003.35	180
302558.72	4124003.309	180
302559.72	4124003.307	180
302560.72	4124003.306	180
302561.72	4124003.304	180
302562.72	4124003.303	180
302563.72	4124003.301	180
302564.72	4124003.299	180
302565.72	4124003.298	180
302566.72	4124003.296	180
302567.72	4124003.294	180
302568.72	4124003.293	180
302569.72	4124003.291	130
302570.72	4124003.29	130
302571.72	4124003.288	130
302572.72	4124003.286	130
302573.72	4124003.285	130
302574.72	4124003.283	130
302575.72	4124003.282	130
302576.622	4124003.486	130
302577.1223	4124003.429	130
302577.6231	4124003.375	130
302578.124	4124003.321	130
302578.6242	4124003.264	130
302579.1239	4124003.205	130
302579.6046	4124003.156	130
302580.1085	4124003.117	130
302580.6055	4124003.044	130
302581.0865	4124002.899	130
302581.5544	4124002.706	130
302581.9959	4124002.51	130
302582.4542	4124002.303	130
302582.9139	4124002.096	130
302583.3734	4124001.891	130
302583.8316	4124001.684	130
302584.2928	4124001.479	130
302584.7348	4124001.275	130
302585.1615	4124001.013	130
302585.5279	4124000.67	130
302585.8672	4124000.294	130
302586.216	4123999.931	130
302586.5619	4123999.594	130
302586.9202	4123999.232	130
302587.2193	4123998.832	130
302587.4219	4123998.373	130
302587.5779	4123997.912	130
302587.7573	4123997.44	130
302587.9507	4123996.976	130
302588.1426	4123996.511	130
302588.3202	4123996.039	130
302588.4721	4123995.559	130
302588.5847	4123995.089	130
302588.6658	4123994.592	130
302588.7304	4123994.093	130
302588.7956	4123993.593	130
302588.8525	4123993.093	130
302588.8911	4123992.612	130
302588.9242	4123992.109	130
302588.9602	4123991.607	130
302588.9988	4123991.105	130
302589.0372	4123990.603	130
302589.094	4123989.818	130
302589.0559	4123988.819	130
302589.0179	4123987.819	130
302588.9799	4123986.82	130
302588.9415	4123985.821	130
302588.8945	4123984.822	130
302588.8395	4123983.824	130
302588.7845	4123982.825	130
302588.722	4123981.827	130
302588.6297	4123980.831	130
302588.5375	4123979.836	130
302588.4453	4123978.84	130
302588.3534	4123977.844	130
302588.2615	4123976.848	130
302588.1524	4123975.855	130
302588.0144	4123974.864	130
302587.8771	4123973.874	130
302587.7399	4123972.883	180
302587.5889	4123971.895	180
302587.377	4123970.918	180
302587.1651	4123969.94	180
302586.9532	4123968.963	180
302586.7413	4123967.986	180
302586.5293	4123967.009	180
302586.2736	4123966.042	180
302585.9953	4123965.082	180
302585.7169	4123964.121	180
302585.4387	4123963.161	180
302585.1605	4123962.2	180
302584.868	4123961.244	180
302584.5622	4123960.292	180
302584.257	4123959.34	180
302583.9514	4123958.388	180
302583.6337	4123957.44	180
302583.3093	4123956.494	180
302582.9849	4123955.548	180
302582.66	4123954.602	180
302582.3267	4123953.659	180
302581.9855	4123952.719	180
302581.6444	4123951.779	180
302581.3032	4123950.839	180
302580.9582	4123949.901	180
302580.5839	4123948.973	180
302580.2096	4123948.046	180
302579.8353	4123947.119	180
302579.4612	4123946.191	180
302579.0872	4123945.264	180
302578.7131	4123944.336	180
302578.3388	4123943.409	180
302577.9644	4123942.482	180
302577.5901	4123941.555	180
302577.2159	4123940.627	180
302576.8228	4123939.708	180
302576.4177	4123938.794	180
302576.0126	4123937.879	180
302575.6075	4123936.965	180
302575.2026	4123936.051	180
302574.7976	4123935.136	180
302574.3926	4123934.222	180
302573.9874	4123933.308	180
302573.5823	4123932.394	180
302573.1772	4123931.479	180
302572.7607	4123930.57	180
302572.3274	4123929.669	180
302571.8942	4123928.768	180
302571.461	4123927.866	180
302571.0281	4123926.965	180
302570.5951	4123926.064	180
302570.1618	4123925.162	180
302569.7245	4123924.263	180
302569.2733	4123923.371	180
302568.8215	4123922.479	180
302568.3697	4123921.586	180
302567.9184	4123920.694	180
302567.4667	4123919.802	180
302567.0147	4123918.91	180
302566.563	4123918.018	180
302566.1097	4123917.126	180
302565.6489	4123916.239	180
302565.1878	4123915.351	180
302564.7266	4123914.464	180
302564.2659	4123913.577	180
302563.8049	4123912.689	180
302563.3438	4123911.802	180
302562.8824	4123910.915	180
302562.4187	4123910.029	180
302561.9388	4123909.151	180
302561.4588	4123908.274	180
302560.9788	4123907.397	180
302560.4987	4123906.52	180
302560.0186	4123905.642	180
302559.5384	4123904.765	180
302559.0582	4123903.888	180
302558.578	4123903.011	180
302558.0962	4123902.135	180
302557.6102	4123901.261	180
302557.1241	4123900.387	180
302556.6378	4123899.513	180
302556.1513	4123898.639	180
302555.6654	4123897.765	180
302555.1795	4123896.891	180
302554.6931	4123896.018	180
302554.2067	4123895.144	180
302553.909	4123894.522	180
302553.4934	4123893.613	180
302553.0777	4123892.703	180
302552.662	4123891.794	180
302552.2461	4123890.884	180
302551.8302	4123889.975	180
302551.4144	4123889.066	180
302550.9986	4123888.156	180
302550.5829	4123887.247	180
302550.1671	4123886.337	180
302549.7512	4123885.428	180
302549.3353	4123884.518	180
302548.9195	4123883.609	180
302548.5039	4123882.699	180
302548.0883	4123881.79	180
302547.6725	4123880.88	180
302547.2566	4123879.971	180
302546.8407	4123879.061	180
302546.4249	4123878.152	180
302546.0092	4123877.243	180
302545.5934	4123876.333	180
302545.1776	4123875.424	180
302544.7617	4123874.514	180
302544.3458	4123873.605	180
302543.9301	4123872.695	180
302543.5145	4123871.786	180
302543.0989	4123870.876	180
302542.6831	4123869.967	180
302542.2546	4123869.064	180
302541.7747	4123868.186	180
302541.2901	4123867.312	180
302540.8038	4123866.438	180
302540.3163	4123865.565	180
302539.8304	4123864.691	180
302539.3445	4123863.817	180
302538.857	4123862.944	180
302538.3707	4123862.07	180
302537.8847	4123861.196	180
302537.3987	4123860.322	180
302536.9128	4123859.448	180
302536.4268	4123858.574	180
302535.9411	4123857.7	180
302535.4556	4123856.825	180
302534.9697	4123855.951	180
302534.4837	4123855.078	180
302533.9983	4123854.203	180
302533.5211	4123853.324	180
302533.0354	4123852.45	180
302532.5496	4123851.576	180
302532.0638	4123850.702	180
302531.5782	4123849.828	180
302531.0925	4123848.954	180
302530.6068	4123848.08	180
302530.121	4123847.206	180
302529.6352	4123846.332	180
302529.1494	4123845.458	180
302528.6634	4123844.584	180
302528.1775	4123843.71	180
302527.6916	4123842.836	180
302527.2059	4123841.961	180
302526.7201	4123841.087	180
302526.2344	4123840.213	180
302525.7489	4123839.339	180
302525.2633	4123838.465	180
302524.7777	4123837.591	180
302524.2917	4123836.717	180
302523.8058	4123835.843	180
302523.3199	4123834.969	180
302522.8341	4123834.095	180
302522.3484	4123833.221	180
302521.8626	4123832.346	180
302521.3769	4123831.472	180
302520.8913	4123830.598	180
302520.4056	4123829.724	180
302519.9198	4123828.85	180
302519.434	4123827.976	180
302518.9482	4123827.102	180
302518.4624	4123826.228	180
302517.9766	4123825.354	180
302517.4908	4123824.48	180
302517.0049	4123823.606	180
302516.5189	4123822.732	180
302516.0332	4123821.857	180
302515.5477	4123820.983	180
302515.0645	4123820.108	180
302514.5817	4123819.232	180
302514.0972	4123818.357	180
302513.6117	4123817.483	180
302513.1263	4123816.609	180
302512.6418	4123815.734	180
302512.1564	4123814.86	180
302511.6711	4123813.985	180
302511.1869	4123813.11	180
302510.7016	4123812.236	180
302510.2161	4123811.362	180
302509.7316	4123810.487	180
302509.2459	4123809.613	180
302508.7606	4123808.739	180
302508.2764	4123807.864	180
302507.791	4123806.989	180
302507.3054	4123806.115	180
302506.821	4123805.24	180
302506.336	4123804.366	180
302505.8501	4123803.492	180
302505.3635	4123802.618	180
302504.8691	4123801.749	180
302504.3853	4123800.874	180
302503.9014	4123799.999	180
302503.4176	4123799.123	180
302502.9339	4123798.248	180
302502.4502	4123797.373	180
302501.9664	4123796.498	180
302501.4826	4123795.623	180
302500.9987	4123794.748	180
302500.5149	4123793.872	180
302500.0312	4123792.997	180
302499.5475	4123792.122	180
302499.0637	4123791.247	180
302498.5799	4123790.372	180
302498.096	4123789.496	180
302497.6121	4123788.621	180
302497.128	4123787.746	180
302496.6439	4123786.871	180
302496.1599	4123785.996	180
302495.6762	4123785.121	180
302495.1925	4123784.246	180
302494.7092	4123783.37	180
302494.2265	4123782.494	180
302493.7438	4123781.619	180
302493.2622	4123780.742	180
302492.7746	4123779.869	180
302492.2832	4123778.998	180
302491.7914	4123778.128	180
302491.2995	4123777.257	180
302490.8079	4123776.386	180
302490.3165	4123775.515	180
302489.8294	4123774.642	180
302489.3435	4123773.768	180
302488.86	4123772.893	180
302488.3741	4123772.019	180
302487.8881	4123771.145	180
302487.4023	4123770.27	180
302486.9164	4123769.396	180
302486.4305	4123768.522	180
302485.9445	4123767.648	180
302485.4584	4123766.775	180
302484.9724	4123765.901	180
302484.4867	4123765.027	180
302484.0001	4123764.153	180
302483.5141	4123763.279	180
302483.0287	4123762.405	180
302482.5427	4123761.531	180
302482.0569	4123760.657	180
302481.5706	4123759.783	180
302481.0849	4123758.909	180
302480.5988	4123758.035	180
302480.1129	4123757.161	180
302479.6292	4123756.286	180
302479.1438	4123755.411	180
302478.6605	4123754.536	180
302478.1748	4123753.662	180
302477.6886	4123752.788	180
302477.2052	4123751.912	180
302476.7212	4123751.037	180
302476.2358	4123750.163	180
302475.7523	4123749.288	180
302475.2684	4123748.413	180
302474.7839	4123747.538	180
302474.3003	4123746.663	180
302473.8157	4123745.788	180
302473.3312	4123744.913	180
302472.8454	4123744.039	180
302472.3596	4123743.165	180
302471.8744	4123742.29	180
302471.389	4123741.416	180
302470.9033	4123740.542	180
302470.4186	4123739.667	180
302469.9326	4123738.793	180
302469.4468	4123737.919	180
302468.9622	4123737.045	180
302468.4766	4123736.17	180
302467.9907	4123735.296	180
302467.5054	4123734.422	180
302467.0197	4123733.548	180
302466.5338	4123732.674	180
302466.0483	4123731.8	180
302465.562	4123730.926	180
302465.0758	4123730.052	180
302464.5906	4123729.178	180
302464.1046	4123728.304	180
302463.6183	4123727.43	180
302463.1329	4123726.556	180
302462.6468	4123725.682	180
302462.1609	4123724.808	180
302461.6755	4123723.933	180
302461.1897	4123723.059	180
302460.7033	4123722.186	180
302460.2174	4123721.312	180
302459.7322	4123720.437	180
302459.2468	4123719.563	180
302458.7614	4123718.689	180
302458.2763	4123717.814	180
302457.7908	4123716.94	180
302457.3062	4123716.065	180
302456.8247	4123715.189	180
302456.3388	4123714.315	180
302455.8571	4123713.439	180
302455.374	4123712.563	180
302454.8893	4123711.688	180
302454.408	4123710.812	180
302453.926	4123709.936	180
302453.443	4123709.06	180
302452.9629	4123708.183	180
302452.4781	4123707.308	180
302451.9818	4123706.44	180
302451.4854	4123705.572	180
302450.9862	4123704.706	180
302450.4896	4123703.838	180
302449.972	4123702.982	180
302449.4532	4123702.127	180
302448.9343	4123701.272	180
302448.4006	4123700.427	180
302447.8522	4123699.591	180
302447.2888	4123698.764	180
302446.7185	4123697.943	180
302446.1466	4123697.123	180
302445.5729	4123696.304	180
302444.9923	4123695.489	180
302444.3861	4123694.694	180
302443.7352	4123693.935	180
302443.0844	4123693.176	180
302442.4335	4123692.417	180
302441.775	4123691.664	180
302441.1031	4123690.924	180
302440.4312	4123690.183	180
302439.7593	4123689.443	180
302439.054	4123688.734	180