302456.5498	4123704.404	180
302457.0403	4123705.275	180
302457.5266	4123706.149	180
302458.0168	4123707.02	180
302458.5145	4123707.888	180
302458.9984	4123708.763	180
302459.4753	4123709.642	180
302459.9644	4123710.514	180
302460.4522	4123711.387	180
302460.9348	4123712.263	180
302461.4242	4123713.135	180
302461.9172	4123714.005	180
302462.4113	4123714.874	180
302462.901	4123715.746	180
302463.3867	4123716.62	180
302463.8635	4123717.499	180
302464.3391	4123718.378	180
302464.8231	4123719.253	180
302465.304	4123720.13	180
302465.7863	4123721.006	180
302466.2685	4123721.882	180
302466.7514	4123722.758	180
302467.2336	4123723.634	180
302467.7179	4123724.509	180
302468.2044	4123725.382	180
302468.6875	4123726.258	180
302469.1693	4123727.134	180
302469.6553	4123728.008	180
302470.1419	4123728.882	180
302470.6284	4123729.755	180
302471.113	4123730.63	180
302471.5964	4123731.506	180
302472.0813	4123732.38	180
302472.5703	4123733.252	180
302473.0549	4123734.127	180
302473.5391	4123735.002	180
302474.0246	4123735.876	180
302474.5097	4123736.751	180
302474.9935	4123737.626	180
302475.4758	4123738.502	180
302475.9599	4123739.377	180
302476.4446	4123740.252	180
302476.932	4123741.125	180
302477.417	4123741.999	180
302477.9024	4123742.874	180
302478.3883	4123743.748	180
302478.8687	4123744.625	180
302479.3534	4123745.499	180
302479.8436	4123746.371	180
302480.3177	4123747.251	180
302480.8023	4123748.126	180
302481.2971	4123748.995	180
302481.7845	4123749.868	180
302482.265	4123750.745	180
302482.7495	4123751.62	180
302483.2392	4123752.492	180
302483.723	4123753.367	180
302484.1993	4123754.246	180
302484.6857	4123755.12	180
302485.1699	4123755.995	180
302485.6575	4123756.868	180
302486.1442	4123757.741	180
302486.6281	4123758.617	180
302487.1068	4123759.495	180
302487.5868	4123760.372	180
302488.0726	4123761.246	180
302488.565	4123762.116	180
302489.0485	4123762.991	180
302489.5326	4123763.866	180
302490.0188	4123764.74	180
302490.5039	4123765.615	175
302490.9889	4123766.489	170
302491.4712	4123767.365	165
302491.9535	4123768.241	160
302492.4437	4123769.113	155
302492.9294	4123769.987	150
302493.4087	4123770.864	145
302493.8939	4123771.739	140
302494.372	4123772.617	135
302494.8682	4123773.485	130
302495.3666	4123774.352	130
302495.8634	4123775.22	130
302496.3468	4123776.095	130
302496.8711	4123776.946	130
302497.3622	4123777.817	130
302497.7241	4123778.173	130
302498.0887	4123778.527	130
302498.4441	4123778.867	130
302498.815	4123779.215	130
302499.177	4123779.549	130
302499.5429	4123779.878	130
302499.9258	4123780.214	130
302500.3004	4123780.533	130
302500.693	4123780.856	130
302501.0778	4123781.162	130
302501.4815	4123781.471	130
302501.8776	4123781.761	130
302502.2938	4123782.052	130
302502.7025	4123782.325	130
302503.132	4123782.596	130
302503.5536	4123782.849	130
302503.9964	4123783.1	130
302504.4308	4123783.332	130
302504.8868	4123783.56	130
302505.3346	4123783.765	130
302505.8053	4123783.958	130
302506.268	4123784.122	130
302506.7549	4123784.266	130
302507.2328	4123784.379	130
302507.7335	4123784.471	130
302508.2221	4123784.537	130
302508.7312	4123784.583	130
302509.2254	4123784.607	130
302509.7205	4123784.613	130
302510.2152	4123784.601	130
302510.7252	4123784.572	130
302511.2153	4123784.529	130
302512.1489	4123784.41	130
302513.0309	4123783.939	130
302513.9129	4123783.468	130
302514.795	4123782.997	130
302515.6754	4123782.523	130
302516.5511	4123782.04	130
302517.4269	4123781.557	130
302518.3021	4123781.073	135
302519.1762	4123780.588	140
302520.0505	4123780.102	145
302520.9249	4123779.617	150
302521.799	4123779.131	155
302522.6733	4123778.646	160
302523.5478	4123778.161	165
302524.422	4123777.675	170
302525.297	4123777.191	175
302526.1726	4123776.708	180
302527.049	4123776.226	180
302527.9256	4123775.745	180
302528.8022	4123775.264	180
302529.6758	4123774.778	180
302530.5485	4123774.289	180
302531.4213	4123773.801	180
302532.2927	4123773.311	180
302533.1859	4123772.823	180
302534.0791	4123772.335	180
302534.9724	4123771.847	180
302535.8656	4123771.359	180
302536.7588	4123770.871	180
302537.652	4123770.383	180
302538.5452	4123769.894	180
302539.4384	4123769.406	180
302540.3317	4123768.918	180
302541.2249	4123768.43	180
302542.1181	4123767.942	180
302543.0113	4123767.454	180
302543.9045	4123766.966	180
302544.7977	4123766.478	180
302545.691	4123765.99	180
302546.5842	4123765.502	180
302547.4774	4123765.014	180
302548.3706	4123764.526	180
302549.2638	4123764.038	180
302550.157	4123763.549	180
302551.0503	4123763.061	180
302551.9435	4123762.573	180
302552.8367	4123762.085	180
302553.7299	4123761.597	180
302555.0007	4123760.739	180
302555.8726	4123760.249	180
302556.7451	4123759.761	180
302557.6196	4123759.275	170
302558.495	4123758.792	160
302559.3704	4123758.309	150
302560.2458	4123757.825	140
302561.1199	4123757.34	130
302561.9952	4123756.856	120
302562.8702	4123756.372	110
302563.7444	4123755.886	100
302564.6189	4123755.402	90
302565.4942	4123754.919	80
302566.3702	4123754.437	80
302567.2457	4123753.953	80
302568.1197	4123753.467	80
302568.9988	4123752.992	80
302569.8757	4123752.511	150
302570.7548	4123752.035	150
302571.6356	4123751.561	150
302572.5205	4123751.095	150
302573.4046	4123750.628	150
302574.2882	4123750.16	150
302575.1735	4123749.695	150
302576.0627	4123749.237	150
302576.956	4123748.788	150
302577.8539	4123748.348	150
302578.7578	4123747.92	150
302579.6675	4123747.505	150
302580.5814	4123747.099	150
302581.4949	4123746.693	150
302582.4279	4123746.333	150
302583.3632	4123745.98	150
302584.3038	4123745.64	150
302585.2497	4123745.316	150
302586.2068	4123745.026	150
302587.1687	4123744.753	150
302588.1347	4123744.498	150
302589.1121	4123744.286	150
302590.0885	4123744.07	150
302591.0712	4123743.887	150
302592.0584	4123743.728	150
302593.0476	4123743.582	150
302594.0394	4123743.455	150
302595.032	4123743.334	150
302596.0279	4123743.245	150
302597.0232	4123743.149	150
302598.0213	4123743.089	150
302599.02	4123743.039	150
302600.019	4123742.995	150
302601.019	4123742.993	150
302602.0188	4123742.973	150
302603.0183	4123742.99	150
302604.0165	4123743.048	150
302605.0135	4123743.126	150
302606.0077	4123743.232	150
302607.0018	4123743.341	150
302607.9936	4123743.468	150
302608.9818	4123743.622	150
302609.9666	4123743.795	150
302610.9472	4123743.991	150
302611.9252	4123744.199	150
302612.8985	4123744.428	150
302613.8716	4123744.659	150
302614.8327	4123744.934	150
302615.7922	4123745.216	150
302616.745	4123745.519	150
302617.6928	4123745.838	150
302618.6323	4123746.181	150
302619.57	4123746.528	150
302620.4986	4123746.898	150
302621.4159	4123747.296	150
302622.3318	4123747.698	150
302623.2408	4123748.114	150
302624.1324	4123748.567	150
302625.0158	4123749.035	150
302625.8873	4123749.525	150
302626.7478	4123750.035	150
302627.6011	4123750.556	150
302628.4429	4123751.096	150
302629.284	4123751.637	150
302630.099	4123752.216	150
302630.9137	4123752.795	150
302631.7292	4123753.374	150
302632.5281	4123753.976	150
302633.3112	4123754.597	150
302634.0769	4123755.24	150
302634.8323	4123755.896	150
302635.5742	4123756.566	150
302636.3065	4123757.247	150
302637.0307	4123757.936	150
302637.741	4123758.64	150
302638.4254	4123759.369	150
302639.1011	4123760.106	150
302639.7804	4123760.84	150
302640.4421	4123761.59	150
302641.0956	4123762.347	150
302641.7398	4123763.112	150
302642.3526	4123763.902	150
302642.9589	4123764.697	150
302643.5562	4123765.499	150
302644.1426	4123766.309	150
302644.707	4123767.134	150
302645.2541	4123767.971	150
302645.7869	4123768.817	150
302646.3133	4123769.668	150
302646.8151	4123770.533	150
302647.3187	4123771.397	150
302647.81	4123772.267	150
302648.2862	4123773.147	150
302648.7598	4123774.027	150
302649.228	4123774.911	150
302649.6643	4123775.811	150
302650.0888	4123776.716	150
302650.5079	4123777.624	150
302650.9167	4123778.537	150
302651.313	4123779.455	150
302651.6946	4123780.379	150
302652.0667	4123781.307	150
302652.4303	4123782.239	150
302652.7725	4123783.178	150
302653.0973	4123784.124	150
302653.4177	4123785.071	150
302653.7323	4123786.02	150
302654.0423	4123786.971	150
302654.3465	4123787.924	150
302654.6276	4123788.883	150
302654.8999	4123789.846	150
302655.1571	4123790.812	150
302655.4107	4123791.779	150
302655.6426	4123792.752	150
302655.8654	4123793.727	150
302656.0839	4123794.703	150
302656.3013	4123795.679	150
302656.5156	4123796.655	150
302656.715	4123797.635	150
302656.9086	4123798.616	150
302657.0973	4123799.598	140
302657.2799	4123800.581	130
302657.4515	4123801.567	120
302657.6203	4123802.552	110
302657.7788	4123803.54	100
302657.9266	4123804.529	90
302658.0769	4123805.517	80
302658.2177	4123806.507	80
302658.3495	4123807.499	80
302658.4833	4123808.49	80
302658.6108	4123809.481	80
302658.7286	4123810.474	80
302658.8215	4123811.47	80
302658.9171	4123812.465	80
302659.0099	4123813.461	80
302659.099	4123814.457	80
302659.1761	4123815.454	80
302659.2449	4123816.452	80
302659.3017	4123817.45	80
302659.3496	4123818.449	80
302659.3941	4123819.448	80
302659.4394	4123820.447	80
302659.4742	4123821.446	80
302659.5065	4123822.446	80
302659.5406	4123823.445	80
302659.5666	4123824.445	80
302659.5917	4123825.445	80
302659.6113	4123826.444	80
302659.6325	4123827.444	80
302659.6572	4123828.444	80
302659.6763	4123829.444	80
302659.6929	4123830.444	80
302659.7069	4123831.443	80
302659.7212	4123832.443	80
302659.7382	4123833.443	80
302659.7526	4123834.443	80
302659.756	4123835.443	80
302659.7596	4123836.443	80
302659.7661	4123837.443	80
302659.7727	4123838.443	80
302659.779	4123839.443	80
302659.783	4123840.443	80
302659.787	4123841.443	80
302659.7899	4123842.443	80
302659.7875	4123843.443	80
302659.7848	4123844.443	80
302659.7816	4123845.443	80
302659.7843	4123846.443	80
302659.7859	4123847.443	80
302659.7818	4123848.443	80
302659.7768	4123849.443	80
302659.7711	4123850.443	80
302659.7668	4123851.443	80
302659.7645	4123852.443	80
302659.7612	4123853.443	80
302659.7583	4123854.443	80
302659.7551	4123855.443	80
302659.7517	4123856.443	80
302659.7482	4123857.443	80
302659.7446	4123858.443	80
302659.7402	4123859.443	80
302659.7359	4123860.443	80
302659.7319	4123861.443	80
302659.7266	4123862.443	80
302659.7213	4123863.443	80
302659.716	4123864.443	80
302659.7111	4123865.443	80
302659.7065	4123866.443	80
302659.7025	4123867.443	80
302659.6988	4123868.443	80
302659.6952	4123869.443	80
302659.6917	4123870.443	80
302659.6882	4123871.443	80
302659.6841	4123872.443	80
302659.6801	4123873.443	80
302659.6754	4123874.443	80
302659.6688	4123875.443	80
302659.6618	4123876.443	80
302659.6555	4123877.443	80
302659.6508	4123878.443	80
302659.6457	4123879.443	80
302659.6413	4123880.443	80
302659.636	4123881.443	80
302659.6312	4123882.443	80
302659.6266	4123883.443	80
302659.6216	4123884.443	80
302659.6169	4123885.443	80
302659.6122	4123886.443	80
302659.6075	4123887.443	80
302659.6021	4123888.443	80
302659.5968	4123889.443	80
302659.5916	4123890.442	80
302659.5863	4123891.442	80
302659.581	4123892.442	80
302659.5759	4123893.442	80
302659.5712	4123894.442	80
302659.5656	4123895.442	80
302659.56	4123896.442	80
302659.5545	4123897.442	80
302659.5501	4123898.442	80
302659.5437	4123899.442	80
302659.5375	4123900.442	80
302659.5313	4123901.442	80
302659.525	4123902.442	80
302659.5189	4123903.442	80
302659.5129	4123904.442	80
302659.5069	4123905.442	80
302659.5014	4123906.442	80
302659.4962	4123907.442	80
302659.4915	4123908.442	80
302659.4869	4123909.442	80
302659.4822	4123910.442	80
302659.4775	4123911.442	80
302659.4715	4123912.442	80
302659.4655	4123913.442	80
302659.4598	4123914.442	80
302659.4579	4123915.442	80
302659.456	4123916.442	80
302659.4519	4123917.442	80
302659.4462	4123918.442	80
302659.4399	4123919.442	80
302659.4333	4123920.442	80
302659.4251	4123921.442	80
302659.417	4123922.442	80
302659.4114	4123923.442	80
302659.4049	4123924.442	80
302670.135	4123926.029	180
302670.1119	4123925.029	180
302670.0892	4123924.03	180
302670.0671	4123923.03	180
302670.0443	4123922.03	180
302670.0216	4123921.03	180
302669.9991	4123920.031	180
302669.9766	4123919.031	180
302669.9546	4123918.031	180
302669.937	4123917.031	180
302669.9202	4123916.031	180
302669.9033	4123915.032	180
302669.8869	4123914.032	180
302669.8701	4123913.032	180
302669.8534	4123912.032	180
302669.8368	4123911.032	180
302669.8202	4123910.032	180
302669.8036	4123909.032	180
302669.7866	4123908.033	180
302669.7699	4123907.033	180
302669.7535	4123906.033	180
302669.737	4123905.033	180
302669.7218	4123904.033	180
302669.7075	4123903.033	180
302669.6935	4123902.033	180
302669.6794	4123901.033	180
302669.6654	4123900.033	180
302669.6514	4123899.034	180
302669.6373	4123898.034	180
302669.623	4123897.034	180
302669.6088	4123896.034	180
302669.5946	4123895.034	180
302669.5805	4123894.034	180
302669.5663	4123893.034	180
302669.5519	4123892.034	180
302669.5397	4123891.034	180
302669.5329	4123890.034	180
302669.5264	4123889.034	180
302669.5194	4123888.034	180
302669.5123	4123887.034	180
302669.5051	4123886.034	180
302669.4979	4123885.034	180
302669.4909	4123884.034	180
302669.4839	4123883.035	180
302669.4769	4123882.035	180
302669.4699	4123881.035	180
302669.4629	4123880.035	180
302669.4559	4123879.035	180
302669.4487	4123878.035	180
302669.446	4123877.035	180
302669.4437	4123876.035	180
302669.4411	4123875.035	180
302669.4388	4123874.035	180
302669.4368	4123873.035	180
302669.4344	4123872.035	180
302669.432	4123871.035	180
302669.4295	4123870.035	180
302669.4271	4123869.035	180
302669.4247	4123868.035	180
302669.4223	4123867.035	180
302669.4198	4123866.035	180
302669.4174	4123865.035	180
302669.417	4123864.035	180
302669.417	4123863.035	180
302669.417	4123862.035	180
302669.417	4123861.035	180
302669.417	4123860.035	180
302669.417	4123859.035	180
302669.417	4123858.035	180
302669.417	4123857.035	180
302669.417	4123856.035	180
302669.417	4123855.035	180
302669.417	4123854.035	180
302669.417	4123853.035	180
302669.417	4123852.035	180
302669.417	4123851.035	180
302669.417	4123850.035	180
302669.417	4123849.035	180
302669.417	4123848.035	180
302669.417	4123847.035	180
302669.417	4123846.035	180
302669.417	4123845.035	180
302669.417	4123844.035	180
302669.417	4123843.035	180
302669.417	4123842.035	180
302669.417	4123841.035	180
302669.417	4123840.035	180
302669.417	4123839.035	180
302669.417	4123838.035	180
302669.417	4123837.035	180
302669.417	4123836.035	180
302669.416	4123834.947	180
302669.415	4123833.86	180
302669.414	4123832.772	180
302669.413	4123831.684	180
302669.412	4123830.596	180
302669.411	4123829.509	180
302669.41	4123828.421	180
302669.4115	4123827.383	180
302669.4129	4123826.345	180
302669.4144	4123825.307	180
302669.4158	4123824.269	180
302669.4173	4123823.23	180
302669.4187	4123822.192	180
302669.4202	4123821.154	180
302669.4216	4123820.116	180
302669.4231	4123819.078	180
302669.4245	4123818.04	180
302669.426	4123817.001	180
302669.4274	4123815.963	180
302669.4289	4123814.925	180
302669.4342	4123813.921	180
302669.4395	4123812.917	180
302669.4448	4123811.914	180
302669.4501	4123810.91	180
302669.4554	4123809.906	180
302669.4607	4123808.902	180
302669.466	4123807.899	180
302669.4713	4123806.895	180
302669.4766	4123805.891	180
302669.4819	4123804.887	180
302669.4872	4123803.884	180
302669.4925	4123802.88	180
302669.4977	4123801.876	180
302669.503	4123800.872	180
302669.5083	4123799.868	180
302669.5136	4123798.864	180
302669.5189	4123797.861	180
302669.5242	4123796.857	180
302669.5295	4123795.853	180
302669.5348	4123794.849	180
302669.5401	4123793.845	180
302669.5454	4123792.842	180
302669.5507	4123791.838	180
302669.556	4123790.834	180
302669.5599	4123789.801	180
302669.5637	4123788.769	180
302669.5676	4123787.736	180
302669.5714	4123786.703	180
302669.5753	4123785.67	180
302669.5791	4123784.637	180
302669.583	4123783.605	180
302669.5869	4123782.572	180
302669.5907	4123781.539	180
302669.5946	4123780.506	180
302669.5984	4123779.474	180
302669.6023	4123778.441	180
302669.6061	4123777.408	180
302669.61	4123776.376	180
302669.6139	4123775.343	180
302669.6177	4123774.31	180
302669.6216	4123773.277	180
302669.6254	4123772.245	180
302669.6293	4123771.212	180
302669.6331	4123770.179	180
302669.637	4123769.146	180
302669.6409	4123768.114	180
302669.6447	4123767.081	180
302669.6486	4123766.048	180
302669.6524	4123765.015	180
302669.6563	4123763.983	180
302669.6601	4123762.95	180
302669.664	4123761.917	180
302669.6508	4123760.917	180
302669.6376	4123759.917	180
302669.625	4123758.917	180
302669.612	4123757.917	180
302669.5988	4123756.917	180
302669.5857	4123755.918	180
302669.5725	4123754.918	180
302669.5594	4123753.918	180
302669.5462	4123752.918	180
302669.5331	4123751.918	180
302669.52	4123750.918	180
302669.5071	4123749.918	180
302669.4942	4123748.918	180
302669.4812	4123747.918	180
302669.4597	4123746.919	180
302669.4077	4123745.92	175
302669.3555	4123744.921	170
302669.3039	4123743.923	165
302669.2519	4123742.924	150
302669.1995	4123741.925	145
302669.1474	4123740.927	140
302669.0956	4123739.928	135
302669.0437	4123738.929	130
302668.9918	4123737.931	130
302668.9116	4123736.934	130
302668.8072	4123735.94	130
302668.7029	4123734.945	130
302668.5987	4123733.951	130
302668.4945	4123732.956	130
302668.3903	4123731.962	130
302668.2366	4123730.974	130
302668.0539	4123729.991	130
302667.8713	4123729.008	130
302667.6889	4123728.025	130
302667.5065	4123727.041	130
302667.3241	4123726.058	130
302667.1417	4123725.075	130
302666.9351	4123724.097	130
302666.7117	4123723.122	130
302666.4876	4123722.147	130
302666.2636	4123721.173	130
302666.04	4123720.198	130
302665.8164	4123719.223	130
302665.5927	4123718.249	130
302665.3263	4123717.286	130
302665.0317	4123716.33	130
302664.7222	4123715.379	130
302664.4087	4123714.43	130
302664.0951	4123713.48	130
302663.7815	4123712.53	130
302663.4675	4123711.581	130
302663.1474	4123710.634	130
302662.7941	4123709.698	130
302662.4407	4123708.763	130
302662.0872	4123707.827	130
302661.7335	4123706.892	130
302661.3803	4123705.956	130
302661.206	4123705.495	130
302660.8021	4123704.58	130
302660.398	4123703.665	130
302659.9938	4123702.751	130
302659.5899	4123701.836	130
302659.1854	4123700.921	130
302658.781	4123700.007	130
302658.3773	4123699.092	130
302657.9728	4123698.177	130
302657.5687	4123697.263	130
302657.1038	4123696.377	130
302656.639	4123695.492	130
302656.1741	4123694.607	130
302655.7097	4123693.721	130
302655.2452	4123692.835	130
302654.7801	4123691.95	130
302654.3154	4123691.065	130
302653.851	4123690.179	130
302653.3859	4123689.294	130
302652.8624	4123688.442	130
302652.3391	4123687.59	130
302651.816	4123686.737	130
302651.293	4123685.885	130
302650.7702	4123685.033	130
302650.2469	4123684.18	130
302649.7239	4123683.328	130
302649.2004	4123682.476	130
302648.685	4123681.636	130
302648.1161	4123680.814	130
302647.5474	4123679.991	130
302646.9783	4123679.169	130
302646.4094	4123678.346	130
302645.8405	4123677.524	130
302645.2368	4123676.728	130
302644.5763	4123675.978	130
302643.9316	4123675.214	130
302643.2954	4123674.444	130
302642.6582	4123673.674	130
302642.0173	4123672.908	130
302641.3202	4123672.191	130
302640.6461	4123671.453	130
302639.9748	4123670.712	130
302639.2624	4123670.012	130
302638.611	4123669.253	130
302637.9072	4123668.545	130
302637.2043	4123667.834	130
302636.4689	4123667.158	130
302635.7397	4123666.474	130
302635.013	4123665.788	130
302634.2811	4123665.107	130
302633.5548	4123664.42	130
302632.7641	4123663.808	130
302632.0046	4123663.159	130
302631.2305	4123662.527	130
302630.4896	4123661.855	130
302629.7156	4123661.225	130
302628.9125	4123660.629	130
302628.1153	4123660.025	130
302627.3146	4123659.426	130
302626.5125	4123658.829	130
302625.7015	4123658.244	130
302624.8781	4123657.677	130
302624.0692	4123657.089	130
302623.252	4123656.513	130
302622.4243	4123655.951	130
302621.585	4123655.408	130
302620.7402	4123654.873	130
302619.9026	4123654.327	130
302619.0562	4123653.794	130
302618.203	4123653.272	130
302617.3442	4123652.76	130
302616.483	4123652.252	130
302615.6109	4123651.763	130
302614.7416	4123651.269	130
302613.8712	4123650.776	130
302612.9992	4123650.287	130
302612.1231	4123649.805	130
302611.2492	4123649.319	130
302610.3678	4123648.846	130
302609.4847	4123648.377	130
302608.6008	4123647.909	130
302607.7178	4123647.44	130
302606.8342	4123646.972	130
302605.9506	4123646.503	130
302605.0676	4123646.034	130
302604.1842	4123645.566	130
302603.3006	4123645.097	130
302602.4178	4123644.628	130
302601.5377	4123644.153	130
302600.6569	4123643.679	130
302599.7759	4123643.206	130
302598.8956	4123642.732	130
302598.0151	4123642.258	130
302597.134	4123641.785	130
302596.2539	4123641.31	130
302595.372	4123640.839	130
302594.4904	4123640.367	130
302593.6102	4123639.892	130
302592.7283	4123639.421	130
302591.8468	4123638.949	130
302590.9665	4123638.474	130
302590.0854	4123638.001	130
302589.2048	4123637.527	130
302588.3235	4123637.055	130
302587.4422	4123636.582	130
302586.561	4123636.11	130
302585.6796	4123635.637	130
302584.7983	4123635.165	130
302583.9168	4123634.692	130
302583.0356	4123634.22	130
302582.1541	4123633.748	130
302581.2725	4123633.276	130
302580.3912	4123632.803	130
302579.51	4123632.33	130
302578.6283	4123631.859	130
302577.7487	4123631.383	130
302576.8683	4123630.909	130
302575.9868	4123630.436	130
302575.1051	4123629.965	130
302574.2235	4123629.493	130
302573.342	4123629.021	130
302572.4614	4123628.547	130
302571.5812	4123628.072	130
302570.7009	4123627.598	130
302569.8207	4123627.123	130
302568.9405	4123626.648	130
302568.0606	4123626.173	130
302567.1827	4123625.694	130
302566.3039	4123625.217	130
302565.4238	4123624.742	130
302564.5429	4123624.269	130
302563.6623	4123623.795	130
302562.7824	4123623.32	130
302561.9013	4123622.847	130
302561.0205	4123622.374	130
302560.1403	4123621.899	130
302559.2591	4123621.426	130
302558.3785	4123620.953	130
302557.4983	4123620.478	130
302556.6178	4123620.004	130
302555.7379	4123619.529	130
302554.8573	4123619.055	130
302553.9769	4123618.581	130
302553.0968	4123618.106	130
302552.2157	4123617.633	130
302551.334	4123617.161	130
302550.4517	4123616.691	130
302549.5697	4123616.219	130
302548.6877	4123615.748	130
302547.8054	4123615.277	130
302546.9235	4123614.806	130
302546.0417	4123614.334	130
302545.159	4123613.864	130
302544.2771	4123613.393	130
302543.396	4123612.92	130
302542.5148	4123612.447	130
302541.6321	4123611.977	130
302540.751	4123611.504	130
302539.8697	4123611.032	130
302538.9873	4123610.561	130
302538.1059	4123610.089	130
302537.2246	4123609.616	130
302536.3419	4123609.147	130
302535.4608	4123608.674	130
302534.579	4123608.202	130
302533.6967	4123607.731	130
302532.8137	4123607.262	130
302531.932	4123606.79	130
302531.0518	4123606.316	130
302530.169	4123605.846	130
302529.2872	4123605.375	130
302528.407	4123604.9	130
302527.5243	4123604.43	130
302526.6411	4123603.961	130
302525.7608	4123603.487	130
302524.8807	4123603.012	130
302523.9979	4123602.542	130
302523.1103	4123602.082	130
302522.2176	4123601.631	130
302521.3259	4123601.178	130
302520.4218	4123600.752	130
302519.5109	4123600.339	130
302518.6082	4123599.91	130
302517.6871	4123599.52	130
302516.7675	4123599.128	130
302515.8424	4123598.748	130
302514.909	4123598.39	130
302513.9667	4123598.055	130
302513.0155	4123597.747	130
302512.0631	4123597.442	130
302511.1072	4123597.148	130
302510.144	4123596.88	130
302509.1806	4123596.612	130
302508.2112	4123596.366	130
302507.238	4123596.137	130
302506.2598	4123595.93	130
302505.275	4123595.757	130
302504.2917	4123595.575	130
302503.3091	4123595.389	130
302502.323	4123595.224	130
302501.3313	4123595.095	130
302500.3351	4123595.008	130
302499.3389	4123594.921	130
302498.3425	4123594.837	130
302497.3446	4123594.771	130
302496.3459	4123594.721	130
302495.3466	4123594.688	130
302494.3467	4123594.689	130
302493.3469	4123594.706	130
302492.3475	4123594.74	130
302491.3488	4123594.791	130
302490.3524	4123594.863	130
302489.3579	4123594.966	130
302488.3639	4123595.075	130
302487.3747	4123595.221	130
302486.3844	4123595.36	130
302485.3985	4123595.527	130
302484.411	4123595.685	130
302483.4267	4123595.859	130
302482.4505	4123596.076	130
302481.4764	4123596.302	130
302480.5042	4123596.536	130
302479.539	4123596.797	130
302478.5831	4123597.09	130
302477.6289	4123597.39	130
302476.6864	4123597.723	130
302475.7449	4123598.06	130
302474.8037	4123598.398	130
302473.8621	4123598.735	130
302472.9421	4123599.126	130
302472.028	4123599.532	130
302471.1155	4123599.941	130
302470.2195	4123600.384	130
302469.3258	4123600.832	130
302468.4294	4123601.276	130
302467.5491	4123601.75	130
302466.6803	4123602.245	130
302465.8356	4123602.78	130
302464.9792	4123603.296	130
302464.137	4123603.836	130
302463.2986	4123604.38	130
302462.4648	4123604.933	130
302461.6568	4123605.522	130
302460.8576	4123606.123	130
302460.0788	4123606.75	130
302459.2765	4123607.346	130
302458.4886	4123607.961	130
302457.7093	4123608.588	130
302456.9443	4123609.232	130
302456.1744	4123609.87	130
302455.427	4123610.534	130
302454.6853	4123611.205	130
302453.9548	4123611.888	130
302453.2284	4123612.575	130
302452.5341	4123613.295	130
302451.8387	4123614.013	130
302451.1583	4123614.746	130
302450.4819	4123615.482	130
302449.8274	4123616.238	130
302449.1983	4123617.016	130
302448.5814	4123617.803	130
302447.9651	4123618.59	130
302447.3503	4123619.379	130
302446.7701	4123620.193	130
302446.1872	4123621.006	130
302445.6139	4123621.825	130
302445.0413	4123622.645	130
302444.4714	4123623.467	130
302443.9667	4123624.33	130
302443.4758	4123625.201	130
302443.0059	4123626.084	130
302442.5562	4123626.976	130
302442.1425	4123627.887	130
302441.766	4123628.813	130
302441.3973	4123629.742	130
302441.058	4123630.683	130
302440.7237	4123631.625	130
302440.3844	4123632.566	130
302440.0385	4123633.504	130
302439.6926	4123634.443	130
302439.3594	4123635.385	130
302439.0424	4123636.334	130
302438.7249	4123637.282	130
302438.4206	4123638.234	130
302438.1448	4123639.196	130
302437.8689	4123640.157	130
302437.5977	4123641.119	130
302437.3355	4123642.084	130
302437.0733	4123643.049	130
302436.8225	4123644.017	130
302436.5726	4123644.986	130
302436.3226	4123645.954	130
302436.0956	4123646.927	130
302435.9259	4123647.913	130
302435.7562	4123648.898	130
302435.5865	4123649.884	130
302435.4757	4123650.874	130
302435.4906	4123651.874	130
302435.5055	4123652.873	130
302435.5204	4123653.873	130
302435.5521	4123654.873	130
302435.5875	4123655.872	130
302435.6229	4123656.872	130
302435.6582	4123657.871	130
302435.8819	4123659.123	130
302436.0969	4123660.099	130
302436.3118	4123661.076	130
302436.5265	4123662.053	130
302436.7411	4123663.029	130
302436.9558	4123664.006	130
302437.2214	4123664.97	130
302437.4977	4123665.931	130
302437.774	4123666.892	130
302438.0811	4123667.842	130
302438.4619	4123668.767	130
302438.8428	4123669.691	130
302439.2236	4123670.616	130
302439.5962	4123671.544	130
302439.9671	4123672.473	130
302440.3379	4123673.402	130
302440.7576	4123674.309	130
302441.1871	4123675.212	130
302441.6166	4123676.115	130
302442.046	4123677.018	130
302442.4753	4123677.921	130
302442.9046	4123678.824	130
302443.342	4123679.724	130
302443.78	4123680.623	130
302444.2179	4123681.522	140
302444.6559	4123682.421	150
302445.0939	4123683.32	160
302445.532	4123684.219	170
302445.9781	4123685.113	180
302446.4465	4123685.997	180
302446.9153	4123686.88	180
302447.3841	4123687.764	180
302447.8533	4123688.647	180
