302480.402	4123747.404	150
302480.8877	4123748.278	150
302481.3829	4123749.146	150
302481.8688	4123750.02	150
302482.3453	4123750.899	150
302482.8359	4123751.771	150
302483.3235	4123752.644	150
302483.8055	4123753.52	150
302484.2844	4123754.398	150
302484.7699	4123755.272	150
302485.2536	4123756.147	150
302485.7429	4123757.019	150
302486.2285	4123757.894	150
302486.7116	4123758.769	150
302487.1892	4123759.648	150
302487.6711	4123760.524	150
302488.1591	4123761.397	150
302488.6458	4123762.27	150
302489.1327	4123763.144	150
302489.6172	4123764.018	150
302490.1032	4123764.892	150
302490.5882	4123765.767	150
302491.0757	4123766.64	150
302491.5537	4123767.518	150
302492.0377	4123768.393	150
302492.5307	4123769.263	150
302493.0126	4123770.139	150
302493.4921	4123771.017	150
302493.9769	4123771.892	150
302494.4584	4123772.768	150
302494.954	4123773.636	150
302495.453	4123774.503	150
302495.9488	4123775.371	140
302496.43	4123776.248	130
302496.9573	4123777.097	120
302497.4461	4123777.97	110
302497.781	4123778.702	100
302498.4754	4123779.579	100
302499.1034	4123780.423	100
302499.6681	4123781.233	100
302500.1722	4123782.012	100
302500.619	4123782.76	100
302501.0113	4123783.477	100
302501.3521	4123784.166	100
302501.6443	4123784.825	100
302501.8911	4123785.457	100
302502.0953	4123786.063	100
302502.26	4123786.642	100
302502.3881	4123787.196	100
302502.4826	4123787.726	100
302502.5464	4123788.233	100
302502.5827	4123788.717	100
302502.5943	4123789.179	100
302502.5842	4123789.62	100
302502.5554	4123790.042	100
302502.5109	4123790.444	100
302502.4537	4123790.828	100
302502.3867	4123791.194	100
302502.313	4123791.544	100
302502.2347	4123791.878	100
302502.1505	4123792.198	100
302502.0587	4123792.503	100
302501.957	4123792.797	100
302501.8437	4123793.079	100
302501.7166	4123793.351	100
302501.5739	4123793.614	100
302501.4134	4123793.868	100
302501.2333	4123794.116	100
302501.0315	4123794.359	100
302500.806	4123794.596	100
302500.5549	4123794.83	100
302500.2762	4123795.061	100
302499.9679	4123795.292	100
302499.628	4123795.522	100
302499.2545	4123795.753	100
302498.8454	4123795.985	100
302498.3988	4123796.221	100
302497.9126	4123796.462	100
302497.3849	4123796.707	100
302496.8137	4123796.959	100
302496.197	4123797.219	120
302496.197	4123797.219	130
302495.3209	4123797.701	140
302494.4449	4123798.183	150
302493.5688	4123798.666	150
302492.6928	4123799.148	150
302491.8167	4123799.63	150
302490.9407	4123800.112	150
302490.0646	4123800.594	150
302489.1885	4123801.077	150
302488.3125	4123801.559	150
302487.4364	4123802.041	150
302486.5604	4123802.523	150
302485.6843	4123803.005	150
302484.8082	4123803.488	150
302483.9322	4123803.97	150
302483.0561	4123804.452	150
302482.1801	4123804.934	150
302481.304	4123805.416	150
302480.428	4123805.899	150
302479.5519	4123806.381	150
302478.6758	4123806.863	150
302477.7998	4123807.345	140
302476.9237	4123807.828	130
302476.0477	4123808.31	120
302475.1716	4123808.792	110
302474.2956	4123809.274	100
302473.4195	4123809.756	100
302473.4195	4123809.756	100
302473.4195	4123809.756	100
302472.857	4123810.19	100
302472.3201	4123810.591	100
302471.8083	4123810.962	100
302471.3213	4123811.31	100
302470.8585	4123811.639	100
302470.4196	4123811.955	100
302470.0042	4123812.262	100
302469.6117	4123812.565	100
302469.2417	4123812.869	100
302468.8939	4123813.181	100
302468.5677	4123813.503	100
302468.2628	4123813.843	100
302467.9787	4123814.204	100
302467.715	4123814.592	100
302467.4712	4123815.011	100
302467.247	4123815.468	100
302467.0418	4123815.966	100
302466.8553	4123816.51	100
302466.6875	4123817.094	100
302466.5386	4123817.709	100
302466.4087	4123818.344	100
302466.2979	4123818.99	100
302466.2066	4123819.637	100
302466.1347	4123820.276	100
302466.0825	4123820.897	100
302466.0501	4123821.49	100
302466.0374	4123822.049	100
302466.0436	4123822.575	100
302466.0676	4123823.073	100
302466.1085	4123823.544	100
302466.1654	4123823.993	100
302466.2372	4123824.422	100
302466.3231	4123824.833	100
302466.422	4123825.231	100
302466.533	4123825.618	100
302466.6552	4123825.997	100
302466.7876	4123826.372	100
302466.9292	4123826.744	100
302467.079	4123827.118	100
302467.2362	4123827.497	90
302467.3997	4123827.882	80
302467.5686	4123828.278	80
302467.742	4123828.688	80
302467.742	4123828.688	80
302468.2315	4123829.56	80
302468.7209	4123830.432	80
302469.2104	4123831.304	70
302469.6999	4123832.176	70
302470.1894	4123833.048	70
302470.6788	4123833.92	70
302471.1683	4123834.792	70
302471.6578	4123835.664	70
302472.1473	4123836.536	50
302472.6367	4123837.408	50
302473.1262	4123838.28	50
302473.6157	4123839.152	50
302474.1052	4123840.024	50
302474.5946	4123840.896	50
302475.0841	4123841.768	50
302475.5736	4123842.64	50
302476.0631	4123843.512	90
302476.5525	4123844.384	90
302477.042	4123845.256	100
302477.5315	4123846.128	120
302478.021	4123847	150
302478.021	4123847	150
302478.501	4123847.878	150
302478.9884	4123848.767	150
302479.4758	4123849.655	150
302479.9633	4123850.544	150
302480.4507	4123851.433	150
302480.9381	4123852.321	150
302481.4255	4123853.21	150
302481.9129	4123854.098	150
302482.4003	4123854.987	150
302482.8878	4123855.876	150
302483.3752	4123856.764	150
302483.8626	4123857.653	150
302484.35	4123858.542	150
302484.8374	4123859.43	150
302485.3249	4123860.319	150
302485.8123	4123861.207	150
302486.2997	4123862.096	150
302486.7871	4123862.985	150
302487.2745	4123863.873	150
302487.762	4123864.762	150
302488.2494	4123865.651	150
302488.7368	4123866.539	150
302489.2242	4123867.428	150
302489.7116	4123868.316	150
302490.199	4123869.205	150
302490.6865	4123870.094	150
302491.1739	4123870.982	150
302491.6613	4123871.871	150
302492.1487	4123872.76	150
302492.6361	4123873.648	150
302493.1236	4123874.537	150
302493.611	4123875.425	150
302494.0984	4123876.314	150
302494.5858	4123877.203	150
302495.0732	4123878.091	150
302495.5607	4123878.98	150
302496.0481	4123879.869	150
302496.5355	4123880.757	150
302497.0229	4123881.646	150
302497.5103	4123882.534	150
302497.9977	4123883.423	150
302498.4852	4123884.312	150
302498.9726	4123885.2	150
302499.46	4123886.089	150
302500.0194	4123886.952	100
302500.5788	4123887.815	100
302501.1382	4123888.677	100
302501.6976	4123889.54	100
302502.257	4123890.403	100
302502.749	4123891.082	100
302503.193	4123891.682	100
302503.5205	4123892.061	100
302503.8545	4123892.433	100
302504.195	4123892.799	100
302504.5423	4123893.158	100
302504.9072	4123893.521	100
302505.2683	4123893.866	100
302505.6363	4123894.204	100
302506.0115	4123894.534	100
302506.3937	4123894.857	100
302506.7713	4123895.163	100
302507.1685	4123895.469	100
302507.5756	4123895.761	100
302507.9952	4123896.033	100
302508.4299	4123896.28	100
302508.8817	4123896.496	100
302509.349	4123896.678	100
302509.8286	4123896.827	100
302510.3172	4123896.942	100
302510.8115	4123897.022	100
302511.3093	4123897.068	100
302511.8094	4123897.083	100
302512.3108	4123897.07	100
302512.7971	4123897.032	100
302513.2976	4123896.97	100
302513.796	4123896.887	100
302514.2761	4123896.789	100
302514.767	4123896.673	100
302515.2523	4123896.543	100
302515.731	4123896.403	100
302516.2161	4123896.251	100
302516.6953	4123896.099	100
302517.1661	4123895.934	100
302517.6316	4123895.754	100
302518.0947	4123895.558	100
302518.5479	4123895.349	100
302518.9942	4123895.126	100
302519.4332	4123894.888	100
302519.972	4123894.568	100
302520.8516	4123894.081	100
302521.7312	4123893.595	100
302522.6108	4123893.108	100
302523.4904	4123892.622	100
302524.3699	4123892.135	100
302525.2495	4123891.649	100
302526.1291	4123891.162	100
302527.0087	4123890.676	100
302527.8883	4123890.189	100
302528.7679	4123889.703	100
302529.6475	4123889.216	100
302530.5271	4123888.73	100
302531.4066	4123888.243	100
302532.2862	4123887.757	100
302533.1658	4123887.27	100
302534.0454	4123886.784	100
302534.925	4123886.297	100