3721.9453	12643.49168
3721.94535	12643.4916
3721.9454	12643.49153
3721.94544	12643.49145
3721.94549	12643.49137
3721.94554	12643.4913
3721.94559	12643.49122
3721.94564	12643.49113
3721.9457	12643.49104
3721.94575	12643.49095
3721.94581	12643.49085
3721.94587	12643.49075
3721.94593	12643.49066
3721.946	12643.49056
3721.94606	12643.49046
3721.94609	12643.49043
3721.9461	12643.49036
3721.94614	12643.49029
3721.94619	12643.49022
3721.94628	12643.49009
3721.94637	12643.48994
3721.94646	12643.48979
3721.94658	12643.48963
3721.94668	12643.48944
3721.9468	12643.48925
3721.94693	12643.48906
3721.94699	12643.48896
3721.94706	12643.48886
3721.94712	12643.48876
3721.94718	12643.48866
3721.94724	12643.48855
3721.9473	12643.48844
3721.94737	12643.48832
3721.94748	12643.48811
3721.94755	12643.48794
3721.94767	12643.48789
3721.94774	12643.48773
3721.94782	12643.4876
3721.94788	12643.48748
3721.94796	12643.48735
3721.94805	12643.48721
3721.94814	12643.48707
3721.94823	12643.48693
3721.94841	12643.48664
3721.94859	12643.48635
3721.94877	12643.48605
3721.94896	12643.48574
3721.94914	12643.48543
3721.94932	12643.48511
3721.9495	12643.48478
3721.94969	12643.48447
3721.94989	12643.48415
3721.95006	12643.48381
3721.95042	12643.48314
3721.9506	12643.4828
3721.95068	12643.48261
3721.95076	12643.48244
3721.95092	12643.48209
3721.95112	12643.48171
3721.9513	12643.48134
3721.95147	12643.48095
3721.95163	12643.48055
3721.95178	12643.48014
3721.95192	12643.47975
3721.95217	12643.47892
3721.95223	12643.47871
3721.95232	12643.47829
3721.95241	12643.47786
3721.9525	12643.47743
3721.95257	12643.47699
3721.95263	12643.47654
3721.95267	12643.4761
3721.9527	12643.47566
3721.95272	12643.47522
3721.95271	12643.47433
3721.9527	12643.47388
3721.95267	12643.47344
3721.95263	12643.47298
3721.95257	12643.47252
3721.9525	12643.47207
3721.9524	12643.47161
3721.9523	12643.47116
3721.95217	12643.47071
3721.95205	12643.47028
3721.9519	12643.46985
3721.95158	12643.46902
3721.95141	12643.46862
3721.95122	12643.46821
3721.95103	12643.46782
3721.95083	12643.46743
3721.95063	12643.46705
3721.95043	12643.46667
3721.95021	12643.4663
3721.94998	12643.46594
3721.94951	12643.46525
3721.94927	12643.46491
3721.94903	12643.46458
3721.94878	12643.46425
3721.94854	12643.46392
3721.94829	12643.4636
3721.94802	12643.46328
3721.94776	12643.46296
3721.94749	12643.46264
3721.94722	12643.46232
3721.94694	12643.46199
3721.94642	12643.4613
3721.94612	12643.46095
3721.94581	12643.46062
3721.94551	12643.46028
3721.94518	12643.45994
3721.94486	12643.4596
3721.94453	12643.45926
3721.94419	12643.45891
3721.94385	12643.45856
3721.94314	12643.45784
3721.94277	12643.45748
3721.9424	12643.45711
3721.94203	12643.45675
3721.94163	12643.45637
3721.94125	12643.456
3721.94086	12643.45561
3721.94046	12643.45523
3721.94006	12643.45485
3721.93965	12643.45446
3721.93924	12643.45407
3721.93841	12643.45329
3721.93799	12643.45289
3721.93756	12643.45249
3721.93713	12643.45209
3721.9367	12643.45166
3721.93626	12643.45122
3721.93606	12643.45105
3721.93585	12643.45086
3721.93563	12643.45065
3721.93475	12643.44981
3721.9343	12643.4494
3721.93385	12643.44897
3721.9334	12643.44855
3721.93295	12643.44812
3721.9325	12643.44769
3721.93204	12643.44727
3721.93159	12643.44684
3721.93114	12643.44642
3721.93068	12643.44599
3721.93022	12643.44556
3721.92976	12643.44513
3721.92883	12643.44425
3721.92836	12643.44381
3721.92789	12643.44337
3721.92742	12643.44292
3721.92694	12643.44247
3721.92647	12643.44202
3721.92599	12643.44157
3721.92551	12643.44112
3721.92503	12643.44066
3721.92454	12643.4402
3721.92356	12643.43928
3721.92308	12643.43883
3721.9226	12643.43838
3721.92212	12643.43793
3721.92164	12643.43748
3721.92116	12643.43703
3721.92068	12643.43658
3721.9202	12643.43614
3721.91973	12643.4357
3721.91926	12643.43526
3721.91831	12643.43438
3721.91784	12643.43396
3721.91737	12643.43353
3721.9169	12643.43311
3721.91642	12643.4327
3721.91595	12643.43228
3721.91548	12643.43188
3721.91501	12643.43147
3721.91454	12643.43107
3721.91408	12643.43067
3721.91316	12643.42987
3721.9127	12643.42948
3721.91225	12643.42908
3721.9118	12643.42868
3721.91135	12643.42828
3721.9109	12643.42789
3721.91046	12643.4275
3721.91001	12643.42711
3721.90957	12643.42672
3721.90913	12643.42634
3721.90869	12643.42596
3721.90826	12643.42558
3721.90783	12643.42521
3721.90741	12643.42483
3721.90699	12643.42446
3721.90658	12643.42411
3721.90618	12643.42375
3721.90579	12643.4234
3721.9054	12643.42305
3721.90502	12643.42271
3721.90464	12643.42237
3721.90428	12643.42204
3721.90392	12643.42171
3721.90357	12643.42139
3721.90322	12643.42108
3721.90288	12643.42077
3721.90253	12643.42045
3721.90219	12643.42014
3721.90184	12643.41983
3721.90149	12643.41951
3721.90115	12643.41919
3721.90082	12643.41892
3721.90066	12643.41877
3721.9005	12643.41863
3721.90034	12643.41848
3721.90018	12643.41834
3721.90002	12643.4182
3721.89987	12643.41805
3721.89971	12643.41788
3721.89955	12643.41772
3721.89938	12643.41757
3721.89906	12643.41727
3721.89892	12643.41712
3721.89875	12643.41697
3721.89858	12643.41682
3721.89842	12643.41667
3721.89825	12643.41653
3721.8981	12643.41638
3721.89776	12643.41609
3721.89742	12643.41579
3721.89707	12643.41551
3721.89674	12643.4152
3721.89639	12643.41488
3721.89603	12643.41456
3721.89566	12643.41423
3721.89529	12643.4139
3721.89493	12643.41356
3721.89457	12643.41323
3721.8942	12643.41288
3721.89383	12643.41254
3721.89346	12643.41219
3721.89308	12643.41184
3721.89271	12643.41149
3721.89234	12643.41115
3721.89196	12643.41081
3721.89159	12643.41046
3721.89122	12643.41012
3721.89085	12643.40979
3721.89048	12643.40945
3721.8901	12643.40911
3721.88973	12643.40877
3721.88935	12643.40843
3721.88898	12643.40808
3721.88861	12643.40774
3721.88824	12643.4074
3721.88787	12643.40706
3721.8875	12643.40673
3721.88714	12643.40639
3721.88678	12643.40605
3721.88642	12643.40572
3721.88605	12643.40538
3721.8857	12643.40504
3721.88534	12643.40471
3721.88498	12643.40436
3721.88463	12643.40402
3721.88427	12643.40368
3721.88391	12643.40335
3721.88358	12643.40303
3721.88324	12643.4027
3721.88289	12643.40238
3721.88254	12643.40206
3721.88221	12643.40175
3721.88188	12643.40144
3721.88155	12643.40114
3721.88123	12643.40085
3721.88092	12643.40055
3721.88062	12643.40027
3721.88032	12643.4
3721.88002	12643.39973
3721.87972	12643.39945
3721.87941	12643.39917
3721.8791	12643.39889
3721.8788	12643.39862
3721.8785	12643.39836
3721.87821	12643.39809
3721.87793	12643.39783
3721.87765	12643.39757
3721.87735	12643.39726
3721.87705	12643.39701
3721.87675	12643.39674
3721.87644	12643.39647
3721.87614	12643.3962
3721.87583	12643.39593
3721.87553	12643.39564
3721.87521	12643.39535
3721.8749	12643.39506
3721.87458	12643.39477
3721.87426	12643.39446
3721.87393	12643.39416
3721.87359	12643.39385
3721.87325	12643.39354
3721.8729	12643.39321
3721.87254	12643.39287
3721.87217	12643.39253
3721.8718	12643.39218
3721.87141	12643.39182
3721.87101	12643.39145
3721.87061	12643.39107
3721.87019	12643.39068
3721.86977	12643.3903
3721.86934	12643.3899
3721.86891	12643.38949
3721.86847	12643.38908
3721.86803	12643.38866
3721.86758	12643.38823
3721.86713	12643.3878
3721.86668	12643.38737
3721.86622	12643.38693
3721.86575	12643.38648
3721.86528	12643.38604
3721.8648	12643.38558
3721.86432	12643.38513
3721.86384	12643.38468
3721.86335	12643.3842
3721.86286	12643.38373
3721.86236	12643.38325
3721.86187	12643.38277
3721.86162	12643.38253
3721.86137	12643.38229
3721.86111	12643.38206
3721.86085	12643.38182
3721.86062	12643.38156
3721.86038	12643.38131
3721.86013	12643.38107
3721.85988	12643.38082
3721.85963	12643.38058
3721.85938	12643.38034
3721.85913	12643.38009
3721.85887	12643.37986
3721.85835	12643.37939
3721.85809	12643.37914
3721.85782	12643.3789
3721.85756	12643.37865
3721.85732	12643.37841
3721.85705	12643.37816
3721.85678	12643.37791
3721.85652	12643.37767
3721.85627	12643.37742
3721.85601	12643.37716
3721.85547	12643.37666
3721.85494	12643.37616
3721.85441	12643.37566
3721.85387	12643.37515
3721.85334	12643.37463
3721.85307	12643.37437
3721.8528	12643.37411
3721.85254	12643.37384
3721.85227	12643.37356
3721.85201	12643.3733
3721.85175	12643.37303
3721.85148	12643.37277
3721.85123	12643.37251
3721.85094	12643.37228
3721.85067	12643.37203
3721.85039	12643.37178
3721.85015	12643.37154
3721.8496	12643.37105
3721.84908	12643.37056
3721.84855	12643.37008
3721.84801	12643.36955
3721.84747	12643.36905
3721.84693	12643.36854
3721.84638	12643.36802
3721.84583	12643.36751
3721.84529	12643.367
3721.84474	12643.36649
3721.84418	12643.36597
3721.8439	12643.36571
3721.84362	12643.36545
3721.84334	12643.3652
3721.84306	12643.36495
3721.84278	12643.36471
3721.8425	12643.36447
3721.84222	12643.36422
3721.84194	12643.36398
3721.84166	12643.36374
3721.84138	12643.36349
3721.84111	12643.36325
3721.84083	12643.36301
3721.84055	12643.36278
3721.84028	12643.36255
3721.84	12643.36232
3721.83973	12643.36209
3721.83945	12643.36185
3721.83919	12643.36162
3721.83892	12643.36138
3721.83865	12643.36114
3721.83837	12643.3609
3721.83809	12643.36066
3721.83783	12643.36042
3721.83758	12643.36018
3721.83732	12643.35996
3721.83704	12643.35973
3721.83675	12643.35949
3721.83647	12643.35926
3721.83619	12643.35902
3721.8359	12643.35876
3721.8356	12643.3585
3721.83534	12643.35819
3721.83508	12643.35788
3721.8348	12643.35761
3721.83461	12643.35738
3721.83431	12643.35712
3721.83403	12643.35685
3721.83375	12643.35659
3721.83347	12643.35633
3721.8329	12643.35582
3721.83236	12643.3553
3721.8318	12643.35479
3721.83125	12643.35427
3721.83069	12643.35376
3721.83042	12643.35351
3721.83014	12643.35325
3721.82986	12643.35299
3721.82958	12643.35274
3721.8293	12643.35249
3721.82903	12643.35223
3721.82875	12643.35197
3721.82847	12643.35172
3721.8282	12643.35147
3721.82793	12643.35122
3721.82766	12643.35097
3721.82739	12643.35072
3721.82711	12643.35046
3721.82684	12643.35021
3721.82657	12643.34996
3721.82602	12643.34945
3721.82575	12643.3492
3721.82549	12643.34895
3721.82522	12643.3487
3721.82495	12643.34844
3721.82467	12643.34819
3721.8244	12643.34793
3721.82413	12643.34767
3721.82386	12643.34741
3721.8236	12643.34717
3721.82333	12643.34693
3721.82306	12643.34668
3721.8228	12643.34642
3721.82252	12643.34618
3721.82224	12643.34593
3721.82197	12643.34568
3721.82171	12643.34543
3721.82117	12643.34493
3721.82063	12643.34444
3721.82036	12643.34419
3721.8201	12643.34395
3721.81957	12643.34346
3721.81903	12643.34296
3721.81876	12643.3427
3721.81849	12643.34245
3721.81823	12643.34219
3721.81797	12643.34194
3721.81743	12643.34142
3721.81718	12643.34115
3721.81691	12643.3409
3721.81665	12643.34065
3721.81638	12643.34041
3721.81585	12643.33991
3721.81533	12643.3394
3721.81506	12643.33914
3721.8148	12643.3389
3721.81453	12643.33864
3721.81427	12643.33839
3721.81401	12643.33813
3721.81373	12643.33787
3721.81347	12643.33762
3721.81318	12643.33737
3721.8129	12643.33711
3721.81263	12643.33685
3721.81237	12643.3366
3721.8121	12643.33634
3721.81182	12643.33609
3721.81153	12643.33584
3721.81125	12643.33558
3721.81099	12643.33531
3721.81045	12643.33479
3721.81018	12643.33454
3721.80991	12643.33428
3721.80965	12643.33402
3721.8094	12643.33377
3721.80888	12643.33328
3721.80835	12643.33279
3721.80781	12643.33226
3721.80754	12643.33199
3721.80702	12643.33146
3721.80651	12643.33092
3721.80625	12643.33065
3721.80599	12643.33039
3721.80546	12643.32983
3721.80494	12643.32928
3721.80469	12643.32903
3721.80417	12643.3285
3721.80367	12643.328
3721.80315	12643.32749
3721.8029	12643.32721
3721.80239	12643.32669
3721.80188	12643.32617
3721.80162	12643.32592
3721.80135	12643.32567
3721.80108	12643.32542
3721.80055	12643.32492
3721.80001	12643.32443
3721.79949	12643.32389
3721.79893	12643.32344
3721.79837	12643.32293
3721.79809	12643.32267
3721.79755	12643.32216
3721.79701	12643.32167
3721.79646	12643.32118
3721.79591	12643.3207
3721.79537	12643.32023
3721.79482	12643.31976
3721.79427	12643.3193
3721.79372	12643.31884
3721.79317	12643.3184
3721.79262	12643.31796
3721.79206	12643.31754
3721.7915	12643.31713
3721.79093	12643.31674
3721.79036	12643.31636
3721.78979	12643.316
3721.78921	12643.31564
3721.78862	12643.3153
3721.78803	12643.31498
3721.78744	12643.31468
3721.78683	12643.3144
3721.78622	12643.31415
3721.78561	12643.31393
3721.78499	12643.3137
3721.78437	12643.3135
3721.78374	12643.31332
3721.78343	12643.31325
3721.78279	12643.31313
3721.78248	12643.31308
3721.78185	12643.31297
3721.78121	12643.3129
3721.78059	12643.31285
3721.77997	12643.31282
3721.77935	12643.31278
3721.77873	12643.31279
3721.77811	12643.31281
3721.77749	12643.31285
3721.77687	12643.31292
3721.77625	12643.31302
3721.77565	12643.31313
3721.77504	12643.31326
3721.77441	12643.31339
3721.77381	12643.31357
3721.77322	12643.31375
3721.77265	12643.31396
3721.77207	12643.31418
3721.77151	12643.31441
3721.77095	12643.31466
3721.7704	12643.31493
3721.76985	12643.31521
3721.76932	12643.3155
3721.76879	12643.3158
3721.76826	12643.31611
3721.76775	12643.31644
3721.76724	12643.31677
3721.76674	12643.31711
3721.7665	12643.31728
3721.76626	12643.31743
3721.76605	12643.3176
3721.76559	12643.31793
3721.76536	12643.3181
3721.76513	12643.31827
3721.7649	12643.31845
3721.76467	12643.31863
3721.76444	12643.31881
3721.76421	12643.31899
3721.76398	12643.31918
3721.76375	12643.31936
3721.76352	12643.31955
3721.76329	12643.31973
3721.76306	12643.31992
3721.76283	12643.32011
3721.76261	12643.3203
3721.76238	12643.32049
3721.76215	12643.32069
3721.76193	12643.32088
3721.7617	12643.32108
3721.76147	12643.32128
3721.76125	12643.32148
3721.76102	12643.32168
3721.7606	12643.32206
3721.76026	12643.32269
3721.76013	12643.32308
3721.75995	12643.32338
3721.75981	12643.3237
3721.75964	12643.32399
3721.75929	12643.32456
3721.75912	12643.32483
3721.75893	12643.3251
3721.75863	12643.32569
3721.75833	12643.3263
3721.75804	12643.32691
3721.75775	12643.32753
3721.75747	12643.32815
3721.7572	12643.32879
3721.75694	12643.32942
3721.75668	12643.33005
3721.75654	12643.33036
3721.75641	12643.33067
3721.75628	12643.33098
3721.75615	12643.33129
3721.75602	12643.33161
3721.75589	12643.33191
3721.75577	12643.33223
3721.75565	12643.33256
3721.75555	12643.33291
3721.75547	12643.33325
3721.75527	12643.33393
3721.75512	12643.33462
3721.75495	12643.33532
3721.75477	12643.33601
3721.75468	12643.33636
3721.75461	12643.33672
3721.75456	12643.33707
3721.7545	12643.33741
3721.75446	12643.33776
3721.75442	12643.3381
3721.75438	12643.33846
3721.75434	12643.33881
3721.75427	12643.33952
3721.75422	12643.34024
3721.7542	12643.34096
3721.75418	12643.34168
3721.75418	12643.3424
3721.75418	12643.34312
3721.75421	12643.34384
3721.75424	12643.34456
3721.75429	12643.34528
3721.75433	12643.34598
3721.75441	12643.3467
3721.7545	12643.34741
3721.75458	12643.34812
3721.75467	12643.34881
3721.75472	12643.34916
3721.75476	12643.34952
3721.75482	12643.34984
3721.7549	12643.35017
3721.75502	12643.35053
3721.75511	12643.35089
3721.75519	12643.35124
3721.75529	12643.35158
3721.75538	12643.35193
3721.75548	12643.35228
3721.75557	12643.35262
3721.75568	12643.35298
3721.7559	12643.35365
3721.75611	12643.35434
3721.75636	12643.35499
3721.75661	12643.35563
3721.75686	12643.35627
3721.75712	12643.35689
3721.75739	12643.35752
3721.75767	12643.35813
3721.75796	12643.35873
3721.75827	12643.35933
3721.75858	12643.35992
3721.7589	12643.36051
3721.75923	12643.36109
3721.75958	12643.36166
3721.75993	12643.36222
3721.7603	12643.36277
3721.76067	12643.36332
3721.76106	12643.36385
3721.76146	12643.36437
3721.76187	12643.36488
3721.76227	12643.36541
3721.76247	12643.36567
3721.76267	12643.36593
3721.76287	12643.36619
3721.76307	12643.36646
3721.76347	12643.36696
3721.76371	12643.36719
3721.76393	12643.36743
3721.76414	12643.36766
3721.76436	12643.36789
3721.76459	12643.36814
3721.76481	12643.36839
3721.76504	12643.36863
3721.76528	12643.36888
3721.76551	12643.36912
3721.76598	12643.3696
3721.76645	12643.37008
3721.76693	12643.37056
3721.76741	12643.37104
3721.7679	12643.37152
3721.7684	12643.37201
3721.76891	12643.37251
3721.7694	12643.373
3721.7699	12643.37348
3721.7704	12643.37398
3721.77066	12643.37427
3721.77092	12643.37452
3721.77145	12643.37503
3721.77199	12643.37552
3721.77253	12643.37602
3721.77308	12643.37651
3721.77363	12643.37702
3721.77418	12643.37753
3721.77474	12643.37804
3721.7753	12643.37856
3721.77587	12643.37907
3721.77644	12643.37962
3721.77701	12643.38015
3721.77759	12643.38068
3721.77817	12643.38122
3721.77874	12643.38176
3721.77932	12643.3823
3721.77962	12643.38258
3721.77992	12643.38287
3721.78022	12643.38316
3721.78051	12643.38346
3721.78082	12643.38369
3721.78112	12643.38396
3721.78141	12643.38425
3721.7817	12643.38454
3721.78201	12643.3848
3721.7823	12643.38507
3721.7826	12643.38536
3721.7829	12643.38565
3721.78321	12643.38593
3721.78351	12643.38621
3721.78411	12643.38678
3721.78472	12643.38735
3721.78533	12643.38792
3721.78593	12643.38849
3721.78655	12643.38906
3721.78716	12643.38964
3721.78777	12643.39022
3721.78839	12643.3908
3721.78901	12643.39139
3721.78963	12643.39199
3721.79026	12643.39258
3721.79088	12643.39318
3721.79151	12643.39379
3721.79214	12643.39439
3721.79276	12643.39497
3721.79339	12643.39556
3721.79402	12643.39617
3721.79466	12643.39678
3721.7953	12643.39739
3721.79594	12643.39799
3721.79658	12643.39859
3721.79722	12643.39921
3721.79786	12643.39981
3721.79851	12643.40042
3721.79915	12643.40103
3721.7998	12643.40165
3721.80045	12643.40227
3721.80111	12643.40289
3721.80176	12643.40352
3721.80241	12643.40414
3721.80307	12643.40477
3721.80373	12643.4054
3721.8044	12643.40603
3721.80506	12643.40667
3721.80573	12643.4073
3721.80641	12643.40794
3721.80708	12643.40857
3721.80777	12643.40922
3721.80846	12643.40986
3721.80915	12643.41051
3721.80984	12643.41117
3721.81054	12643.41182
3721.81124	12643.41247
3721.81194	12643.41313
3721.81264	12643.41379
3721.81334	12643.41444
3721.81405	12643.4151
3721.81475	12643.41576
3721.81546	12643.41642
3721.81617	12643.41708
3721.81688	12643.41774
3721.8176	12643.41841
3721.8183	12643.41908
3721.81902	12643.41975
3721.81973	12643.42042
3721.82044	12643.4211
3721.82116	12643.42178
3721.82188	12643.42246
3721.82259	12643.42314
3721.82331	12643.42383
3721.82403	12643.42451
3721.82475	12643.42519
3721.82546	12643.42587
3721.82617	12643.42656
3721.82689	12643.42724
3721.82761	12643.42792
3721.82832	12643.4286
3721.82904	12643.42928
3721.82976	12643.42996
3721.83048	12643.43063
3721.83119	12643.4313
3721.83191	12643.43198
3721.83263	12643.43265
3721.83335	12643.43332
3721.83407	12643.43399
3721.83479	12643.43466
3721.83551	12643.43534
3721.83623	12643.43602
3721.83695	12643.43669
3721.83767	12643.43737
3721.83838	12643.43804
3721.8391	12643.43871
3721.83982	12643.43938
3721.84053	12643.44005
3721.84125	12643.44072
3721.84196	12643.44139
3721.84267	12643.44206
3721.84338	12643.44273
3721.84409	12643.4434
3721.8448	12643.44407
3721.84551	12643.44474
3721.84622	12643.44541
3721.84693	12643.44609
3721.84765	12643.44676
3721.84837	12643.44743
3721.8491	12643.4481
3721.84983	12643.44877
3721.85056	12643.44944
3721.85129	12643.45012
3721.85203	12643.4508
3721.85276	12643.45148
3721.8535	12643.45216
3721.85424	12643.45285
3721.85497	12643.45353
3721.85571	12643.45422
3721.85644	12643.45491
3721.85718	12643.45559
3721.85791	12643.45628
3721.85865	12643.45697
3721.85938	12643.45767
3721.86011	12643.45836
3721.86084	12643.45906
3721.86158	12643.45976
3721.86232	12643.46046
3721.86306	12643.46115
3721.86379	12643.46186
3721.86453	12643.46256
3721.86528	12643.46327
3721.86602	12643.46397
3721.86677	12643.46468
3721.86752	12643.4654
3721.86827	12643.46611
3721.86902	12643.46682
3721.86978	12643.46754
3721.87054	12643.46826
3721.8713	12643.46897
3721.87207	12643.46969
3721.87284	12643.47041
3721.87362	12643.47111
3721.87398	12643.47147
3721.87436	12643.47184
3721.87475	12643.4722
3721.87514	12643.47255
3721.87592	12643.47327
3721.8767	12643.47399
3721.87748	12643.47471
3721.87825	12643.47542
3721.87903	12643.47614
3721.8798	12643.47685
3721.88057	12643.47757
3721.88134	12643.47829
3721.8821	12643.47901
3721.88287	12643.47972
3721.88364	12643.48044
3721.88441	12643.48115
3721.88518	12643.48187
3721.88594	12643.48259
3721.88671	12643.4833
3721.88747	12643.48402
3721.88824	12643.48474
3721.889	12643.48545
3721.88976	12643.48616
3721.89052	12643.48688
3721.89128	12643.48759
3721.89204	12643.48831
3721.8928	12643.48901
3721.89356	12643.48972
3721.89432	12643.49042
3721.89508	12643.49112
3721.89584	12643.49182
3721.8966	12643.49251
3721.89735	12643.4932
3721.8981	12643.4939
3721.89885	12643.49459
3721.8996	12643.49528
3721.90035	12643.49597
3721.9011	12643.49665
3721.90185	12643.49733
3721.90259	12643.49801
3721.90332	12643.49869
3721.90406	12643.49936
3721.90478	12643.50002
3721.90549	12643.50068
3721.90619	12643.50132
3721.90689	12643.50197
3721.90757	12643.50261
3721.90825	12643.50325
3721.90892	12643.50387
3721.90958	12643.50449
3721.91022	12643.5051
3721.91086	12643.50571
3721.91149	12643.50631
3721.9121	12643.50691
3721.91271	12643.5075
3721.91331	12643.50807
3721.9139	12643.50863
3721.91448	12643.50919
3721.91505	12643.50974
3721.9156	12643.51028
3721.91615	12643.5108
3721.91669	12643.51132
3721.91722	12643.51182
3721.91773	12643.51231
3721.91824	12643.51279
3721.91874	12643.51326
3721.91924	12643.51371
3721.91972	12643.51415
3721.92019	12643.51459
3721.92066	12643.515
3721.92111	12643.51541
3721.92156	12643.51581
3721.922	12643.51618
3721.92244	12643.51652
3721.92286	12643.51685
3721.92327	12643.51715
3721.92367	12643.51744
3721.92407	12643.5177
3721.92446	12643.51793
3721.92484	12643.51815
3721.92521	12643.51834
3721.92557	12643.5185
3721.92592	12643.51865
3721.92625	12643.51877
3721.92657	12643.51887
3721.92688	12643.51895
3721.92718	12643.519
3721.92746	12643.51903
3721.92772	12643.51904
3721.92797	12643.51904
3721.92822	12643.51902
3721.92846	12643.51899
3721.9287	12643.51894
3721.92882	12643.51891
3721.92906	12643.51884
3721.92929	12643.51874
3721.92951	12643.51864
3721.92973	12643.51852
3721.92994	12643.51839
3721.93015	12643.51824
3721.93034	12643.51807
3721.93054	12643.5179
3721.93072	12643.51773
3721.93081	12643.51763
3721.93099	12643.51744
3721.93115	12643.51725
3721.93131	12643.51704
3721.93146	12643.51682
3721.9316	12643.5166
3721.93175	12643.51638
3721.93188	12643.51616
3721.93202	12643.51593
3721.93215	12643.51571
3721.93228	12643.51549
3721.9324	12643.51525
3721.93253	12643.51503
3721.93264	12643.51481
3721.93277	12643.51458
3721.93289	12643.51435
3721.93301	12643.51412
3721.93314	12643.51389
3721.93325	12643.51366
3721.93338	12643.51344
3721.93351	12643.51321
3721.93363	12643.51298
3721.93376	12643.51274
3721.93388	12643.5125
3721.93401	12643.51226
3721.93414	12643.51201
3721.93426	12643.51176
3721.9344	12643.51151
3721.93453	12643.51126
3721.93468	12643.511
3721.93483	12643.51074
3721.93498	12643.51047
3721.93513	12643.51019
3721.93529	12643.5099
3721.93545	12643.50961
3721.93562	12643.50931
3721.93579	12643.509
3721.93597	12643.50869
3721.93615	12643.50837
3721.93633	12643.50806
3721.93651	12643.50775
3721.93669	12643.50744
3721.93687	12643.50713
3721.93705	12643.50682
3721.93723	12643.50651
3721.93741	12643.50621
3721.93759	12643.5059
3721.93777	12643.50559
3721.93795	12643.50529
3721.93813	12643.505
3721.93831	12643.50469
3721.93848	12643.5044
3721.93867	12643.5041
3721.93884	12643.5038
3721.93902	12643.5035
3721.93919	12643.50321
3721.93937	12643.50291
3721.93954	12643.50262
3721.93971	12643.50232
3721.93988	12643.50204
3721.94004	12643.50174
3721.94022	12643.50145
3721.94038	12643.50116
3721.94055	12643.50087
3721.94071	12643.50058
3721.94087	12643.50031
3721.94104	12643.50003
3721.9412	12643.49975
3721.94136	12643.49947
3721.94151	12643.4992
3721.94166	12643.49894
3721.94181	12643.49867
3721.94196	12643.49842
3721.9421	12643.49817
3721.94224	12643.49793
3721.94238	12643.49769
