298526.7784	4137876.419	-0.511265
298526.6655	4137876.514	-0.511265
298526.5615	4137876.609	-0.511265
298526.4481	4137876.685	-0.511265
298526.3352	4137876.781	-0.511265
298526.2312	4137876.876	-0.511265
298526.1183	4137876.971	-0.511265
298525.9876	4137877.067	-0.511265
298525.8575	4137877.181	-0.511265
298525.7268	4137877.277	-0.511265
298525.579	4137877.391	-0.511265
298525.4311	4137877.506	-0.511265
298525.3009	4137877.62	-0.511265
298525.1623	4137877.753	-0.511265
298525.0144	4137877.868	-0.511265
298524.9715	4137877.925	-0.511265
298524.8656	4137877.945	-0.511265
298524.77	4137878.022	-0.511265
298524.6659	4137878.116	-0.511265
298524.4751	4137878.287	-0.511265
298524.2577	4137878.459	-0.511265
298524.0403	4137878.631	-0.511265
298523.8154	4137878.858	-0.511265
298523.5364	4137879.051	-0.511265
298523.2584	4137879.279	-0.511265
298522.9896	4137879.527	-0.511265
298522.8417	4137879.641	-0.511265
298522.6943	4137879.774	-0.511265
298522.5552	4137879.888	-0.511265
298522.4074	4137880.003	-0.511265
298522.2506	4137880.117	-0.511265
298522.085	4137880.232	-0.511265
298521.911	4137880.367	-0.511265
298521.6059	4137880.577	-0.511265
298521.3611	4137880.713	-0.511265
298521.2956	4137880.936	-0.511265
298521.0596	4137881.072	-0.511265
298520.8683	4137881.224	-0.511265
298520.6938	4137881.34	-0.511265
298520.5114	4137881.492	-0.511265
298520.3028	4137881.663	-0.511265
298520.1032	4137881.835	-0.511265
298519.9035	4137882.006	-0.511265
298519.4775	4137882.349	-0.511265
298519.0604	4137882.692	-0.511265
298518.6256	4137883.036	-0.511265
298518.1736	4137883.399	-0.511265
298517.7299	4137883.743	-0.511265
298517.2597	4137884.087	-0.511265
298516.7806	4137884.432	-0.511265
298516.3374	4137884.794	-0.511265
298515.868	4137885.175	-0.511265
298515.3796	4137885.501	-0.511265
298514.4037	4137886.191	-0.511265
298513.9069	4137886.536	-0.511265
298513.636	4137886.691	-0.511265
298513.3827	4137886.845	-0.511265
298512.8761	4137887.154	-0.511265
298512.3271	4137887.537	-0.511265
298511.786	4137887.883	-0.511265
298511.2179	4137888.211	-0.511265
298510.6316	4137888.521	-0.511265
298510.0361	4137888.813	-0.511265
298509.4666	4137889.086	-0.511265
298508.2555	4137889.578	-0.511265
298507.9482	4137889.696	-0.511265
298507.3323	4137889.878	-0.511265
298506.6986	4137890.06	-0.511265
298506.065	4137890.242	-0.511265
298505.4216	4137890.387	-0.511265
298504.76	4137890.514	-0.511265
298504.1152	4137890.603	-0.511265
298503.4612	4137890.674	-0.511265
298502.8155	4137890.727	-0.511265
298501.5043	4137890.74	-0.511265
298500.8396	4137890.737	-0.511265
298500.1829	4137890.698	-0.511265
298499.508	4137890.641	-0.511265
298498.8234	4137890.546	-0.511265
298498.156	4137890.432	-0.511265
298497.4695	4137890.263	-0.511265
298496.8009	4137890.095	-0.511265
298496.1308	4137889.87	-0.511265
298495.4966	4137889.664	-0.511265
298494.8523	4137889.402	-0.511265
298493.6158	4137888.84	-0.511265
298493.0148	4137888.539	-0.511265
298492.4041	4137888.203	-0.511265
298491.8199	4137887.865	-0.511265
298491.2353	4137887.509	-0.511265
298490.6595	4137887.152	-0.511265
298490.0927	4137886.796	-0.511265
298489.5337	4137886.402	-0.511265
298488.9921	4137885.99	-0.511265
298487.9526	4137885.146	-0.511265
298487.4459	4137884.714	-0.511265
298486.9481	4137884.282	-0.511265
298486.4498	4137883.831	-0.511265
298485.952	4137883.399	-0.511265
298485.4626	4137882.948	-0.511265
298484.9812	4137882.46	-0.511265
298484.5002	4137881.99	-0.511265
298484.0099	4137881.503	-0.511265
298483.5284	4137881.015	-0.511265
298483.0288	4137880.508	-0.511265
298481.9871	4137879.572	-0.511265
298481.46	4137879.029	-0.511265
298480.9591	4137878.467	-0.511265
298480.4409	4137877.925	-0.511265
298479.9213	4137877.327	-0.511265
298479.4111	4137876.747	-0.511265
298478.8916	4137876.149	-0.511265
298478.3627	4137875.532	-0.511265
298477.825	4137874.916	-0.511265
298476.7305	4137873.629	-0.511265
298476.1826	4137872.957	-0.511265
298475.6259	4137872.286	-0.511265
298475.0779	4137871.614	-0.511265
298474.4933	4137870.888	-0.511265
298473.9361	4137870.199	-0.511265
298473.343	4137869.491	-0.511265
298472.7583	4137868.765	-0.511265
298472.1825	4137868.039	-0.511265
298471.5885	4137867.294	-0.511265
298470.9946	4137866.55	-0.511265
298469.8062	4137865.043	-0.511265
298469.1941	4137864.281	-0.511265
298468.5903	4137863.499	-0.511265
298467.9777	4137862.718	-0.511265
298467.3209	4137861.939	-0.511265
298466.6547	4137861.14	-0.511265
298466.3978	4137860.777	-0.511265
298466.105	4137860.395	-0.511265
298465.7852	4137859.995	-0.511265
298464.5061	4137858.398	-0.511265
298463.8837	4137857.581	-0.511265
298463.226	4137856.764	-0.511265
298462.5859	4137855.947	-0.511265
298461.9282	4137855.13	-0.511265
298461.2793	4137854.313	-0.511265
298460.6388	4137853.477	-0.511265
298459.981	4137852.66	-0.511265
298459.341	4137851.842	-0.511265
298458.6828	4137851.007	-0.511265
298458.0335	4137850.172	-0.511265
298457.3752	4137849.336	-0.511265
298456.0318	4137847.648	-0.511265
298455.3643	4137846.794	-0.511265
298454.6968	4137845.94	-0.511265
298454.0116	4137845.087	-0.511265
298453.3259	4137844.216	-0.511265
298452.6407	4137843.363	-0.511265
298451.9551	4137842.491	-0.511265
298451.2694	4137841.619	-0.511265
298450.566	4137840.748	-0.511265
298449.8622	4137839.858	-0.511265
298448.4634	4137838.079	-0.511265
298447.7777	4137837.207	-0.511265
298447.0921	4137836.335	-0.511265
298446.4064	4137835.464	-0.511265
298445.7207	4137834.592	-0.511265
298445.0351	4137833.72	-0.511265
298444.3494	4137832.849	-0.511265
298443.6814	4137831.976	-0.511265
298443.0051	4137831.122	-0.511265
298442.3376	4137830.269	-0.511265
298440.9933	4137828.544	-0.511265
298440.3523	4137827.689	-0.511265
298439.7025	4137826.835	-0.511265
298439.0616	4137825.981	-0.511265
298438.4291	4137825.108	-0.511265
298437.7881	4137824.253	-0.511265
298437.1826	4137823.399	-0.511265
298436.5505	4137822.545	-0.511265
298435.945	4137821.689	-0.511265
298435.3311	4137820.853	-0.511265
298434.1121	4137819.179	-0.511265
298433.5159	4137818.343	-0.511265
298432.9024	4137817.525	-0.511265
298432.289	4137816.707	-0.511265
298431.6843	4137815.889	-0.511265
298431.0886	4137815.071	-0.511265
298430.4932	4137814.27	-0.511265
298429.8975	4137813.452	-0.511265
298429.3022	4137812.652	-0.511265
298428.7157	4137811.853	-0.511265
298428.1381	4137811.052	-0.511265
298427.5609	4137810.271	-0.511265
298426.9926	4137809.488	-0.511265
298426.4159	4137808.725	-0.511265
298425.8481	4137807.962	-0.511265
298425.3161	4137807.216	-0.511265
298424.7668	4137806.489	-0.511265
298424.2269	4137805.78	-0.511265
298423.6958	4137805.071	-0.511265
298423.174	4137804.381	-0.511265
298422.6611	4137803.69	-0.511265
298422.1579	4137803.035	-0.511265
298421.6547	4137802.381	-0.511265
298421.1608	4137801.746	-0.511265
298420.6935	4137801.11	-0.511265
298420.2178	4137800.492	-0.511265
298419.7328	4137799.856	-0.511265
298419.2571	4137799.238	-0.511265
298418.7809	4137798.603	-0.511265
298418.2959	4137797.966	-0.511265
298417.8113	4137797.349	-0.511265
298417.398	4137796.748	-0.511265
298417.1695	4137796.458	-0.511265
298416.9498	4137796.166	-0.511265
298416.7212	4137795.877	-0.511265
298416.5104	4137795.585	-0.511265
298416.2995	4137795.294	-0.511265
298416.0714	4137795.022	-0.511265
298415.8074	4137794.733	-0.511265
298415.57	4137794.442	-0.511265
298415.341	4137794.133	-0.511265
298414.8839	4137793.552	-0.511265
298414.6562	4137793.298	-0.511265
298414.4272	4137792.99	-0.511265
298414.1982	4137792.68	-0.511265
298413.9697	4137792.39	-0.511265
298413.7495	4137792.08	-0.511265
298413.5214	4137791.808	-0.511265
298413.0811	4137791.19	-0.511265
298412.6231	4137790.572	-0.511265
298412.1912	4137789.935	-0.511265
298411.7248	4137789.335	-0.511265
298411.2309	4137788.699	-0.511265
298410.7454	4137788.044	-0.511265
298410.2418	4137787.373	-0.511265
298409.7382	4137786.7	-0.511265
298409.2173	4137786.046	-0.511265
298408.7141	4137785.392	-0.511265
298408.1839	4137784.72	-0.511265
298407.6626	4137784.049	-0.511265
298407.1324	4137783.376	-0.511265
298406.6017	4137782.686	-0.511265
298406.0627	4137782.014	-0.511265
298405.5502	4137781.342	-0.511265
298405.0284	4137780.651	-0.511265
298404.4982	4137779.979	-0.511265
298403.9768	4137779.308	-0.511265
298403.4732	4137778.635	-0.511265
298402.9518	4137777.962	-0.511265
298402.4389	4137777.272	-0.511265
298401.9176	4137776.599	-0.511265
298401.3958	4137775.909	-0.511265
298400.8656	4137775.237	-0.511265
298400.3442	4137774.566	-0.511265
298399.8317	4137773.893	-0.511265
298399.3104	4137773.221	-0.511265
298398.8068	4137772.549	-0.511265
298398.2859	4137771.895	-0.511265
298397.7738	4137771.241	-0.511265
298397.2706	4137770.587	-0.511265
298396.7493	4137769.915	-0.511265
298396.2289	4137769.28	-0.511265
298395.7257	4137768.626	-0.511265
298395.1959	4137767.973	-0.511265
298394.6754	4137767.337	-0.511265
298394.1634	4137766.683	-0.511265
298393.6602	4137766.029	-0.511265
298393.1672	4137765.43	-0.511265
298392.6649	4137764.814	-0.511265
298392.1799	4137764.177	-0.511265
298391.6949	4137763.542	-0.511265
298391.2196	4137762.942	-0.511265
298390.7443	4137762.343	-0.511265
298390.2868	4137761.744	-0.511265
298389.8474	4137761.162	-0.511265
298389.3907	4137760.599	-0.511265
298388.961	4137760.055	-0.511265
298388.5491	4137759.51	-0.511265
298388.1371	4137758.964	-0.511265
298387.7163	4137758.419	-0.511265
298387.2862	4137757.856	-0.511265
298386.8561	4137757.293	-0.511265
298386.4442	4137756.748	-0.511265
298386.05	4137756.202	-0.511265
298385.6385	4137755.675	-0.511265
298385.2451	4137755.167	-0.511265
298384.8429	4137754.658	-0.511265
298384.3779	4137754.114	-0.511265
298383.9925	4137753.568	-0.511265
298383.5805	4137753.023	-0.511265
298383.1681	4137752.459	-0.511265
298382.7562	4137751.914	-0.511265
298382.3438	4137751.351	-0.511265
298381.9053	4137750.806	-0.511265
298381.457	4137750.224	-0.511265
298381.0181	4137749.662	-0.511265
298380.5787	4137749.08	-0.511265
298380.1038	4137748.499	-0.511265
298379.6463	4137747.9	-0.511265
298379.1705	4137747.282	-0.511265
298378.7037	4137746.665	-0.511265
298378.2009	4137746.028	-0.511265
298377.68	4137745.375	-0.511265
298377.1587	4137744.703	-0.511265
298376.6285	4137744.031	-0.511265
298376.0797	4137743.323	-0.511265
298375.5127	4137742.596	-0.511265
298374.9369	4137741.87	-0.511265
298374.3424	4137741.107	-0.511265
298373.7657	4137740.344	-0.511265
298373.1531	4137739.563	-0.511265
298372.5317	4137738.782	-0.511265
298371.9009	4137737.983	-0.511265
298371.2613	4137737.185	-0.511265
298370.6124	4137736.368	-0.511265
298369.9546	4137735.551	-0.511265
298369.2969	4137734.734	-0.511265
298368.6298	4137733.899	-0.511265
298367.9445	4137733.046	-0.511265
298367.277	4137732.191	-0.511265
298366.5736	4137731.32	-0.511265
298365.8879	4137730.448	-0.511265
298365.2022	4137729.577	-0.511265
298364.4718	4137728.688	-0.511265
298363.7591	4137727.799	-0.511265
298363.0283	4137726.891	-0.511265
298362.2979	4137726.002	-0.511265
298361.9324	4137725.548	-0.511265
298361.567	4137725.095	-0.511265
298361.21	4137724.621	-0.511265
298360.8441	4137724.149	-0.511265
298360.453	4137723.734	-0.511265
298360.0703	4137723.299	-0.511265
298359.7049	4137722.845	-0.511265
298359.3306	4137722.391	-0.511265
298358.9652	4137721.938	-0.511265
298358.5997	4137721.483	-0.511265
298358.2166	4137721.03	-0.511265
298357.8684	4137720.557	-0.511265
298357.1455	4137719.612	-0.511265
298356.7708	4137719.14	-0.511265
298356.4045	4137718.65	-0.511265
298356.0209	4137718.178	-0.511265
298355.6559	4137717.743	-0.511265
298355.2719	4137717.252	-0.511265
298354.8967	4137716.762	-0.511265
298354.5308	4137716.289	-0.511265
298354.1477	4137715.836	-0.511265
298353.7552	4137715.364	-0.511265
298352.9871	4137714.383	-0.511265
298352.2284	4137713.421	-0.511265
298351.4696	4137712.459	-0.511265
298350.6927	4137711.479	-0.511265
298349.8985	4137710.516	-0.511265
298349.5056	4137710.026	-0.511265
298349.1038	4137709.536	-0.511265
298348.6937	4137709.065	-0.511265
298348.2742	4137708.576	-0.511265
298347.8729	4137708.105	-0.511265
298347.4627	4137707.633	-0.511265
298347.0698	4137707.143	-0.511265
298346.6778	4137706.69	-0.511265
298346.3195	4137706.161	-0.511265
298345.9443	4137705.671	-0.511265
298345.5598	4137705.163	-0.511265
298345.1948	4137704.727	-0.511265
298344.444	4137703.727	-0.511265
298343.7034	4137702.783	-0.511265
298342.9712	4137701.82	-0.511265
298342.1588	4137700.84	-0.511265
298341.3996	4137699.859	-0.511265
298340.6227	4137698.879	-0.511265
298339.8276	4137697.88	-0.511265
298339.0502	4137696.882	-0.511265
298338.2733	4137695.901	-0.511265
298337.4959	4137694.902	-0.511265
298336.7092	4137693.885	-0.511265
298336.307	4137693.376	-0.511265
298335.9137	4137692.867	-0.511265
298335.5292	4137692.359	-0.511265
298335.1535	4137691.85	-0.511265
298334.7868	4137691.34	-0.511265
298334.42	4137690.831	-0.511265
298334.0355	4137690.322	-0.511265
298333.6687	4137689.813	-0.511265
298333.302	4137689.304	-0.511265
298332.9175	4137688.795	-0.511265
298332.5512	4137688.304	-0.511265
298332.1844	4137687.794	-0.511265
298331.8353	4137687.285	-0.511265
298331.4867	4137686.794	-0.511265
298331.1288	4137686.284	-0.511265
298330.7802	4137685.793	-0.511265
298330.4134	4137685.283	-0.511265
298330.0653	4137684.811	-0.511265
298329.6989	4137684.32	-0.511265
298329.3326	4137683.83	-0.511265
298328.9658	4137683.32	-0.511265
298328.5991	4137682.811	-0.511265
298328.2332	4137682.338	-0.511265
298327.8678	4137681.885	-0.511265
298327.5284	4137681.412	-0.511265
298327.1794	4137680.903	-0.511265
298326.8121	4137680.374	-0.511265
298326.4543	4137679.865	-0.511265
298326.0875	4137679.356	-0.511265
298325.6937	4137678.829	-0.511265
298325.2995	4137678.283	-0.511265
298324.8273	4137677.813	-0.511265
298324.3551	4137677.343	-0.511265
298323.9441	4137676.835	-0.511265
298323.599	4137676.492	-0.511265
298323.2048	4137675.947	-0.511265
298322.7937	4137675.438	-0.511265
298322.3915	4137674.929	-0.511265
298321.9982	4137674.421	-0.511265
298321.2199	4137673.386	-0.511265
298320.4253	4137672.405	-0.511265
298319.6474	4137671.387	-0.511265
298318.8612	4137670.389	-0.511265
298318.0833	4137669.371	-0.511265
298317.6993	4137668.881	-0.511265
298317.306	4137668.373	-0.511265
298316.9038	4137667.864	-0.511265
298316.5281	4137667.354	-0.511265
298316.1437	4137666.846	-0.511265
298315.7508	4137666.356	-0.511265
298315.3485	4137665.847	-0.511265
298314.9729	4137665.338	-0.511265
298314.5889	4137664.848	-0.511265
298314.2048	4137664.357	-0.511265
298313.8296	4137663.867	-0.511265
298313.4456	4137663.376	-0.511265
298313.0523	4137662.868	-0.511265
298312.6682	4137662.378	-0.511265
298312.2842	4137661.888	-0.511265
298311.5068	4137660.888	-0.511265
298311.1316	4137660.398	-0.511265
298310.748	4137659.926	-0.511265
298310.364	4137659.436	-0.511265
298309.9711	4137658.946	-0.511265
298309.5866	4137658.437	-0.511265
298309.1937	4137657.946	-0.511265
298308.8008	4137657.456	-0.511265
298308.399	4137656.966	-0.511265
298308.0332	4137656.494	-0.511265
298307.6668	4137656.004	-0.511265
298307.2916	4137655.513	-0.511265
298306.8903	4137655.041	-0.511265
298306.5236	4137654.532	-0.511265
298306.1479	4137654.023	-0.511265
298305.7639	4137653.533	-0.511265
298305.3803	4137653.061	-0.511265
298304.6211	4137652.08	-0.511265
298303.8707	4137651.099	-0.511265
298303.4955	4137650.608	-0.511265
298303.1296	4137650.135	-0.511265
298302.3797	4137649.173	-0.511265
298301.6205	4137648.192	-0.511265
298301.2187	4137647.702	-0.511265
298300.8435	4137647.212	-0.511265
298300.4422	4137646.741	-0.511265
298300.0674	4137646.268	-0.511265
298299.2728	4137645.288	-0.511265
298298.8631	4137644.836	-0.511265
298298.479	4137644.345	-0.511265
298298.1043	4137643.873	-0.511265
298297.738	4137643.382	-0.511265
298296.9703	4137642.42	-0.511265
298296.1943	4137641.476	-0.511265
298295.8014	4137640.986	-0.511265
298295.4355	4137640.514	-0.511265
298295.0426	4137640.024	-0.511265
298294.659	4137639.552	-0.511265
298294.2665	4137639.08	-0.511265
298293.8643	4137638.572	-0.511265
298293.4896	4137638.1	-0.511265
298293.1047	4137637.573	-0.511265
298292.7113	4137637.064	-0.511265
298292.3095	4137636.574	-0.511265
298291.9348	4137636.102	-0.511265
298291.5331	4137635.612	-0.511265
298291.1574	4137635.103	-0.511265
298290.7725	4137634.576	-0.511265
298290.3791	4137634.067	-0.511265
298289.969	4137633.596	-0.511265
298289.1743	4137632.616	-0.511265
298288.7903	4137632.125	-0.511265
298288.3974	4137631.635	-0.511265
298288.0049	4137631.164	-0.511265
298287.6218	4137630.71	-0.511265
298286.8723	4137629.766	-0.511265
298286.1312	4137628.803	-0.511265
298285.3188	4137627.823	-0.511265
298284.9082	4137627.334	-0.511265
298284.1056	4137626.391	-0.511265
298283.2857	4137625.467	-0.511265
298282.8755	4137624.996	-0.511265
298282.4831	4137624.524	-0.511265
298281.6268	4137623.564	-0.511265
298280.7977	4137622.622	-0.511265
298280.4145	4137622.168	-0.511265
298279.6119	4137621.225	-0.511265
298278.8456	4137620.319	-0.511265
298278.0695	4137619.375	-0.511265
298277.651	4137618.923	-0.511265
298276.8576	4137617.999	-0.511265
298276.0643	4137617.074	-0.511265
298275.6895	4137616.601	-0.511265
298275.3055	4137616.111	-0.511265
298274.9215	4137615.62	-0.511265
298274.1627	4137614.658	-0.511265
298273.4123	4137613.677	-0.511265
298272.5919	4137612.734	-0.511265
298271.9027	4137611.715	-0.511265
298271.1248	4137610.698	-0.511265
298270.7315	4137610.189	-0.511265
298269.9545	4137609.209	-0.511265
298269.2042	4137608.227	-0.511265
298268.4622	4137607.227	-0.511265
298267.7291	4137606.228	-0.511265
298267.0053	4137605.246	-0.511265
298266.2899	4137604.245	-0.511265
298265.5833	4137603.244	-0.511265
298264.8857	4137602.244	-0.511265
298264.2057	4137601.242	-0.511265
298263.5346	4137600.24	-0.511265
298262.8896	4137599.22	-0.511265
298262.2623	4137598.199	-0.511265
298261.6612	4137597.159	-0.511265
298261.0689	4137596.119	-0.511265
298260.512	4137595.077	-0.511265
298259.9547	4137594.017	-0.511265
298259.4323	4137592.938	-0.511265
298258.9277	4137591.858	-0.511265
298258.4585	4137590.778	-0.511265
298258.0239	4137589.659	-0.511265
298257.6247	4137588.541	-0.511265
298257.2697	4137587.42	-0.511265
298256.9055	4137586.282	-0.511265
298256.5855	4137585.142	-0.511265
298256.2916	4137583.983	-0.511265
298256.1715	4137583.413	-0.511265
298255.9658	4137582.233	-0.511265
298255.8811	4137581.661	-0.511265
298255.6847	4137580.5	-0.511265
298255.5587	4137579.32	-0.511265
298255.4513	4137578.174	-0.511265
298255.3793	4137577.029	-0.511265
298255.2985	4137575.884	-0.511265
298255.2797	4137574.737	-0.511265
298255.2874	4137573.59	-0.511265
298255.3129	4137572.442	-0.511265
298255.3915	4137571.292	-0.511265
298255.5144	4137570.142	-0.511265
298255.647	4137569.029	-0.511265
298255.8146	4137567.896	-0.511265
298255.9725	4137566.726	-0.511265
298256.2114	4137565.61	-0.511265
298256.4508	4137564.513	-0.511265
298256.7353	4137563.451	-0.511265
298257.0372	4137562.37	-0.511265
298257.3487	4137561.327	-0.511265
298257.6957	4137560.282	-0.511265
298258.0697	4137559.255	-0.511265
298258.4614	4137558.228	-0.511265
298258.8629	4137557.238	-0.511265
298259.2821	4137556.247	-0.511265
298259.719	4137555.255	-0.511265
298260.1834	4137554.3	-0.511265
298260.6477	4137553.345	-0.511265
298261.1214	4137552.409	-0.511265
298261.3676	4137551.959	-0.511265
298261.5783	4137551.51	-0.511265
298261.8169	4137551.115	-0.511265
298262.2835	4137550.252	-0.511265
298262.5212	4137549.821	-0.511265
298262.7678	4137549.39	-0.511265
298263.0232	4137548.958	-0.511265
298263.2787	4137548.526	-0.511265
298263.5341	4137548.095	-0.511265
298263.7896	4137547.662	-0.511265
298264.0539	4137547.231	-0.511265
298264.3093	4137546.799	-0.511265
298264.5825	4137546.366	-0.511265
298264.8379	4137545.935	-0.511265
298265.1111	4137545.503	-0.511265
298265.3754	4137545.071	-0.511265
298265.649	4137544.658	-0.511265
298265.9221	4137544.225	-0.511265
298266.2041	4137543.793	-0.511265
298266.4777	4137543.378	-0.511265
298266.7597	4137542.946	-0.511265
298267.0418	4137542.514	-0.511265
298267.3331	4137542.1	-0.511265
298267.6151	4137541.668	-0.511265
298268.1543	4137540.878	-0.511265
298269.0691	4137540.226	-0.511265
298269.639	4137539.971	-0.511265
298270.0739	4137539.628	-0.511265
298270.5459	4137539.358	-0.511265
298270.9634	4137539.033	-0.511265
298271.7892	4137538.365	-0.511265
298272.1802	4137538.041	-0.511265
298272.5703	4137537.68	-0.511265
298273.4249	4137537.104	-0.511265
298274.3149	4137536.528	-0.511265
298275.2054	4137535.97	-0.511265
298276.1047	4137535.412	-0.511265
298277.0045	4137534.872	-0.511265
298277.9401	4137534.349	-0.511265
298278.8585	4137533.847	-0.511265
298279.7769	4137533.342	-0.511265
298280.2312	4137533.073	-0.511265
298280.6771	4137532.821	-0.511265
298281.1319	4137532.57	-0.511265
298281.5866	4137532.318	-0.511265
298282.0503	4137532.066	-0.511265
298282.4873	4137531.816	-0.511265
298282.9514	4137531.583	-0.511265
298283.4332	4137531.349	-0.511265
298283.9513	4137531.151	-0.511265
298284.4437	4137530.992	-0.511265
298285.4445	4137530.597	-0.511265
298286.4563	4137530.295	-0.511265
298287.4762	4137529.956	-0.511265
298288.4867	4137529.598	-0.511265
298289.0052	4137529.419	-0.511265
298289.5335	4137529.277	-0.511265
298290.045	4137529.172	-0.511265
298290.5472	4137529.049	-0.511265
298291.0591	4137528.962	-0.511265
298291.5622	4137528.877	-0.511265
298292.0918	4137528.79	-0.511265
298292.6037	4137528.703	-0.511265
298293.6457	4137528.549	-0.511265
298294.7063	4137528.43	-0.511265
298295.7683	4137528.368	-0.511265
298296.8303	4137528.305	-0.511265
298297.8931	4137528.28	-0.511265
298298.9559	4137528.254	-0.511265
298300.0201	4137528.284	-0.511265
298301.0843	4137528.314	-0.511265
298302.1494	4137528.38	-0.511265
298303.1874	4137528.43	-0.511265
298304.2539	4137528.551	-0.511265
298305.303	4137528.693	-0.511265
298306.3606	4137528.815	-0.511265
298307.3831	4137528.957	-0.511265
298307.8991	4137529.038	-0.511265
298308.4323	4137529.098	-0.511265
298308.9044	4137529.198	-0.511265
298309.3951	4137529.334	-0.511265
298309.9319	4137529.544	-0.511265
298310.4673	4137529.697	-0.511265
298310.9934	4137529.832	-0.511265
298311.4939	4137530.006	-0.511265
298312.0205	4137530.159	-0.511265
298312.5387	4137530.331	-0.511265
298313.0475	4137530.485	-0.511265
298313.5839	4137530.677	-0.511265
298314.5768	4137531.059	-0.511265
298315.6047	4137531.423	-0.511265
298316.5813	4137531.862	-0.511265
298317.5313	4137532.302	-0.511265
298318.4902	4137532.741	-0.511265
298319.4141	4137533.201	-0.511265
298320.3561	4137533.678	-0.511265
298321.272	4137534.173	-0.511265
298322.1707	4137534.689	-0.511265
298323.0702	4137535.24	-0.511265
298323.952	4137535.793	-0.511265
298324.8432	4137536.363	-0.511265
298325.7082	4137536.953	-0.511265
298326.5652	4137537.58	-0.511265
298327.4134	4137538.207	-0.511265
298328.2359	4137538.872	-0.511265
298329.0672	4137539.536	-0.511265
298329.8641	4137540.239	-0.511265
298330.6525	4137540.96	-0.511265
298331.4236	4137541.7	-0.511265
298332.2209	4137542.421	-0.511265
298332.6195	4137542.781	-0.511265
298333.0093	4137543.143	-0.511265
298333.3991	4137543.503	-0.511265
298333.8066	4137543.863	-0.511265
298334.5684	4137544.585	-0.511265
298334.9157	4137545.021	-0.511265
298335.2798	4137545.42	-0.511265
298335.6258	4137545.8	-0.511265
298335.981	4137546.198	-0.511265
298336.3544	4137546.615	-0.511265
298336.7362	4137547.012	-0.511265
298337.1008	4137547.43	-0.511265
298337.4835	4137547.864	-0.511265
298337.848	4137548.281	-0.511265
298338.5775	4137549.133	-0.511265
298339.3071	4137549.986	-0.511265
298340.0371	4137550.856	-0.511265
298340.7671	4137551.727	-0.511265
298341.4975	4137552.615	-0.511265
298342.2372	4137553.523	-0.511265
298343.004	4137554.448	-0.511265
298343.7432	4137555.337	-0.511265
298344.4741	4137556.245	-0.511265
298345.2404	4137557.151	-0.511265
298345.6771	4137557.622	-0.511265
298346.0608	4137558.094	-0.511265
298346.8373	4137559.056	-0.511265
298347.5788	4137560.037	-0.511265
298348.3469	4137561.018	-0.511265
298349.0888	4137562.018	-0.511265
298349.8662	4137563.016	-0.511265
298350.6436	4137564.016	-0.511265
298351.4214	4137565.033	-0.511265
298352.217	4137566.051	-0.511265
298352.9953	4137567.087	-0.511265
298353.8356	4137568.121	-0.511265
298354.6404	4137569.156	-0.511265
298355.4457	4137570.21	-0.511265
298356.2687	4137571.263	-0.511265
298357.0913	4137572.298	-0.511265
298357.9143	4137573.352	-0.511265
298358.344	4137573.897	-0.511265
298358.7825	4137574.441	-0.511265
298359.2299	4137574.986	-0.511265
298359.6856	4137575.511	-0.511265
298360.0361	4137576.076	-0.511265
298360.448	4137576.622	-0.511265
298360.8861	4137577.147	-0.511265
298361.333	4137577.673	-0.511265
298361.7277	4137578.237	-0.511265
298362.1392	4137578.764	-0.511265
298362.5777	4137579.308	-0.511265
298363.0251	4137579.853	-0.511265
298363.4464	4137580.416	-0.511265
298363.876	4137580.961	-0.511265
298364.7442	4137582.051	-0.511265
298365.6129	4137583.159	-0.511265
298366.4815	4137584.266	-0.511265
298367.3497	4137585.355	-0.511265
298368.2188	4137586.482	-0.511265
298369.1051	4137587.589	-0.511265
298369.9826	4137588.697	-0.511265
298370.8694	4137589.822	-0.511265
298371.765	4137590.949	-0.511265
298372.6784	4137592.074	-0.511265
298373.5833	4137593.218	-0.511265
298374.4967	4137594.343	-0.511265
298375.4194	4137595.486	-0.511265
298376.3332	4137596.63	-0.511265
298377.22	4137597.756	-0.511265
298378.1161	4137598.901	-0.511265
298379.0476	4137600.044	-0.511265
298379.9795	4137601.205	-0.511265
298380.9027	4137602.367	-0.511265
298381.8169	4137603.53	-0.511265
298382.7312	4137604.692	-0.511265
298383.6808	4137605.853	-0.511265
298384.5951	4137607.016	-0.511265
298385.5187	4137608.196	-0.511265
298386.4506	4137609.358	-0.511265
298387.3919	4137610.538	-0.511265
298388.342	4137611.717	-0.511265
298389.2837	4137612.916	-0.511265
298390.2427	4137614.096	-0.511265
298391.184	4137615.276	-0.511265
298392.1434	4137616.474	-0.511265
298393.1028	4137617.672	-0.511265
298394.0627	4137618.889	-0.511265
298395.0399	4137620.087	-0.511265
298395.9997	4137621.303	-0.511265
298396.9778	4137622.539	-0.511265
298397.9376	4137623.755	-0.511265
298398.9249	4137625.008	-0.511265
298399.9034	4137626.261	-0.511265
298400.8908	4137627.514	-0.511265
298401.8958	4137628.766	-0.511265
298402.8836	4137630.038	-0.511265
298403.8802	4137631.31	-0.511265
298404.8857	4137632.58	-0.511265
298405.8912	4137633.852	-0.511265
298406.879	4137635.123	-0.511265
298407.8849	4137636.413	-0.511265
298408.8904	4137637.684	-0.511265
298409.8964	4137638.973	-0.511265
298410.9023	4137640.262	-0.511265
298411.9082	4137641.553	-0.511265
298412.9323	4137642.86	-0.511265
298413.9467	4137644.131	-0.511265
298414.9708	4137645.438	-0.511265
298415.9944	4137646.728	-0.511265
298417.0269	4137648.017	-0.511265
298418.0599	4137649.324	-0.511265
298419.1017	4137650.631	-0.511265
298420.1342	4137651.92	-0.511265
298421.1849	4137653.227	-0.511265
298422.2178	4137654.534	-0.511265
298423.2596	4137655.841	-0.511265
298424.2921	4137657.131	-0.511265
298425.3423	4137658.419	-0.511265
298426.3753	4137659.727	-0.511265
298427.4171	4137661.034	-0.511265
298428.4496	4137662.322	-0.511265
298429.4825	4137663.63	-0.511265
298430.5244	4137664.937	-0.511265
298431.5396	4137666.245	-0.511265
298432.5633	4137667.535	-0.511265
298433.5962	4137668.842	-0.511265
298434.6203	4137670.15	-0.511265
298435.6444	4137671.457	-0.511265
298436.6596	4137672.765	-0.511265
298437.6837	4137674.073	-0.511265
298438.7166	4137675.38	-0.511265
298439.7585	4137676.687	-0.511265
298440.7737	4137677.995	-0.511265
298441.8155	4137679.303	-0.511265
298442.8303	4137680.592	-0.511265
298443.8543	4137681.899	-0.511265
298444.8784	4137683.207	-0.511265
298445.8932	4137684.496	-0.511265
298446.9173	4137685.803	-0.511265
298447.941	4137687.093	-0.511265
298448.9557	4137688.382	-0.511265
298449.9794	4137689.671	-0.511265
298451.003	4137690.961	-0.511265
298452.0178	4137692.25	-0.511265
298453.0414	4137693.539	-0.511265
298454.0651	4137694.829	-0.511265
298455.0976	4137696.117	-0.511265
298456.1216	4137697.425	-0.511265
298457.1369	4137698.733	-0.511265
298458.1614	4137700.059	-0.511265
298459.1859	4137701.384	-0.511265
298460.2016	4137702.711	-0.511265
298461.2439	4137704.037	-0.511265
298462.2777	4137705.381	-0.511265
298463.3111	4137706.708	-0.511265
298464.3537	4137708.051	-0.511265
298465.4053	4137709.395	-0.511265
298466.4387	4137710.721	-0.511265
298467.4902	4137712.065	-0.511265
298468.5413	4137713.391	-0.511265
298469.5751	4137714.735	-0.511265
298470.6262	4137716.061	-0.511265
298471.6778	4137717.404	-0.511265
298472.7466	4137718.73	-0.511265
298473.7977	4137720.056	-0.511265
298474.8665	4137721.38	-0.511265
298475.9269	4137722.724	-0.511265
298476.9961	4137724.068	-0.511265
298478.0477	4137725.411	-0.511265
298479.1253	4137726.736	-0.511265
298480.1946	4137728.08	-0.511265
298481.2731	4137729.441	-0.511265
298482.3424	4137730.786	-0.511265
298483.421	4137732.148	-0.511265
298484.5172	4137733.509	-0.511265
298485.6047	4137734.871	-0.511265
298486.6832	4137736.232	-0.511265
298487.7799	4137737.612	-0.511265
298488.8766	4137738.992	-0.511265
298489.9556	4137740.373	-0.511265
298491.0528	4137741.771	-0.511265
298492.1499	4137743.169	-0.511265
298493.221	4137744.586	-0.511265
298493.7684	4137745.239	-0.511265
298494.3345	4137745.929	-0.511265
298494.8833	4137746.638	-0.511265
298495.4144	4137747.347	-0.511265
298496.512	4137748.764	-0.511265
298497.6096	4137750.181	-0.511265
298498.7072	4137751.597	-0.511265
298499.7866	4137752.996	-0.511265
298500.8842	4137754.413	-0.511265
298501.9725	4137755.811	-0.511265
298503.0697	4137757.21	-0.511265
298504.1668	4137758.608	-0.511265
298505.2636	4137759.988	-0.511265
298506.343	4137761.387	-0.511265
298507.4401	4137762.785	-0.511265
298508.5196	4137764.185	-0.511265
298509.6167	4137765.583	-0.511265
298510.7134	4137766.963	-0.511265
298511.8017	4137768.361	-0.511265
298512.8984	4137769.741	-0.511265
298513.9956	4137771.139	-0.511265
298515.0746	4137772.52	-0.511265
298516.1536	4137773.9	-0.511265
298517.2503	4137775.28	-0.511265
298518.3381	4137776.66	-0.511265
298519.4348	4137778.04	-0.511265
298520.4961	4137779.421	-0.511265
298521.5839	4137780.801	-0.511265
298522.6452	4137782.181	-0.511265
298523.7153	4137783.562	-0.511265
298524.7855	4137784.943	-0.511265
298525.8379	4137786.323	-0.511265
298526.8899	4137787.686	-0.511265
298527.9507	4137789.048	-0.511265
298529.0026	4137790.411	-0.511265
298530.0546	4137791.773	-0.511265
298531.1066	4137793.136	-0.511265
298532.1497	4137794.498	-0.511265
298533.184	4137795.861	-0.511265
298534.2178	4137797.206	-0.511265
298535.26	4137798.531	-0.511265
298536.2761	4137799.877	-0.511265
298537.2824	4137801.185	-0.511265
298538.2883	4137802.474	-0.511265
298539.2672	4137803.746	-0.511265
298540.2549	4137805.017	-0.511265
298541.233	4137806.253	-0.511265
298542.2109	4137807.487	-0.511265
298543.1531	4137808.704	-0.511265
298544.0947	4137809.903	-0.511265
298545.0266	4137811.064	-0.511265
298545.9586	4137812.226	-0.511265
298546.8723	4137813.37	-0.511265
298547.7852	4137814.477	-0.511265
298548.6804	4137815.584	-0.511265
298549.5485	4137816.673	-0.511265
298550.3985	4137817.745	-0.511265
298551.2569	4137818.797	-0.511265
298552.0882	4137819.832	-0.511265
298552.9099	4137820.83	-0.511265
298553.7049	4137821.829	-0.511265
298554.4996	4137822.809	-0.511265
298555.2583	4137823.771	-0.511265
298556.0073	4137824.697	-0.511265
298556.7386	4137825.623	-0.511265
298557.4517	4137826.53	-0.511265
298558.1382	4137827.44	-0.511265
298558.8062	4137828.312	-0.511265
298559.4825	4137829.165	-0.511265
298560.1057	4137830.019	-0.511265
298560.728	4137830.837	-0.511265
298561.3415	4137831.655	-0.511265
298561.9102	4137832.456	-0.511265
298562.4258	4137833.258	-0.511265
298562.9317	4137834.023	-0.511265
298563.3928	4137834.77	-0.511265
298563.8446	4137835.5	-0.511265
298564.2433	4137836.23	-0.511265
298564.5972	4137836.944	-0.511265
298564.9418	4137837.638	-0.511265
298565.2418	4137838.316	-0.511265
298565.4881	4137838.976	-0.511265
298565.7251	4137839.618	-0.511265
298565.9169	4137840.224	-0.511265
298566.0818	4137840.812	-0.511265
298566.2107	4137841.382	-0.511265
298566.3038	4137841.935	-0.511265
298566.3606	4137842.452	-0.511265
298566.381	4137842.933	-0.511265
298566.3922	4137843.395	-0.511265
298566.3768	4137843.858	-0.511265
298566.3432	4137844.303	-0.511265
298566.283	4137844.748	-0.511265
298566.2441	4137844.971	-0.511265
298566.1485	4137845.418	-0.511265
298566.0082	4137845.847	-0.511265
298565.8763	4137846.257	-0.511265
298565.709	4137846.668	-0.511265
298565.5235	4137847.061	-0.511265
298565.3114	4137847.455	-0.511265
298565.0719	4137847.813	-0.511265
298564.824	4137848.189	-0.511265
298564.584	4137848.527	-0.511265
298564.4375	4137848.698	-0.511265
298564.1709	4137849.037	-0.511265
298563.8947	4137849.34	-0.511265
298563.5918	4137849.643	-0.511265
298563.2708	4137849.928	-0.511265
298562.9582	4137850.195	-0.511265
298562.6372	4137850.481	-0.511265
298562.3153	4137850.728	-0.511265
298561.985	4137850.996	-0.511265
298561.6631	4137851.244	-0.511265
298561.35	4137851.492	-0.511265
298561.0011	4137851.723	-0.511265
298560.6792	4137851.971	-0.511265
298560.3564	4137852.182	-0.511265
298560.0257	4137852.431	-0.511265
298559.6945	4137852.661	-0.511265
298559.3544	4137852.891	-0.511265
298559.0236	4137853.139	-0.511265
298558.692	4137853.352	-0.511265
298558.3701	4137853.599	-0.511265
298558.0393	4137853.848	-0.511265
298557.6993	4137854.078	-0.511265
298557.3508	4137854.328	-0.511265
298557.0019	4137854.558	-0.511265
298556.6534	4137854.806	-0.511265
298556.2961	4137855.056	-0.511265
298555.9295	4137855.287	-0.511265
298555.5637	4137855.554	-0.511265
298555.2064	4137855.804	-0.511265
298554.8234	4137856.091	-0.511265
298554.4492	4137856.377	-0.511265
298554.0574	4137856.664	-0.511265
298553.6478	4137856.952	-0.511265
298553.2298	4137857.258	-0.511265
298552.8118	4137857.564	-0.511265
298552.3766	4137857.889	-0.511265
298551.9236	4137858.215	-0.511265
298551.4711	4137858.559	-0.511265
298551.0097	4137858.903	-0.511265
298550.5572	4137859.247	-0.511265
298550.1135	4137859.59	-0.511265
298549.661	4137859.934	-0.511265
298549.2085	4137860.278	-0.511265
298548.7648	4137860.622	-0.511265
298548.3123	4137860.966	-0.511265
298547.8775	4137861.31	-0.511265
298547.425	4137861.654	-0.511265
298546.9813	4137861.998	-0.511265
298546.5465	4137862.341	-0.511265
298546.1205	4137862.685	-0.511265
298545.6769	4137863.028	-0.511265
298545.2505	4137863.353	-0.511265
298544.8161	4137863.715	-0.511265
298544.3808	4137864.04	-0.511265
298543.946	4137864.383	-0.511265
298543.5285	4137864.709	-0.511265
298543.0937	4137865.052	-0.511265
298542.6762	4137865.377	-0.511265
298542.2409	4137865.701	-0.511265
298541.8322	4137866.027	-0.511265
298541.3965	4137866.332	-0.511265
298540.9794	4137866.676	-0.511265
298540.5526	4137866.982	-0.511265
298540.135	4137867.307	-0.511265
298539.7171	4137867.613	-0.511265
298539.3256	4137867.919	-0.511265
298538.917	4137868.243	-0.511265
298538.5078	4137868.549	-0.511265
298538.1075	4137868.854	-0.511265
298537.7157	4137869.141	-0.511265
298537.3327	4137869.428	-0.511265
298536.9408	4137869.715	-0.511265
298536.5844	4137870.001	-0.511265
298536.2187	4137870.27	-0.511265
298535.8706	4137870.537	-0.511265
298535.5226	4137870.804	-0.511265
