-298737.997	-4109992.045	-0.511265
-298737.9969	-4109992.045	-0.511265
-298737.9969	-4109992.045	-0.511265
-298737.9968	-4109992.045	-0.511265
-298737.9968	-4109992.045	-0.511265
-298737.9967	-4109992.045	-0.511265
-298737.9967	-4109992.045	-0.511265
-298737.9967	-4109992.045	-0.511265
-298737.9966	-4109992.045	-0.511265
-298737.9966	-4109992.046	-0.511265
-298737.9965	-4109992.046	-0.511265
-298737.9965	-4109992.046	-0.511265
-298737.9964	-4109992.046	-0.511265
-298737.9964	-4109992.046	-0.511265
-298737.9963	-4109992.046	-0.511265
-298737.9963	-4109992.046	-0.511265
-298737.9962	-4109992.046	-0.511265
-298737.9961	-4109992.046	-0.511265
-298737.9961	-4109992.046	-0.511265
-298737.996	-4109992.046	-0.511265
-298737.9959	-4109992.047	-0.511265
-298737.9959	-4109992.047	-0.511265
-298737.9959	-4109992.047	-0.511265
-298737.9959	-4109992.047	-0.511265
-298737.9958	-4109992.047	-0.511265
-298737.9957	-4109992.047	-0.511265
-298737.9956	-4109992.047	-0.511265
-298737.9955	-4109992.047	-0.511265
-298737.9954	-4109992.047	-0.511265
-298737.9953	-4109992.048	-0.511265
-298737.9952	-4109992.048	-0.511265
-298737.9951	-4109992.048	-0.511265
-298737.995	-4109992.048	-0.511265
-298737.9949	-4109992.048	-0.511265
-298737.9949	-4109992.048	-0.511265
-298737.9948	-4109992.048	-0.511265
-298737.9948	-4109992.048	-0.511265
-298737.9947	-4109992.049	-0.511265
-298737.9946	-4109992.049	-0.511265
-298737.9945	-4109992.049	-0.511265
-298737.9945	-4109992.049	-0.511265
-298737.9943	-4109992.049	-0.511265
-298737.9943	-4109992.049	-0.511265
-298737.9942	-4109992.049	-0.511265
-298737.9941	-4109992.05	-0.511265
-298737.994	-4109992.05	-0.511265
-298737.994	-4109992.05	-0.511265
-298737.9939	-4109992.05	-0.511265
-298737.9938	-4109992.05	-0.511265
-298737.9936	-4109992.05	-0.511265
-298737.9934	-4109992.051	-0.511265
-298737.9932	-4109992.051	-0.511265
-298737.993	-4109992.051	-0.511265
-298737.9929	-4109992.052	-0.511265
-298737.9927	-4109992.052	-0.511265
-298737.9925	-4109992.052	-0.511265
-298737.9923	-4109992.053	-0.511265
-298737.9921	-4109992.053	-0.511265
-298737.9919	-4109992.053	-0.511265
-298737.9916	-4109992.054	-0.511265
-298737.9914	-4109992.054	-0.511265
-298737.9913	-4109992.054	-0.511265
-298737.9912	-4109992.055	-0.511265
-298737.9911	-4109992.055	-0.511265
-298737.9909	-4109992.055	-0.511265
-298737.9907	-4109992.056	-0.511265
-298737.9905	-4109992.056	-0.511265
-298737.9904	-4109992.056	-0.511265
-298737.9902	-4109992.057	-0.511265
-298737.9901	-4109992.057	-0.511265
-298737.9898	-4109992.058	-0.511265
-298737.9898	-4109992.058	-0.511265
-298737.9897	-4109992.059	-0.511265
-298737.9896	-4109992.059	-0.511265
-298737.9895	-4109992.06	-0.511265
-298737.9894	-4109992.06	-0.511265
-298737.9894	-4109992.06	-0.511265
-298737.9893	-4109992.061	-0.511265
-298737.9893	-4109992.061	-0.511265
-298737.9893	-4109992.062	-0.511265
-298737.9893	-4109992.063	-0.511265
-298737.9893	-4109992.063	-0.511265
-298737.9893	-4109992.064	-0.511265
-298737.9894	-4109992.064	-0.511265
-298737.9894	-4109992.064	-0.511265
-298737.9895	-4109992.065	-0.511265
-298737.9896	-4109992.065	-0.511265
-298737.9897	-4109992.066	-0.511265
-298737.9898	-4109992.066	-0.511265
-298737.99	-4109992.067	-0.511265
-298737.9901	-4109992.067	-0.511265
-298737.9904	-4109992.068	-0.511265
-298737.9906	-4109992.068	-0.511265
-298737.9908	-4109992.069	-0.511265
-298737.991	-4109992.069	-0.511265
-298737.9912	-4109992.07	-0.511265
-298737.9914	-4109992.07	-0.511265
-298737.9916	-4109992.07	-0.511265
-298737.9918	-4109992.071	-0.511265
-298737.992	-4109992.071	-0.511265
-298737.9925	-4109992.072	-0.511265
-298737.9927	-4109992.072	-0.511265
-298737.993	-4109992.072	-0.511265
-298737.9932	-4109992.073	-0.511265
-298737.9935	-4109992.073	-0.511265
-298737.9937	-4109992.073	-0.511265
-298737.994	-4109992.074	-0.511265
-298737.9942	-4109992.074	-0.511265
-298737.9945	-4109992.074	-0.511265
-298737.9948	-4109992.075	-0.511265
-298737.9951	-4109992.075	-0.511265
-298737.9956	-4109992.076	-0.511265
-298737.9959	-4109992.076	-0.511265
-298737.9962	-4109992.076	-0.511265
-298737.9965	-4109992.077	-0.511265
-298737.9968	-4109992.077	-0.511265
-298737.9971	-4109992.077	-0.511265
-298737.9975	-4109992.078	-0.511265
-298737.9978	-4109992.078	-0.511265
-298737.9982	-4109992.078	-0.511265
-298737.9989	-4109992.079	-0.511265
-298737.9992	-4109992.08	-0.511265
-298737.9996	-4109992.08	-0.511265
-298738	-4109992.08	-0.511265
-298738.0004	-4109992.081	-0.511265
-298738.0008	-4109992.081	-0.511265
-298738.0011	-4109992.081	-0.511265
-298738.0015	-4109992.082	-0.511265
-298738.0019	-4109992.082	-0.511265
-298738.0024	-4109992.083	-0.511265
-298738.0028	-4109992.083	-0.511265
-298738.0036	-4109992.084	-0.511265
-298738.004	-4109992.084	-0.511265
-298738.0044	-4109992.085	-0.511265
-298738.0049	-4109992.085	-0.511265
-298738.0053	-4109992.085	-0.511265
-298738.0057	-4109992.086	-0.511265
-298738.0059	-4109992.086	-0.511265
-298738.0062	-4109992.086	-0.511265
-298738.0064	-4109992.086	-0.511265
-298738.0073	-4109992.087	-0.511265
-298738.0077	-4109992.088	-0.511265
-298738.0082	-4109992.088	-0.511265
-298738.0086	-4109992.088	-0.511265
-298738.0091	-4109992.089	-0.511265
-298738.0095	-4109992.089	-0.511265
-298738.01	-4109992.09	-0.511265
-298738.0104	-4109992.09	-0.511265
-298738.0109	-4109992.091	-0.511265
-298738.0113	-4109992.091	-0.511265
-298738.0118	-4109992.091	-0.511265
-298738.0122	-4109992.092	-0.511265
-298738.0132	-4109992.093	-0.511265
-298738.0136	-4109992.093	-0.511265
-298738.0141	-4109992.094	-0.511265
-298738.0146	-4109992.094	-0.511265
-298738.0151	-4109992.095	-0.511265
-298738.0155	-4109992.095	-0.511265
-298738.016	-4109992.095	-0.511265
-298738.0165	-4109992.096	-0.511265
-298738.017	-4109992.096	-0.511265
-298738.0175	-4109992.097	-0.511265
-298738.0184	-4109992.098	-0.511265
-298738.0189	-4109992.098	-0.511265
-298738.0194	-4109992.099	-0.511265
-298738.0199	-4109992.099	-0.511265
-298738.0204	-4109992.1	-0.511265
-298738.0208	-4109992.1	-0.511265
-298738.0213	-4109992.1	-0.511265
-298738.0218	-4109992.101	-0.511265
-298738.0223	-4109992.101	-0.511265
-298738.0227	-4109992.102	-0.511265
-298738.0237	-4109992.103	-0.511265
-298738.0242	-4109992.103	-0.511265
-298738.0246	-4109992.103	-0.511265
-298738.0251	-4109992.104	-0.511265
-298738.0256	-4109992.104	-0.511265
-298738.0261	-4109992.105	-0.511265
-298738.0265	-4109992.105	-0.511265
-298738.027	-4109992.106	-0.511265
-298738.0275	-4109992.106	-0.511265
-298738.0279	-4109992.106	-0.511265
-298738.0288	-4109992.107	-0.511265
-298738.0293	-4109992.108	-0.511265
-298738.0298	-4109992.108	-0.511265
-298738.0302	-4109992.108	-0.511265
-298738.0307	-4109992.109	-0.511265
-298738.0311	-4109992.109	-0.511265
-298738.0315	-4109992.11	-0.511265
-298738.032	-4109992.11	-0.511265
-298738.0324	-4109992.11	-0.511265
-298738.0329	-4109992.111	-0.511265
-298738.0333	-4109992.111	-0.511265
-298738.0337	-4109992.111	-0.511265
-298738.0342	-4109992.112	-0.511265
-298738.0346	-4109992.112	-0.511265
-298738.035	-4109992.113	-0.511265
-298738.0354	-4109992.113	-0.511265
-298738.0358	-4109992.113	-0.511265
-298738.0362	-4109992.114	-0.511265
-298738.0366	-4109992.114	-0.511265
-298738.037	-4109992.114	-0.511265
-298738.0374	-4109992.115	-0.511265
-298738.0377	-4109992.115	-0.511265
-298738.0381	-4109992.115	-0.511265
-298738.0384	-4109992.116	-0.511265
-298738.0388	-4109992.116	-0.511265
-298738.0391	-4109992.116	-0.511265
-298738.0395	-4109992.117	-0.511265
-298738.0398	-4109992.117	-0.511265
-298738.0402	-4109992.117	-0.511265
-298738.0405	-4109992.117	-0.511265
-298738.0409	-4109992.118	-0.511265
-298738.0412	-4109992.118	-0.511265
-298738.0413	-4109992.118	-0.511265
-298738.0415	-4109992.118	-0.511265
-298738.0417	-4109992.119	-0.511265
-298738.0418	-4109992.119	-0.511265
-298738.042	-4109992.119	-0.511265
-298738.0421	-4109992.119	-0.511265
-298738.0423	-4109992.119	-0.511265
-298738.0425	-4109992.119	-0.511265
-298738.0426	-4109992.119	-0.511265
-298738.0429	-4109992.12	-0.511265
-298738.0431	-4109992.12	-0.511265
-298738.0433	-4109992.12	-0.511265
-298738.0434	-4109992.12	-0.511265
-298738.0436	-4109992.12	-0.511265
-298738.0438	-4109992.12	-0.511265
-298738.0439	-4109992.121	-0.511265
-298738.0442	-4109992.121	-0.511265
-298738.0446	-4109992.121	-0.511265
-298738.0449	-4109992.121	-0.511265
-298738.0453	-4109992.122	-0.511265
-298738.0456	-4109992.122	-0.511265
-298738.046	-4109992.122	-0.511265
-298738.0463	-4109992.123	-0.511265
-298738.0467	-4109992.123	-0.511265
-298738.0471	-4109992.123	-0.511265
-298738.0474	-4109992.124	-0.511265
-298738.0478	-4109992.124	-0.511265
-298738.0482	-4109992.124	-0.511265
-298738.0485	-4109992.125	-0.511265
-298738.0489	-4109992.125	-0.511265
-298738.0493	-4109992.126	-0.511265
-298738.0497	-4109992.126	-0.511265
-298738.05	-4109992.126	-0.511265
-298738.0504	-4109992.127	-0.511265
-298738.0508	-4109992.127	-0.511265
-298738.0512	-4109992.127	-0.511265
-298738.0515	-4109992.128	-0.511265
-298738.0519	-4109992.128	-0.511265
-298738.0523	-4109992.128	-0.511265
-298738.0527	-4109992.129	-0.511265
-298738.053	-4109992.129	-0.511265
-298738.0534	-4109992.129	-0.511265
-298738.0538	-4109992.13	-0.511265
-298738.0541	-4109992.13	-0.511265
-298738.0545	-4109992.13	-0.511265
-298738.0549	-4109992.131	-0.511265
-298738.0552	-4109992.131	-0.511265
-298738.0556	-4109992.131	-0.511265
-298738.056	-4109992.132	-0.511265
-298738.0563	-4109992.132	-0.511265
-298738.0567	-4109992.132	-0.511265
-298738.057	-4109992.133	-0.511265
-298738.0574	-4109992.133	-0.511265
-298738.0577	-4109992.133	-0.511265
-298738.0581	-4109992.134	-0.511265
-298738.0584	-4109992.134	-0.511265
-298738.0588	-4109992.134	-0.511265
-298738.0591	-4109992.135	-0.511265
-298738.0595	-4109992.135	-0.511265
-298738.0598	-4109992.135	-0.511265
-298738.0601	-4109992.136	-0.511265
-298738.0605	-4109992.136	-0.511265
-298738.0608	-4109992.136	-0.511265
-298738.0611	-4109992.136	-0.511265
-298738.0614	-4109992.137	-0.511265
-298738.0617	-4109992.137	-0.511265
-298738.062	-4109992.137	-0.511265
-298738.0623	-4109992.138	-0.511265
-298738.0626	-4109992.138	-0.511265
-298738.0629	-4109992.138	-0.511265
-298738.0632	-4109992.138	-0.511265
-298738.0635	-4109992.139	-0.511265
-298738.0638	-4109992.139	-0.511265
-298738.0641	-4109992.139	-0.511265
-298738.0644	-4109992.139	-0.511265
-298738.0647	-4109992.14	-0.511265
-298738.065	-4109992.14	-0.511265
-298738.0653	-4109992.14	-0.511265
-298738.0656	-4109992.141	-0.511265
-298738.0659	-4109992.141	-0.511265
-298738.0662	-4109992.141	-0.511265
-298738.0665	-4109992.141	-0.511265
-298738.0668	-4109992.142	-0.511265
-298738.0671	-4109992.142	-0.511265
-298738.0674	-4109992.142	-0.511265
-298738.0677	-4109992.143	-0.511265
-298738.0681	-4109992.143	-0.511265
-298738.0684	-4109992.143	-0.511265
-298738.0688	-4109992.143	-0.511265
-298738.0691	-4109992.144	-0.511265
-298738.0695	-4109992.144	-0.511265
-298738.0698	-4109992.144	-0.511265
-298738.0702	-4109992.145	-0.511265
-298738.0706	-4109992.145	-0.511265
-298738.071	-4109992.146	-0.511265
-298738.0714	-4109992.146	-0.511265
-298738.0718	-4109992.146	-0.511265
-298738.0722	-4109992.147	-0.511265
-298738.0727	-4109992.147	-0.511265
-298738.0731	-4109992.148	-0.511265
-298738.0735	-4109992.148	-0.511265
-298738.074	-4109992.148	-0.511265
-298738.0744	-4109992.149	-0.511265
-298738.0749	-4109992.149	-0.511265
-298738.0753	-4109992.15	-0.511265
-298738.0758	-4109992.15	-0.511265
-298738.0763	-4109992.151	-0.511265
-298738.0767	-4109992.151	-0.511265
-298738.0772	-4109992.151	-0.511265
-298738.0777	-4109992.152	-0.511265
-298738.0782	-4109992.152	-0.511265
-298738.0787	-4109992.153	-0.511265
-298738.0791	-4109992.153	-0.511265
-298738.0796	-4109992.154	-0.511265
-298738.0801	-4109992.154	-0.511265
-298738.0804	-4109992.154	-0.511265
-298738.0806	-4109992.155	-0.511265
-298738.0809	-4109992.155	-0.511265
-298738.0812	-4109992.155	-0.511265
-298738.0814	-4109992.155	-0.511265
-298738.0816	-4109992.156	-0.511265
-298738.0819	-4109992.156	-0.511265
-298738.0821	-4109992.156	-0.511265
-298738.0824	-4109992.156	-0.511265
-298738.0826	-4109992.157	-0.511265
-298738.0829	-4109992.157	-0.511265
-298738.0831	-4109992.157	-0.511265
-298738.0837	-4109992.158	-0.511265
-298738.0839	-4109992.158	-0.511265
-298738.0842	-4109992.158	-0.511265
-298738.0844	-4109992.158	-0.511265
-298738.0847	-4109992.159	-0.511265
-298738.085	-4109992.159	-0.511265
-298738.0852	-4109992.159	-0.511265
-298738.0855	-4109992.159	-0.511265
-298738.0857	-4109992.16	-0.511265
-298738.086	-4109992.16	-0.511265
-298738.0865	-4109992.16	-0.511265
-298738.0871	-4109992.161	-0.511265
-298738.0876	-4109992.161	-0.511265
-298738.0881	-4109992.162	-0.511265
-298738.0887	-4109992.162	-0.511265
-298738.0889	-4109992.163	-0.511265
-298738.0892	-4109992.163	-0.511265
-298738.0895	-4109992.163	-0.511265
-298738.0897	-4109992.163	-0.511265
-298738.09	-4109992.164	-0.511265
-298738.0903	-4109992.164	-0.511265
-298738.0905	-4109992.164	-0.511265
-298738.0908	-4109992.164	-0.511265
-298738.0911	-4109992.165	-0.511265
-298738.0913	-4109992.165	-0.511265
-298738.0916	-4109992.165	-0.511265
-298738.0919	-4109992.165	-0.511265
-298738.0924	-4109992.166	-0.511265
-298738.0929	-4109992.166	-0.511265
-298738.0935	-4109992.167	-0.511265
-298738.094	-4109992.167	-0.511265
-298738.0945	-4109992.168	-0.511265
-298738.0951	-4109992.168	-0.511265
-298738.0956	-4109992.169	-0.511265
-298738.0962	-4109992.169	-0.511265
-298738.0967	-4109992.17	-0.511265
-298738.0973	-4109992.171	-0.511265
-298738.0978	-4109992.171	-0.511265
-298738.0981	-4109992.171	-0.511265
-298738.0984	-4109992.172	-0.511265
-298738.0987	-4109992.172	-0.511265
-298738.0989	-4109992.172	-0.511265
-298738.0992	-4109992.172	-0.511265
-298738.0995	-4109992.173	-0.511265
-298738.0998	-4109992.173	-0.511265
-298738.1001	-4109992.173	-0.511265
-298738.1003	-4109992.173	-0.511265
-298738.1006	-4109992.174	-0.511265
-298738.1009	-4109992.174	-0.511265
-298738.1012	-4109992.174	-0.511265
-298738.1015	-4109992.174	-0.511265
-298738.1017	-4109992.174	-0.511265
-298738.102	-4109992.175	-0.511265
-298738.1023	-4109992.175	-0.511265
-298738.1026	-4109992.175	-0.511265
-298738.1028	-4109992.175	-0.511265
-298738.1031	-4109992.176	-0.511265
-298738.1034	-4109992.176	-0.511265
-298738.1036	-4109992.176	-0.511265
-298738.1039	-4109992.176	-0.511265
-298738.1042	-4109992.177	-0.511265
-298738.1044	-4109992.177	-0.511265
-298738.1047	-4109992.177	-0.511265
-298738.105	-4109992.177	-0.511265
-298738.1053	-4109992.178	-0.511265
-298738.1055	-4109992.178	-0.511265
-298738.1058	-4109992.178	-0.511265
-298738.1061	-4109992.178	-0.511265
-298738.1064	-4109992.179	-0.511265
-298738.1067	-4109992.179	-0.511265
-298738.1069	-4109992.179	-0.511265
-298738.1072	-4109992.179	-0.511265
-298738.1074	-4109992.18	-0.511265
-298738.1077	-4109992.18	-0.511265
-298738.108	-4109992.18	-0.511265
-298738.1083	-4109992.18	-0.511265
-298738.1085	-4109992.181	-0.511265
-298738.1091	-4109992.181	-0.511265
-298738.1096	-4109992.182	-0.511265
-298738.1102	-4109992.182	-0.511265
-298738.1108	-4109992.183	-0.511265
-298738.1113	-4109992.183	-0.511265
-298738.1116	-4109992.183	-0.511265
-298738.1119	-4109992.184	-0.511265
-298738.1121	-4109992.184	-0.511265
-298738.1124	-4109992.184	-0.511265
-298738.1127	-4109992.185	-0.511265
-298738.113	-4109992.185	-0.511265
-298738.1133	-4109992.185	-0.511265
-298738.1135	-4109992.185	-0.511265
-298738.1138	-4109992.186	-0.511265
-298738.1141	-4109992.186	-0.511265
-298738.1143	-4109992.186	-0.511265
-298738.1146	-4109992.186	-0.511265
-298738.1149	-4109992.187	-0.511265
-298738.1152	-4109992.187	-0.511265
-298738.1154	-4109992.187	-0.511265
-298738.116	-4109992.188	-0.511265
-298738.1163	-4109992.188	-0.511265
-298738.1165	-4109992.188	-0.511265
-298738.1168	-4109992.188	-0.511265
-298738.1171	-4109992.189	-0.511265
-298738.1173	-4109992.189	-0.511265
-298738.1176	-4109992.189	-0.511265
-298738.1179	-4109992.189	-0.511265
-298738.1181	-4109992.19	-0.511265
-298738.1184	-4109992.19	-0.511265
-298738.1187	-4109992.19	-0.511265
-298738.1189	-4109992.19	-0.511265
-298738.1192	-4109992.191	-0.511265
-298738.1195	-4109992.191	-0.511265
-298738.1198	-4109992.191	-0.511265
-298738.12	-4109992.191	-0.511265
-298738.1203	-4109992.192	-0.511265
-298738.1208	-4109992.192	-0.511265
-298738.1214	-4109992.193	-0.511265
-298738.1216	-4109992.193	-0.511265
-298738.1219	-4109992.193	-0.511265
-298738.1224	-4109992.194	-0.511265
-298738.123	-4109992.194	-0.511265
-298738.1232	-4109992.194	-0.511265
-298738.1235	-4109992.195	-0.511265
-298738.1238	-4109992.195	-0.511265
-298738.124	-4109992.195	-0.511265
-298738.1246	-4109992.196	-0.511265
-298738.1248	-4109992.196	-0.511265
-298738.1251	-4109992.196	-0.511265
-298738.1254	-4109992.196	-0.511265
-298738.1256	-4109992.197	-0.511265
-298738.1262	-4109992.197	-0.511265
-298738.1267	-4109992.198	-0.511265
-298738.1269	-4109992.198	-0.511265
-298738.1272	-4109992.198	-0.511265
-298738.1275	-4109992.198	-0.511265
-298738.1277	-4109992.199	-0.511265
-298738.128	-4109992.199	-0.511265
-298738.1283	-4109992.199	-0.511265
-298738.1285	-4109992.199	-0.511265
-298738.1288	-4109992.2	-0.511265
-298738.1291	-4109992.2	-0.511265
-298738.1294	-4109992.2	-0.511265
-298738.1296	-4109992.2	-0.511265
-298738.1299	-4109992.201	-0.511265
-298738.1302	-4109992.201	-0.511265
-298738.1305	-4109992.201	-0.511265
-298738.1308	-4109992.201	-0.511265
-298738.131	-4109992.202	-0.511265
-298738.1316	-4109992.202	-0.511265
-298738.1318	-4109992.202	-0.511265
-298738.1321	-4109992.203	-0.511265
-298738.1324	-4109992.203	-0.511265
-298738.1326	-4109992.203	-0.511265
-298738.1331	-4109992.204	-0.511265
-298738.1337	-4109992.204	-0.511265
-298738.1342	-4109992.205	-0.511265
-298738.1345	-4109992.205	-0.511265
-298738.135	-4109992.206	-0.511265
-298738.1355	-4109992.206	-0.511265
-298738.1358	-4109992.206	-0.511265
-298738.136	-4109992.207	-0.511265
-298738.1365	-4109992.207	-0.511265
-298738.1371	-4109992.208	-0.511265
-298738.1373	-4109992.208	-0.511265
-298738.1378	-4109992.209	-0.511265
-298738.1383	-4109992.209	-0.511265
-298738.1389	-4109992.21	-0.511265
-298738.1391	-4109992.21	-0.511265
-298738.1396	-4109992.21	-0.511265
-298738.1401	-4109992.211	-0.511265
-298738.1404	-4109992.211	-0.511265
-298738.1407	-4109992.211	-0.511265
-298738.1409	-4109992.212	-0.511265
-298738.1415	-4109992.212	-0.511265
-298738.142	-4109992.213	-0.511265
-298738.1425	-4109992.213	-0.511265
-298738.1431	-4109992.214	-0.511265
-298738.1436	-4109992.214	-0.511265
-298738.1439	-4109992.214	-0.511265
-298738.1445	-4109992.215	-0.511265
-298738.145	-4109992.215	-0.511265
-298738.1455	-4109992.216	-0.511265
-298738.1461	-4109992.216	-0.511265
-298738.1466	-4109992.217	-0.511265
-298738.1472	-4109992.217	-0.511265
-298738.1477	-4109992.218	-0.511265
-298738.1483	-4109992.218	-0.511265
-298738.1488	-4109992.219	-0.511265
-298738.1494	-4109992.219	-0.511265
-298738.1499	-4109992.219	-0.511265
-298738.1505	-4109992.22	-0.511265
-298738.1511	-4109992.22	-0.511265
-298738.1516	-4109992.221	-0.511265
-298738.1522	-4109992.221	-0.511265
-298738.1528	-4109992.221	-0.511265
-298738.1534	-4109992.222	-0.511265
-298738.154	-4109992.222	-0.511265
-298738.1546	-4109992.222	-0.511265
-298738.1552	-4109992.223	-0.511265
-298738.1558	-4109992.223	-0.511265
-298738.1564	-4109992.223	-0.511265
-298738.157	-4109992.223	-0.511265
-298738.1576	-4109992.224	-0.511265
-298738.1583	-4109992.224	-0.511265
-298738.1586	-4109992.224	-0.511265
-298738.1592	-4109992.224	-0.511265
-298738.1595	-4109992.224	-0.511265
-298738.1602	-4109992.224	-0.511265
-298738.1608	-4109992.224	-0.511265
-298738.1614	-4109992.224	-0.511265
-298738.162	-4109992.224	-0.511265
-298738.1627	-4109992.224	-0.511265
-298738.1633	-4109992.224	-0.511265
-298738.1639	-4109992.224	-0.511265
-298738.1645	-4109992.224	-0.511265
-298738.1651	-4109992.224	-0.511265
-298738.1658	-4109992.224	-0.511265
-298738.1664	-4109992.224	-0.511265
-298738.167	-4109992.224	-0.511265
-298738.1676	-4109992.224	-0.511265
-298738.1682	-4109992.223	-0.511265
-298738.1688	-4109992.223	-0.511265
-298738.1694	-4109992.223	-0.511265
-298738.1699	-4109992.223	-0.511265
-298738.1705	-4109992.223	-0.511265
-298738.1711	-4109992.222	-0.511265
-298738.1716	-4109992.222	-0.511265
-298738.1722	-4109992.222	-0.511265
-298738.1727	-4109992.222	-0.511265
-298738.1732	-4109992.221	-0.511265
-298738.1737	-4109992.221	-0.511265
-298738.1743	-4109992.221	-0.511265
-298738.1748	-4109992.22	-0.511265
-298738.1753	-4109992.22	-0.511265
-298738.1755	-4109992.22	-0.511265
-298738.1757	-4109992.22	-0.511265
-298738.176	-4109992.219	-0.511265
-298738.1764	-4109992.219	-0.511265
-298738.1766	-4109992.219	-0.511265
-298738.1769	-4109992.219	-0.511265
-298738.1771	-4109992.219	-0.511265
-298738.1773	-4109992.218	-0.511265
-298738.1776	-4109992.218	-0.511265
-298738.1778	-4109992.218	-0.511265
-298738.178	-4109992.218	-0.511265
-298738.1783	-4109992.218	-0.511265
-298738.1785	-4109992.217	-0.511265
-298738.1787	-4109992.217	-0.511265
-298738.1789	-4109992.217	-0.511265
-298738.1792	-4109992.217	-0.511265
-298738.1794	-4109992.217	-0.511265
-298738.1796	-4109992.217	-0.511265
-298738.1799	-4109992.216	-0.511265
-298738.1801	-4109992.216	-0.511265
-298738.1803	-4109992.216	-0.511265
-298738.1805	-4109992.216	-0.511265
-298738.1808	-4109992.216	-0.511265
-298738.181	-4109992.215	-0.511265
-298738.1814	-4109992.215	-0.511265
-298738.1817	-4109992.214	-0.511265
-298738.1819	-4109992.214	-0.511265
-298738.1821	-4109992.214	-0.511265
-298738.1822	-4109992.213	-0.511265
-298738.1824	-4109992.213	-0.511265
-298738.1827	-4109992.212	-0.511265
-298738.1829	-4109992.212	-0.511265
-298738.1831	-4109992.212	-0.511265
-298738.1834	-4109992.211	-0.511265
-298738.1837	-4109992.211	-0.511265
-298738.184	-4109992.21	-0.511265
-298738.1843	-4109992.209	-0.511265
-298738.1845	-4109992.209	-0.511265
-298738.1848	-4109992.208	-0.511265
-298738.1851	-4109992.208	-0.511265
-298738.1853	-4109992.207	-0.511265
-298738.1855	-4109992.207	-0.511265
-298738.1856	-4109992.206	-0.511265
-298738.1857	-4109992.206	-0.511265
-298738.1859	-4109992.206	-0.511265
-298738.186	-4109992.205	-0.511265
-298738.1861	-4109992.205	-0.511265
-298738.1862	-4109992.205	-0.511265
-298738.1864	-4109992.204	-0.511265
-298738.1865	-4109992.204	-0.511265
-298738.1865	-4109992.204	-0.511265
-298738.1867	-4109992.203	-0.511265
-298738.1869	-4109992.202	-0.511265
-298738.1871	-4109992.202	-0.511265
-298738.1872	-4109992.201	-0.511265
-298738.1873	-4109992.201	-0.511265
-298738.1874	-4109992.2	-0.511265
-298738.1874	-4109992.2	-0.511265
-298738.1875	-4109992.2	-0.511265
-298738.1875	-4109992.199	-0.511265
-298738.1876	-4109992.199	-0.511265
-298738.1876	-4109992.199	-0.511265
-298738.1877	-4109992.198	-0.511265
-298738.1877	-4109992.197	-0.511265
-298738.1878	-4109992.197	-0.511265
-298738.1878	-4109992.196	-0.511265
-298738.1878	-4109992.195	-0.511265
-298738.1878	-4109992.195	-0.511265
-298738.1878	-4109992.194	-0.511265
-298738.1878	-4109992.193	-0.511265
-298738.1878	-4109992.192	-0.511265
-298738.1877	-4109992.192	-0.511265
-298738.1877	-4109992.191	-0.511265
-298738.1876	-4109992.19	-0.511265
-298738.1875	-4109992.19	-0.511265
-298738.1874	-4109992.189	-0.511265
-298738.1873	-4109992.188	-0.511265
-298738.1873	-4109992.188	-0.511265
-298738.1872	-4109992.187	-0.511265
-298738.1872	-4109992.187	-0.511265
-298738.1871	-4109992.187	-0.511265
-298738.187	-4109992.186	-0.511265
-298738.1869	-4109992.186	-0.511265
-298738.1868	-4109992.186	-0.511265
-298738.1867	-4109992.185	-0.511265
-298738.1866	-4109992.185	-0.511265
-298738.1865	-4109992.185	-0.511265
-298738.1864	-4109992.184	-0.511265
-298738.1863	-4109992.184	-0.511265
-298738.1861	-4109992.183	-0.511265
-298738.1859	-4109992.183	-0.511265
-298738.1856	-4109992.182	-0.511265
-298738.1854	-4109992.181	-0.511265
-298738.1851	-4109992.181	-0.511265
-298738.1849	-4109992.18	-0.511265
-298738.1846	-4109992.179	-0.511265
-298738.1843	-4109992.179	-0.511265
-298738.184	-4109992.178	-0.511265
-298738.1837	-4109992.178	-0.511265
-298738.1834	-4109992.177	-0.511265
-298738.1831	-4109992.176	-0.511265
-298738.1828	-4109992.176	-0.511265
-298738.1824	-4109992.175	-0.511265
-298738.1821	-4109992.175	-0.511265
-298738.1817	-4109992.174	-0.511265
-298738.1813	-4109992.174	-0.511265
-298738.1809	-4109992.173	-0.511265
-298738.1805	-4109992.173	-0.511265
-298738.1801	-4109992.172	-0.511265
-298738.1797	-4109992.172	-0.511265
-298738.1795	-4109992.171	-0.511265
-298738.1793	-4109992.171	-0.511265
-298738.1791	-4109992.171	-0.511265
-298738.1789	-4109992.171	-0.511265
-298738.1785	-4109992.17	-0.511265
-298738.1783	-4109992.17	-0.511265
-298738.1781	-4109992.17	-0.511265
-298738.1779	-4109992.169	-0.511265
-298738.1776	-4109992.169	-0.511265
-298738.1774	-4109992.169	-0.511265
-298738.1772	-4109992.169	-0.511265
-298738.177	-4109992.168	-0.511265
-298738.1767	-4109992.168	-0.511265
-298738.1765	-4109992.168	-0.511265
-298738.176	-4109992.167	-0.511265
-298738.1756	-4109992.167	-0.511265
-298738.1751	-4109992.166	-0.511265
-298738.1746	-4109992.166	-0.511265
-298738.1741	-4109992.165	-0.511265
-298738.1736	-4109992.165	-0.511265
-298738.1731	-4109992.164	-0.511265
-298738.1726	-4109992.164	-0.511265
-298738.1721	-4109992.164	-0.511265
-298738.1716	-4109992.163	-0.511265
-298738.1713	-4109992.163	-0.511265
-298738.1711	-4109992.162	-0.511265
-298738.1706	-4109992.162	-0.511265
-298738.17	-4109992.161	-0.511265
-298738.1695	-4109992.161	-0.511265
-298738.1689	-4109992.16	-0.511265
-298738.1684	-4109992.16	-0.511265
-298738.1678	-4109992.159	-0.511265
-298738.1673	-4109992.159	-0.511265
-298738.1667	-4109992.158	-0.511265
-298738.1661	-4109992.158	-0.511265
-298738.1656	-4109992.157	-0.511265
-298738.165	-4109992.157	-0.511265
-298738.1644	-4109992.156	-0.511265
-298738.1638	-4109992.156	-0.511265
-298738.1633	-4109992.155	-0.511265
-298738.1627	-4109992.155	-0.511265
-298738.1624	-4109992.154	-0.511265
-298738.1621	-4109992.154	-0.511265
-298738.1618	-4109992.154	-0.511265
-298738.1615	-4109992.154	-0.511265
-298738.1612	-4109992.153	-0.511265
-298738.1609	-4109992.153	-0.511265
-298738.1606	-4109992.153	-0.511265
-298738.1603	-4109992.152	-0.511265
-298738.16	-4109992.152	-0.511265
-298738.1597	-4109992.152	-0.511265
-298738.1594	-4109992.152	-0.511265
-298738.1591	-4109992.151	-0.511265
-298738.1588	-4109992.151	-0.511265
-298738.1585	-4109992.151	-0.511265
-298738.1579	-4109992.15	-0.511265
-298738.1573	-4109992.15	-0.511265
-298738.1567	-4109992.149	-0.511265
-298738.1561	-4109992.149	-0.511265
-298738.1555	-4109992.148	-0.511265
-298738.1548	-4109992.147	-0.511265
-298738.1542	-4109992.147	-0.511265
-298738.1536	-4109992.146	-0.511265
-298738.153	-4109992.146	-0.511265
-298738.1524	-4109992.145	-0.511265
-298738.1517	-4109992.144	-0.511265
-298738.1511	-4109992.144	-0.511265
-298738.1505	-4109992.143	-0.511265
-298738.1499	-4109992.143	-0.511265
-298738.1492	-4109992.142	-0.511265
-298738.1486	-4109992.141	-0.511265
-298738.148	-4109992.141	-0.511265
-298738.1473	-4109992.14	-0.511265
-298738.1467	-4109992.14	-0.511265
-298738.1461	-4109992.139	-0.511265
-298738.1454	-4109992.138	-0.511265
-298738.1448	-4109992.138	-0.511265
-298738.1441	-4109992.137	-0.511265
-298738.1435	-4109992.137	-0.511265
-298738.1429	-4109992.136	-0.511265
-298738.1422	-4109992.135	-0.511265
-298738.1416	-4109992.135	-0.511265
-298738.1409	-4109992.134	-0.511265
-298738.1402	-4109992.133	-0.511265
-298738.1396	-4109992.133	-0.511265
-298738.1389	-4109992.132	-0.511265
-298738.1383	-4109992.132	-0.511265
-298738.1376	-4109992.131	-0.511265
-298738.1369	-4109992.13	-0.511265
-298738.1363	-4109992.13	-0.511265
-298738.1356	-4109992.129	-0.511265
-298738.1349	-4109992.128	-0.511265
-298738.1342	-4109992.128	-0.511265
-298738.1335	-4109992.127	-0.511265
-298738.1329	-4109992.126	-0.511265
-298738.1322	-4109992.126	-0.511265
-298738.1315	-4109992.125	-0.511265
-298738.1308	-4109992.125	-0.511265
-298738.1301	-4109992.124	-0.511265
-298738.1294	-4109992.123	-0.511265
-298738.1287	-4109992.123	-0.511265
-298738.128	-4109992.122	-0.511265
-298738.1273	-4109992.121	-0.511265
-298738.1265	-4109992.121	-0.511265
-298738.1258	-4109992.12	-0.511265
-298738.1251	-4109992.119	-0.511265
-298738.1244	-4109992.119	-0.511265
-298738.1237	-4109992.118	-0.511265
-298738.123	-4109992.117	-0.511265
-298738.1223	-4109992.117	-0.511265
-298738.1216	-4109992.116	-0.511265
-298738.1208	-4109992.115	-0.511265
-298738.1201	-4109992.115	-0.511265
-298738.1194	-4109992.114	-0.511265
-298738.1187	-4109992.113	-0.511265
-298738.118	-4109992.112	-0.511265
-298738.1173	-4109992.112	-0.511265
-298738.1165	-4109992.111	-0.511265
-298738.1158	-4109992.11	-0.511265
-298738.1151	-4109992.11	-0.511265
-298738.1144	-4109992.109	-0.511265
-298738.1137	-4109992.108	-0.511265
-298738.113	-4109992.108	-0.511265
-298738.1122	-4109992.107	-0.511265
-298738.1115	-4109992.106	-0.511265
-298738.1108	-4109992.106	-0.511265
-298738.1101	-4109992.105	-0.511265
-298738.1094	-4109992.104	-0.511265
-298738.1087	-4109992.104	-0.511265
-298738.1079	-4109992.103	-0.511265
-298738.1072	-4109992.102	-0.511265
-298738.1065	-4109992.102	-0.511265
-298738.1058	-4109992.101	-0.511265
-298738.1051	-4109992.1	-0.511265
-298738.1043	-4109992.1	-0.511265
-298738.1036	-4109992.099	-0.511265
-298738.1029	-4109992.098	-0.511265
-298738.1022	-4109992.098	-0.511265
-298738.1015	-4109992.097	-0.511265
-298738.1008	-4109992.096	-0.511265
-298738.1	-4109992.096	-0.511265
-298738.0993	-4109992.095	-0.511265
-298738.0986	-4109992.094	-0.511265
-298738.0979	-4109992.094	-0.511265
-298738.0972	-4109992.093	-0.511265
-298738.0965	-4109992.092	-0.511265
-298738.0958	-4109992.092	-0.511265
-298738.0951	-4109992.091	-0.511265
-298738.0944	-4109992.09	-0.511265
-298738.0936	-4109992.09	-0.511265
-298738.0929	-4109992.089	-0.511265
-298738.0922	-4109992.088	-0.511265
-298738.0914	-4109992.088	-0.511265
-298738.0907	-4109992.087	-0.511265
-298738.09	-4109992.086	-0.511265
-298738.0892	-4109992.086	-0.511265
-298738.0885	-4109992.085	-0.511265
-298738.0878	-4109992.084	-0.511265
-298738.087	-4109992.083	-0.511265
-298738.0863	-4109992.083	-0.511265
-298738.0856	-4109992.082	-0.511265
-298738.0848	-4109992.081	-0.511265
-298738.0841	-4109992.081	-0.511265
-298738.0834	-4109992.08	-0.511265
-298738.0826	-4109992.079	-0.511265
-298738.0819	-4109992.079	-0.511265
-298738.0812	-4109992.078	-0.511265
-298738.0804	-4109992.077	-0.511265
-298738.0797	-4109992.077	-0.511265
-298738.0789	-4109992.076	-0.511265
-298738.0782	-4109992.075	-0.511265
-298738.0775	-4109992.074	-0.511265
-298738.0767	-4109992.074	-0.511265
-298738.076	-4109992.073	-0.511265
-298738.0752	-4109992.072	-0.511265
-298738.0745	-4109992.072	-0.511265
-298738.0737	-4109992.071	-0.511265
-298738.073	-4109992.07	-0.511265
-298738.0722	-4109992.069	-0.511265
-298738.0715	-4109992.069	-0.511265
-298738.0707	-4109992.068	-0.511265
-298738.0699	-4109992.067	-0.511265
-298738.0692	-4109992.067	-0.511265
-298738.0684	-4109992.066	-0.511265
-298738.068	-4109992.066	-0.511265
-298738.0676	-4109992.065	-0.511265
-298738.0673	-4109992.065	-0.511265
-298738.0669	-4109992.064	-0.511265
-298738.0661	-4109992.064	-0.511265
-298738.0653	-4109992.063	-0.511265
-298738.0645	-4109992.062	-0.511265
-298738.0638	-4109992.062	-0.511265
-298738.063	-4109992.061	-0.511265
-298738.0622	-4109992.06	-0.511265
-298738.0614	-4109992.059	-0.511265
-298738.0607	-4109992.059	-0.511265
-298738.0599	-4109992.058	-0.511265
-298738.0591	-4109992.057	-0.511265
-298738.0584	-4109992.057	-0.511265
-298738.0576	-4109992.056	-0.511265
-298738.0568	-4109992.055	-0.511265
-298738.0561	-4109992.054	-0.511265
-298738.0553	-4109992.054	-0.511265
-298738.0545	-4109992.053	-0.511265
-298738.0538	-4109992.052	-0.511265
-298738.053	-4109992.052	-0.511265
-298738.0522	-4109992.051	-0.511265
-298738.0515	-4109992.05	-0.511265
-298738.0507	-4109992.049	-0.511265
-298738.05	-4109992.049	-0.511265
-298738.0492	-4109992.048	-0.511265
-298738.0484	-4109992.047	-0.511265
-298738.0477	-4109992.047	-0.511265
-298738.0469	-4109992.046	-0.511265
-298738.0462	-4109992.045	-0.511265
-298738.0454	-4109992.044	-0.511265
-298738.0447	-4109992.044	-0.511265
-298738.0439	-4109992.043	-0.511265
-298738.0432	-4109992.042	-0.511265
-298738.0424	-4109992.042	-0.511265
-298738.0417	-4109992.041	-0.511265
-298738.0409	-4109992.04	-0.511265
-298738.0402	-4109992.04	-0.511265
-298738.0394	-4109992.039	-0.511265
-298738.0387	-4109992.038	-0.511265
-298738.0379	-4109992.038	-0.511265
-298738.0372	-4109992.037	-0.511265
-298738.0365	-4109992.036	-0.511265
-298738.0358	-4109992.036	-0.511265
-298738.0351	-4109992.035	-0.511265
-298738.0344	-4109992.034	-0.511265
-298738.0338	-4109992.034	-0.511265
-298738.0331	-4109992.033	-0.511265
-298738.0324	-4109992.033	-0.511265
-298738.0318	-4109992.032	-0.511265
-298738.0311	-4109992.031	-0.511265
-298738.0305	-4109992.031	-0.511265
-298738.0299	-4109992.03	-0.511265
-298738.0293	-4109992.03	-0.511265
-298738.0287	-4109992.029	-0.511265
-298738.0281	-4109992.028	-0.511265
-298738.0275	-4109992.028	-0.511265
-298738.027	-4109992.027	-0.511265
-298738.0264	-4109992.027	-0.511265
-298738.0259	-4109992.026	-0.511265
-298738.0253	-4109992.026	-0.511265
-298738.0248	-4109992.025	-0.511265
-298738.0243	-4109992.025	-0.511265
-298738.0238	-4109992.024	-0.511265
-298738.0233	-4109992.024	-0.511265
-298738.0228	-4109992.023	-0.511265
-298738.0223	-4109992.023	-0.511265
-298738.0218	-4109992.022	-0.511265
-298738.0213	-4109992.022	-0.511265
-298738.0209	-4109992.022	-0.511265
-298738.0204	-4109992.021	-0.511265
-298738.02	-4109992.021	-0.511265
-298738.0196	-4109992.02	-0.511265
-298738.0191	-4109992.02	-0.511265
-298738.0187	-4109992.02	-0.511265
-298738.0183	-4109992.02	-0.511265
-298738.0179	-4109992.019	-0.511265
-298738.0175	-4109992.019	-0.511265
-298738.0172	-4109992.019	-0.511265
-298738.0168	-4109992.019	-0.511265
-298738.0164	-4109992.019	-0.511265
-298738.0161	-4109992.018	-0.511265
-298738.0158	-4109992.018	-0.511265
-298738.0154	-4109992.018	-0.511265
-298738.0151	-4109992.018	-0.511265
-298738.0148	-4109992.018	-0.511265
-298738.0145	-4109992.018	-0.511265
-298738.0143	-4109992.018	-0.511265
-298738.014	-4109992.018	-0.511265
-298738.0138	-4109992.018	-0.511265
-298738.0135	-4109992.018	-0.511265
-298738.0133	-4109992.018	-0.511265
-298738.0132	-4109992.018	-0.511265
-298738.0129	-4109992.018	-0.511265
-298738.0127	-4109992.018	-0.511265
-298738.0125	-4109992.018	-0.511265
-298738.0123	-4109992.018	-0.511265
-298738.0121	-4109992.019	-0.511265
-298738.0119	-4109992.019	-0.511265
-298738.0117	-4109992.019	-0.511265
-298738.0115	-4109992.019	-0.511265
-298738.0113	-4109992.019	-0.511265
-298738.0112	-4109992.019	-0.511265
-298738.011	-4109992.02	-0.511265
-298738.0109	-4109992.02	-0.511265
-298738.0107	-4109992.02	-0.511265
-298738.0105	-4109992.02	-0.511265
-298738.0104	-4109992.02	-0.511265
-298738.0103	-4109992.021	-0.511265
-298738.0101	-4109992.021	-0.511265
-298738.01	-4109992.021	-0.511265
-298738.0099	-4109992.021	-0.511265
-298738.0097	-4109992.022	-0.511265
-298738.0096	-4109992.022	-0.511265
-298738.0095	-4109992.022	-0.511265
-298738.0094	-4109992.022	-0.511265
-298738.0092	-4109992.022	-0.511265
-298738.0091	-4109992.023	-0.511265
-298738.009	-4109992.023	-0.511265
-298738.0089	-4109992.023	-0.511265
-298738.0088	-4109992.023	-0.511265
-298738.0086	-4109992.024	-0.511265
-298738.0085	-4109992.024	-0.511265
-298738.0084	-4109992.024	-0.511265
-298738.0082	-4109992.024	-0.511265
-298738.0081	-4109992.025	-0.511265
-298738.008	-4109992.025	-0.511265
-298738.0079	-4109992.025	-0.511265
-298738.0077	-4109992.025	-0.511265
-298738.0076	-4109992.025	-0.511265
-298738.0075	-4109992.026	-0.511265
-298738.0073	-4109992.026	-0.511265
-298738.0072	-4109992.026	-0.511265
-298738.007	-4109992.027	-0.511265
-298738.0069	-4109992.027	-0.511265
-298738.0067	-4109992.027	-0.511265
-298738.0066	-4109992.027	-0.511265
-298738.0064	-4109992.028	-0.511265
-298738.0062	-4109992.028	-0.511265
-298738.006	-4109992.028	-0.511265
-298738.0059	-4109992.029	-0.511265
-298738.0057	-4109992.029	-0.511265
-298738.0055	-4109992.029	-0.511265
-298738.0053	-4109992.03	-0.511265
-298738.0051	-4109992.03	-0.511265
-298738.005	-4109992.03	-0.511265
-298738.0048	-4109992.03	-0.511265
-298738.0046	-4109992.031	-0.511265
-298738.0044	-4109992.031	-0.511265
-298738.0042	-4109992.031	-0.511265
-298738.0041	-4109992.032	-0.511265
-298738.0039	-4109992.032	-0.511265
-298738.0037	-4109992.032	-0.511265
-298738.0035	-4109992.033	-0.511265
-298738.0033	-4109992.033	-0.511265
-298738.0032	-4109992.033	-0.511265
-298738.003	-4109992.034	-0.511265
-298738.0028	-4109992.034	-0.511265
-298738.0026	-4109992.034	-0.511265
-298738.0025	-4109992.034	-0.511265
-298738.0023	-4109992.035	-0.511265
-298738.0021	-4109992.035	-0.511265
-298738.002	-4109992.035	-0.511265
-298738.0018	-4109992.036	-0.511265
-298738.0016	-4109992.036	-0.511265
-298738.0015	-4109992.036	-0.511265
-298738.0013	-4109992.036	-0.511265
-298738.0011	-4109992.037	-0.511265
-298738.001	-4109992.037	-0.511265
-298738.0008	-4109992.037	-0.511265
-298738.0006	-4109992.038	-0.511265
-298738.0005	-4109992.038	-0.511265
-298738.0003	-4109992.038	-0.511265
-298738.0002	-4109992.038	-0.511265
-298738	-4109992.039	-0.511265
-298737.9999	-4109992.039	-0.511265
-298737.9998	-4109992.039	-0.511265
-298737.9996	-4109992.039	-0.511265
