507865.5921762384	3881438.323784265	60
166021.4431793313	0.0	60
507865.5921762384	3881438.323784265	60
507865.6013025946	3881438.312702391	60
507865.61954571307	3881438.301628407	60
507865.61954571307	3881438.301628407	60
507865.61954571307	3881438.301628407	60
507865.62867206935	3881438.2905465337	60
507865.62867206935	3881438.2905465337	60
507865.6378080195	3881438.268374896	60
507865.6378080195	3881438.268374896	60
507865.6560511381	3881438.257300912	60
507865.65604154184	3881438.268390674	60
507865.6560511381	3881438.257300912	60
507865.65604154184	3881438.268390674	60
507865.6742654655	3881438.279496216	60
507865.6742654655	3881438.279496216	60
507865.6742654655	3881438.279496216	60
507865.6742654655	3881438.279496216	60
507865.69249898783	3881438.2795119938	60
507865.69249898783	3881438.2795119938	60
507865.70162534417	3881438.2684301194	60
507865.70162534417	3881438.2684301194	60
507865.71075169824	3881438.257348246	60
507865.71075169824	3881438.257348246	60
507865.7289852183	3881438.257364024	60
507865.7289852183	3881438.257364024	60
507865.75634509703	3881438.2462979285	60
507865.765461857	3881438.2463058173	60
507865.765461857	3881438.2463058173	60
507865.765461857	3881438.2463058173	60
507865.79280254064	3881438.2574192476	60
507865.79280254064	3881438.2574192476	60
507865.8110264642	3881438.2685247883	60
507865.8110264642	3881438.2685247883	60
507865.8383767465	3881438.2685484556	60
507865.8383767465	3881438.2685484556	60
507865.86571742996	3881438.2796618873	60
507865.88394135336	3881438.2907674285	60
507865.86571742996	3881438.2796618873	60
507865.88394135336	3881438.2907674285	60
507865.9112916356	3881438.2907910957	60
507865.9112916356	3881438.2907910957	60
507865.93862271996	3881438.312994288	60
507865.93862271996	3881438.312994288	60
507865.9750801654	3881438.3241156084	60
507865.9750801654	3881438.3241156084	60
507866.0024112518	3881438.3463188023	60
507866.0024112518	3881438.3463188023	60
507866.0297519348	3881438.357432234	60
507866.0297519348	3881438.357432234	60
507866.05709262006	3881438.368545664	60
507866.05709262006	3881438.368545664	60
507866.0753069439	3881438.390740968	60
507866.0753069439	3881438.390740968	60
507866.10264762904	3881438.4018543987	60
507866.10264762904	3881438.4018543987	60
507866.1299787172	3881438.424057594	60
507866.1299787172	3881438.424057594	60
507866.1573098006	3881438.4462607857	60
507866.1573098006	3881438.4462607857	60
507866.18465048546	3881438.457374218	60
507866.18465048546	3881438.457374218	60
507866.21198157093	3881438.4795774114	60
507866.21198157093	3881438.4795774114	60
507866.2666437438	3881438.5239838003	60
507866.2666437438	3881438.5239838003	60
507866.3030915886	3881438.546194885	60
507866.339520239	3881438.5905854944	60
507866.3030915886	3881438.546194885	60
507866.339520239	3881438.5905854944	60
507866.3759584861	3881438.623886342	60
507866.3759584861	3881438.623886342	60
507866.40327997576	3881438.6571792974	60
507866.4397182224	3881438.6904801456	60
507866.40327997576	3881438.6571792974	60
507866.4397182224	3881438.6904801456	60
507866.4761564712	3881438.7237809924	60
507866.4761564712	3881438.7237809924	60
507866.512594715	3881438.757081841	60
507866.5490329632	3881438.790382688	60
507866.5490329632	3881438.790382688	60
507866.58546161134	3881438.834773299	60
507866.5490329632	3881438.790382688	60
507866.58546161134	3881438.834773299	60
507866.6218902615	3881438.87916391	60
507866.6218902615	3881438.87916391	60
507866.6674452658	3881438.912472648	60
507866.6674452658	3881438.912472648	60
507866.7129906746	3881438.956871149	60
507866.7129906746	3881438.956871149	60
507866.7585264829	3881439.0123594124	60
507866.7585264829	3881439.0123594124	60
507866.8040718884	3881439.056757915	60
507866.8040718884	3881439.056757915	60
507866.85871485935	3881439.1233438314	60
507866.85871485935	3881439.1233438314	60
507866.91336742736	3881439.178839988	60
507866.91336742736	3881439.178839988	60
507866.95890323335	3881439.234328252	60
507866.95890323335	3881439.234328252	60
507867.0044390411	3881439.2898165174	60
507867.0044390411	3881439.2898165174	60
507867.049984444	3881439.33421502	60
507867.049984444	3881439.33421502	60
507867.0955202507	3881439.389703286	60
507867.0955202507	3881439.389703286	60
507867.14104645635	3881439.4562813137	60
507867.14104645635	3881439.4562813137	60
507867.1865822596	3881439.511769581	60
507867.1865822596	3881439.511769581	60
507867.23211806454	3881439.567257847	60
507867.2867706253	3881439.622754005	60
507867.2867706253	3881439.622754005	60
507867.2867706253	3881439.622754005	60
507867.3323064268	3881439.6782422713	60
507867.3323064268	3881439.6782422713	60
507867.3778326316	3881439.7448203014	60
507867.3778326316	3881439.7448203014	60
507867.4324851904	3881439.8003164604	60
507867.4324851904	3881439.8003164604	60
507867.47801139386	3881439.866894491	60
507867.47801139386	3881439.866894491	60
507867.53265435505	3881439.933480412	60
507867.53265435505	3881439.933480412	60
507867.58729731303	3881440.0000663335	60
507867.58729731303	3881440.0000663335	60
507867.6419402703	3881440.0666522565	60
507867.6419402703	3881440.0666522565	60
507867.7056999872	3881440.133246069	60
507867.7056999872	3881440.133246069	60
507867.75121658813	3881440.2109138644	60
507867.75121658813	3881440.2109138644	60
507867.81496670196	3881440.288597442	60
507867.81496670196	3881440.288597442	60
507867.8696000591	3881440.366273128	60
507867.8696000591	3881440.366273128	60
507867.9333405717	3881440.455046468	60
507867.9879739245	3881440.5327221556	60
507867.9879739245	3881440.5327221556	60
507868.05172403634	3881440.6104057343	60
507868.05172403634	3881440.6104057343	60
507868.05172403634	3881440.6104057343	60
507868.11547414714	3881440.6880893153	60
507868.1792242568	3881440.765772894	60
507868.1792242568	3881440.765772894	60
507868.1792242568	3881440.765772894	60
507868.2429551641	3881440.865636001	60
507868.2429551641	3881440.865636001	60
507868.3158220288	3881440.943327472	60
507868.3158220288	3881440.943327472	60
507868.37045537535	3881441.0210031625	60
507868.37045537535	3881441.0210031625	60
507868.4250983207	3881441.0875890884	60
507868.4250983207	3881441.0875890884	60
507868.48883882514	3881441.176362435	60
507868.5525889282	3881441.2540460164	60
507868.5525889282	3881441.2540460164	60
507868.5525889282	3881441.2540460164	60
507868.61633903015	3881441.3317295997	60
507868.68008912867	3881441.409413182	60
507868.68008912867	3881441.409413182	60
507868.68008912867	3881441.409413182	60
507868.74383922847	3881441.487096766	60
507868.80759892496	3881441.553690588	60
507868.80759892496	3881441.553690588	60
507868.8713394201	3881441.642463936	60
507868.8713394201	3881441.642463936	60
507868.9441966728	3881441.7312451755	60
507868.9441966728	3881441.7312451755	60
507868.9441966728	3881441.7312451755	60
507869.01708272536	3881441.786757129	60
507869.01708272536	3881441.786757129	60
507869.09907593287	3881441.8533667373	60
507869.09907593287	3881441.8533667373	60
507869.15371886786	3881441.919952669	60
507869.15371886786	3881441.919952669	60
507869.21745935705	3881442.0087260194	60
507869.21745935705	3881442.0087260194	60
507869.2811998496	3881442.09749937	60
507869.2811998496	3881442.09749937	60
507869.33584278176	3881442.1640853025	60
507869.33584278176	3881442.1640853025	60
507869.3813593563	3881442.2417531046	60
507869.3813593563	3881442.2417531046	60
507869.44511904515	3881442.3083469304	60
507869.44511904515	3881442.3083469304	60
507869.5179762846	3881442.397128176	60
507869.5179762846	3881442.397128176	60
507869.59995028074	3881442.485917314	60
507869.59995028074	3881442.485917314	60
507869.6910314297	3881442.5858041104	60
507869.6910314297	3881442.5858041104	60
507869.78211257665	3881442.6856909054	60
507869.78211257665	3881442.6856909054	60
507869.8549602107	3881442.7855619164	60
507869.8549602107	3881442.7855619164	60
507869.9460317523	3881442.8965384774	60
507869.9460317523	3881442.8965384774	60
507870.0462200446	3881443.007522932	60
507870.0462200446	3881443.007522932	60
507870.11905807134	3881443.1184837087	60
507870.11905807134	3881443.1184837087	60
507870.2010032495	3881443.24054214	60
507870.2010032495	3881443.24054214	60
507870.2920555784	3881443.3736982304	60
507870.2920555784	3881443.3736982304	60
507870.4013510162	3881443.4957803464	60
507870.4013510162	3881443.4957803464	60
507870.5015200942	3881443.6289443322	60
507870.5015200942	3881443.6289443322	60
507870.5834652626	3881443.751002768	60
507870.6836343328	3881443.8841667552	60
507870.6836343328	3881443.8841667552	60
507870.6836343328	3881443.8841667552	60
507870.76557949645	3881444.0062251925	60
507870.8566318094	3881444.1393812876	60
507870.76557949645	3881444.0062251925	60
507870.8566318094	3881444.1393812876	60
507870.9476841196	3881444.2725373846	60
507870.9476841196	3881444.2725373846	60
507871.05695072905	3881444.4278887976	60
507871.05695072905	3881444.4278887976	60
507871.16622693784	3881444.5721504483	60
507871.16622693784	3881444.5721504483	60
507871.2663767841	3881444.7274939665	60
507871.2663767841	3881444.7274939665	60
507871.3574290847	3881444.860650068	60
507871.3574290847	3881444.860650068	60
507871.44848138036	3881444.99380617	60
507871.44848138036	3881444.99380617	60
507871.5486504265	3881445.126970167	60
507871.5486504265	3881445.126970167	60
507871.63058596366	3881445.260118376	60
507871.63058596366	3881445.260118376	60
507871.71253109985	3881445.3821768234	60
507871.71253109985	3881445.3821768234	60
507871.803583385	3881445.5153329284	60
507871.803583385	3881445.5153329284	60
507871.88551891496	3881445.6484811404	60
507871.88551891496	3881445.6484811404	60
507871.9674640465	3881445.7705395888	60
507871.9674640465	3881445.7705395888	60
507872.0402924212	3881445.8925901433	60
507872.0402924212	3881445.8925901433	60
507872.1222375484	3881446.014648592	60
507872.2041922778	3881446.125617282	60
507872.1222375484	3881446.014648592	60
507872.2041922778	3881446.125617282	60
507872.2770206487	3881446.2476678384	60
507872.2770206487	3881446.2476678384	60
507872.3589753718	3881446.3586365273	60
507872.4409204882	3881446.4806949804	60
507872.3589753718	3881446.3586365273	60
507872.5228752095	3881446.591663673	60
507872.4409204882	3881446.4806949804	60
507872.5228752095	3881446.591663673	60
507872.5957035724	3881446.7137142317	60
507872.5957035724	3881446.7137142317	60
507872.6776582897	3881446.8246829235	60
507872.6776582897	3881446.8246829235	60
507872.7596130049	3881446.9356516185	60
507872.7596130049	3881446.9356516185	60
507872.83245096466	3881447.046612417	60
507872.83245096466	3881447.046612417	60
507872.914405676	3881447.1575811105	60
507872.914405676	3881447.1575811105	60
507872.9963603854	3881447.268549806	60
507872.9963603854	3881447.268549806	60
507873.096519776	3881447.4128035842	60
507873.187581626	3881447.534869941	60
507873.187581626	3881447.534869941	60
507873.187581626	3881447.534869941	60
507873.269526723	3881447.6569284024	60
507873.269526723	3881447.6569284024	60
507873.360598174	3881447.7679049983	60
507873.360598174	3881447.7679049983	60
507873.4425432666	3881447.889963461	60
507873.4425432666	3881447.889963461	60
507873.5336147108	3881448.0009400584	60
507873.5336147108	3881448.0009400584	60
507873.61555979896	3881448.1229985235	60
507873.706631241	3881448.2339751218	60
507873.706631241	3881448.2339751218	60
507873.7885282935	3881448.411482403	60
507873.7885282935	3881448.411482403	60
507873.8795420923	3881448.588997581	60
507873.8795420923	3881448.588997581	60
507873.8795420923	3881448.588997581	60
507873.9705751006	3881448.7443332346	60
507874.0616081058	3881448.8996688896	60
507874.0616081058	3881448.8996688896	60
507874.15265071456	3881449.0439147814	60
507874.15265071456	3881449.0439147814	60
507874.15265071456	3881449.0439147814	60
507874.243712534	3881449.1659811507	60
507874.243712534	3881449.1659811507	60
507874.32564799517	3881449.2991293836	60
507874.4075834516	3881449.432277618	60
507874.32564799517	3881449.2991293836	60
507874.4075834516	3881449.432277618	60
507874.4986068352	3881449.5987030393	60
507874.4986068352	3881449.5987030393	60
507874.58051346475	3881449.7651205654	60
507874.58051346475	3881449.7651205654	60
507874.6624297009	3881449.920448328	60
507874.6624297009	3881449.920448328	60
507874.7352387934	3881450.0646784306	60
507874.81716463174	3881450.208916433	60
507874.81716463174	3881450.208916433	60
507874.88997371955	3881450.353146536	60
507874.81716463174	3881450.208916433	60
507874.88997371955	3881450.353146536	60
507874.9627828027	3881450.4973766403	60
507875.03559188585	3881450.6416067467	60
507874.9627828027	3881450.4973766403	60
507875.11751771416	3881450.785844749	60
507875.11751771416	3881450.785844749	60
507875.11751771416	3881450.785844749	60
507875.1903460062	3881450.9078953313	60
507875.1903460062	3881450.9078953313	60
507875.2722814377	3881451.0410435735	60
507875.2722814377	3881451.0410435735	60
507875.3451097279	3881451.1630941555	60
507875.3451097279	3881451.1630941555	60
507875.41794762434	3881451.2740549743	60
507875.41794762434	3881451.2740549743	60
507875.4907759084	3881451.3961055577	60
507875.4907759084	3881451.3961055577	60
507875.56359458435	3881451.5292459046	60
507875.56359458435	3881451.5292459046	60
507875.63643247524	3881451.6402067267	60
507875.71835828497	3881451.7844447363	60
507875.71835828497	3881451.7844447363	60
507875.71835828497	3881451.7844447363	60
507875.8002840875	3881451.9286827478	60
507875.8002840875	3881451.9286827478	60
507875.8730931481	3881452.072912859	60
507875.8730931481	3881452.072912859	60
507875.9550189479	3881452.2171508716	60
507875.9550189479	3881452.2171508716	60
507876.0369447473	3881452.361388884	60
507876.1097634075	3881452.4945292342	60
507876.0369447473	3881452.361388884	60
507876.1097634075	3881452.4945292342	60
507876.1916891997	3881452.6387672513	60
507876.1916891997	3881452.6387672513	60
507876.28272213	3881452.794102929	60
507876.37375505496	3881452.9494386055	60
507876.37375505496	3881452.9494386055	60
507876.37375505496	3881452.9494386055	60
507876.47392393864	3881453.0826026606	60
507876.5740736024	3881453.2379462407	60
507876.5740736024	3881453.2379462407	60
507876.5740736024	3881453.2379462407	60
507876.66511612764	3881453.38219216	60
507876.66511612764	3881453.38219216	60
507876.75616825756	3881453.5153483176	60
507876.75616825756	3881453.5153483176	60
507876.856327524	3881453.659602138	60
507876.856327524	3881453.659602138	60
507876.9473700406	3881453.803848061	60
507877.0293246406	3881453.914816794	60
507877.0293246406	3881453.914816794	60
507877.0293246406	3881453.914816794	60
507877.1203767621	3881454.0479729543	60
507877.2114192682	3881454.1922188783	60
507877.2114192682	3881454.1922188783	60
507877.2114192682	3881454.1922188783	60
507877.2933546404	3881454.32536714	60
507877.2933546404	3881454.32536714	60
507877.384406754	3881454.4585233037	60
507877.384406754	3881454.4585233037	60
507877.46633251046	3881454.6027613305	60
507877.46633251046	3881454.6027613305	60
507877.55737500783	3881454.7470072582	60
507877.64843672194	3881454.869073661	60
507877.64843672194	3881454.869073661	60
507877.64843672194	3881454.869073661	60
507877.73037208157	3881455.0022219275	60
507877.73037208157	3881455.0022219275	60
507877.82140495954	3881455.1575576216	60
507877.82140495954	3881455.1575576216	60
507877.8942139575	3881455.301787751	60
507877.8942139575	3881455.301787751	60
507877.9852564434	3881455.446033683	60
507877.9852564434	3881455.446033683	60
507878.0580654364	3881455.590263814	60
507878.0580654364	3881455.590263814	60
507878.14000078355	3881455.7234120844	60
507878.2219169026	3881455.878739881	60
507878.2219169026	3881455.878739881	60
507878.2219169026	3881455.878739881	60
507878.3038522447	3881456.011888152	60
507878.3038522447	3881456.011888152	60
507878.3766612304	3881456.156118285	60
507878.3766612304	3881456.156118285	60
507878.4768108276	3881456.311461888	60
507878.4768108276	3881456.311461888	60
507878.57696042146	3881456.4668054916	60
507878.67710039724	3881456.63323886	60
507878.57696042146	3881456.4668054916	60
507878.67710039724	3881456.63323886	60
507878.7772595988	3881456.777492702	60
507878.7772595988	3881456.777492702	60
507878.87740918	3881456.932836309	60
507878.97755876003	3881457.0881799166	60
507878.87740918	3881456.932836309	60
507878.97755876003	3881457.0881799166	60
507879.05947485473	3881457.2435077205	60
507879.05947485473	3881457.2435077205	60
507879.1414101722	3881457.376656	60
507879.1414101722	3881457.376656	60
507879.23244300217	3881457.5319917095	60
507879.23244300217	3881457.5319917095	60
507879.31434947543	3881457.698409279	60
507879.4053822969	3881457.8537449907	60
507879.31434947543	3881457.698409279	60
507879.4964151176	3881458.009080701	60
507879.4053822969	3881457.8537449907	60
507879.4964151176	3881458.009080701	60
507879.5874575485	3881458.1533266506	60
507879.5874575485	3881458.1533266506	60
507879.6693832365	3881458.2975646975	60
507879.74219218217	3881458.441794843	60
507879.6693832365	3881458.2975646975	60
507879.74219218217	3881458.441794843	60
507879.8241274788	3881458.5749431285	60
507879.89692680375	3881458.730263037	60
507879.8241274788	3881458.5749431285	60
507879.89692680375	3881458.730263037	60
507879.9697357423	3881458.8744931845	60
507879.9697357423	3881458.8744931845	60
507880.0516518015	3881459.0298209987	60
507880.0516518015	3881459.0298209987	60
507880.1335774743	3881459.174059049	60
507880.1335774743	3881459.174059049	60
507880.2063864055	3881459.3182891984	60
507880.2063864055	3881459.3182891984	60
507880.2883120709	3881459.4625272523	60
507880.2883120709	3881459.4625272523	60
507880.36112099735	3881459.6067574015	60
507880.36112099735	3881459.6067574015	60
507880.4430370456	3881459.762085218	60
507880.4430370456	3881459.762085218	60
507880.53407944384	3881459.906331178	60
507880.53407944384	3881459.906331178	60
507880.62511222454	3881460.0616669017	60
507880.62511222454	3881460.0616669017	60
507880.70703787653	3881460.205904959	60
507880.807197004	3881460.3501588255	60
507880.807197004	3881460.3501588255	60
507880.807197004	3881460.3501588255	60
507880.8891226528	3881460.4943968845	60
507880.9710579141	3881460.627545181	60
507880.9710579141	3881460.627545181	60
507880.9710579141	3881460.627545181	60
507881.04387643543	3881460.7606855733	60
507881.12581169204	3881460.8938338705	60
507881.04387643543	3881460.7606855733	60
507881.2168540681	3881461.0380798373	60
507881.12581169204	3881460.8938338705	60
507881.2168540681	3881461.0380798373	60
507881.2987700864	3881461.1934076627	60
507881.380705333	3881461.3265559627	60
507881.380705333	3881461.3265559627	60
507881.380705333	3881461.3265559627	60
507881.4626309639	3881461.4707940277	60
507881.5445469764	3881461.6261218553	60
507881.5445469764	3881461.6261218553	60
507881.5445469764	3881461.6261218553	60
507881.62647260196	3881461.770359921	60
507881.7083982249	3881461.914597988	60
507881.7083982249	3881461.914597988	60
507881.7083982249	3881461.914597988	60
507881.7903334613	3881462.0477462914	60
507881.88137581287	3881462.1919922642	60
507881.88137581287	3881462.1919922642	60
507881.88137581287	3881462.1919922642	60
507881.97241816384	3881462.336238239	60
507881.97241816384	3881462.336238239	60
507882.05433415977	3881462.4915660713	60
507882.14537650504	3881462.635812048	60
507882.14537650504	3881462.635812048	60
507882.14537650504	3881462.635812048	60
507882.2273021119	3881462.780050119	60
507882.2273021119	3881462.780050119	60
507882.3092373329	3881462.913198428	60
507882.39116293465	3881463.0574365016	60
507882.3092373329	3881462.913198428	60
507882.39116293465	3881463.0574365016	60
507882.48220526654	3881463.2016824805	60
507882.57325721486	3881463.3348386977	60
507882.57325721486	3881463.3348386977	60
507882.6551924257	3881463.4679870103	60
507882.6551924257	3881463.4679870103	60
507882.74624436884	3881463.6011432298	60
507882.74624436884	3881463.6011432298	60
507882.74624436884	3881463.6011432298	60
507882.82817957475	3881463.7342915437	60
507882.910114776	3881463.867439858	60
507882.910114776	3881463.867439858	60
507882.9920499748	3881464.000588174	60
507882.9920499748	3881464.000588174	60
507882.9920499748	3881464.000588174	60
507883.07399479114	3881464.1226467257	60
507883.15592036984	3881464.2668848066	60
507883.15592036984	3881464.2668848066	60
507883.15592036984	3881464.2668848066	60
507883.23785556376	3881464.400033124	60
507883.23785556376	3881464.400033124	60
507883.31980037317	3881464.5220916793	60
507883.31980037317	3881464.5220916793	60
507883.3926188288	3881464.6552320924	60
507883.3926188288	3881464.6552320924	60
507883.47455401573	3881464.788380412	60
507883.47455401573	3881464.788380412	60
507883.55649881385	3881464.910438969	60
507883.55649881385	3881464.910438969	60
507883.6384243778	3881465.054677054	60
507883.6384243778	3881465.054677054	60
507883.7203691759	3881465.1767356135	60
507883.7203691759	3881465.1767356135	60
507883.8022947348	3881465.3209736985	60
507883.8022947348	3881465.3209736985	60
507883.87511317694	3881465.454114116	60
507883.87511317694	3881465.454114116	60
507883.95703873085	3881465.598352204	60
507884.03898351744	3881465.7204107647	60
507884.03898351744	3881465.7204107647	60
507884.03898351744	3881465.7204107647	60
507884.1209186853	3881465.853559091	60
507884.1209186853	3881465.853559091	60
507884.20285385073	3881465.9867074173	60
507884.20285385073	3881465.9867074173	60
507884.28478901373	3881466.1198557448	60
507884.28478901373	3881466.1198557448	60
507884.3576170616	3881466.2419064026	60
507884.3576170616	3881466.2419064026	60
507884.4577568234	3881466.408339838	60
507884.53056562773	3881466.552570023	60
507884.53056562773	3881466.552570023	60
507884.61250078084	3881466.685718353	60
507884.61250078084	3881466.685718353	60
507884.61250078084	3881466.685718353	60
507884.6853095782	3881466.8299485394	60
507884.6853095782	3881466.8299485394	60
507884.7672351068	3881466.974186635	60
507884.7672351068	3881466.974186635	60
507884.8309367904	3881467.107319151	60
507884.91287193407	3881467.2404674846	60
507884.8309367904	3881467.107319151	60
507884.91287193407	3881467.2404674846	60
507884.98568072217	3881467.3846976724	60
507884.98568072217	3881467.3846976724	60
507885.08583970467	3881467.5289515886	60
507885.08583970467	3881467.5289515886	60
507885.15864848776	3881467.673181779	60
507885.15864848776	3881467.673181779	60
507885.2497003496	3881467.8063380253	60
507885.2497003496	3881467.8063380253	60
507885.3316258604	3881467.950576125	60
507885.3316258604	3881467.950576125	60
507885.4135513686	3881468.094814227	60
507885.4135513686	3881468.094814227	60
507885.4954864948	3881468.2279625665	60
507885.5865383484	3881468.3611188135	60
507885.4954864948	3881468.2279625665	60
507885.5865383484	3881468.3611188135	60
507885.6684734697	3881468.4942671545	60
507885.6684734697	3881468.4942671545	60
507885.7504085885	3881468.6274154964	60
507885.7504085885	3881468.6274154964	60
507885.8414508111	3881468.77166151	60
507885.8414508111	3881468.77166151	60
507885.9233666826	3881468.9269893803	60
507885.9233666826	3881468.9269893803	60
507886.00531141507	3881469.049047961	60
507886.00531141507	3881469.049047961	60
507886.0781297926	3881469.182188396	60
507886.0781297926	3881469.182188396	60
507886.1600552778	3881469.326426504	60
507886.1600552778	3881469.326426504	60
507886.2419903819	3881469.4595748493	60
507886.2419903819	3881469.4595748493	60
507886.32393510523	3881469.5816334332	60
507886.32393510523	3881469.5816334332	60
507886.39674385445	3881469.725863634	60
507886.39674385445	3881469.725863634	60
507886.4786789491	3881469.8590119835	60
507886.4786789491	3881469.8590119835	60
507886.569730772	3881469.992168242	60
507886.569730772	3881469.992168242	60
507886.64252988965	3881470.1474882076	60
507886.64252988965	3881470.1474882076	60
507886.72446497926	3881470.2806365583	60
507886.72446497926	3881470.2806365583	60
507886.8063904443	3881470.424874672	60
507886.8063904443	3881470.424874672	60
507886.879199179	3881470.5691048787	60
507886.96113426134	3881470.7022532304	60
507886.96113426134	3881470.7022532304	60
507886.96113426134	3881470.7022532304	60
507887.04305971647	3881470.8464913466	60
507887.04305971647	3881470.8464913466	60
507887.1249947939	3881470.9796397006	60
507887.1249947939	3881470.9796397006	60
507887.2069298689	3881471.1127880556	60
507887.2069298689	3881471.1127880556	60
507887.2888649415	3881471.2459364114	60
507887.2888649415	3881471.2459364114	60
507887.3708000094	3881471.3790847673	60
507887.3708000094	3881471.3790847673	60
507887.4527350772	3881471.5122331255	60
507887.4527350772	3881471.5122331255	60
507887.53468938876	3881471.623201957	60
507887.6075077232	3881471.7563424045	60
507887.6075077232	3881471.7563424045	60
507887.6075077232	3881471.7563424045	60
507887.6803260578	3881471.889482854	60
507887.6803260578	3881471.889482854	60
507887.75314439024	3881472.0226233024	60
507887.75314439024	3881472.0226233024	60
507887.8350794466	3881472.155771663	60
507887.91701449826	3881472.288920026	60
507887.91701449826	3881472.288920026	60
507887.91701449826	3881472.288920026	60
507887.99894954986	3881472.4220683877	60
507888.0808942228	3881472.544126987	60
507888.0808942228	3881472.544126987	60
507888.1628292696	3881472.6772753517	60
507888.1628292696	3881472.6772753517	60
507888.2447739357	3881472.799333953	60
507888.2447739357	3881472.799333953	60
507888.2447739357	3881472.799333953	60
507888.3267186019	3881472.921392555	60
507888.3267186019	3881472.921392555	60
507888.3995369166	3881473.054533009	60
507888.3995369166	3881473.054533009	60
507888.4814815761	3881473.176591614	60
507888.563406987	3881473.3208297435	60
507888.563406987	3881473.3208297435	60
507888.563406987	3881473.3208297435	60
507888.6453516442	3881473.4428883498	60
507888.72729629924	3881473.5649469555	60
507888.72729629924	3881473.5649469555	60
507888.72729629924	3881473.5649469555	60
507888.8092313274	3881473.6980953244	60
507888.90030232474	3881473.8090720824	60
507888.8092313274	3881473.6980953244	60
507888.90030232474	3881473.8090720824	60
507888.9822373481	3881473.942220453	60
507888.9822373481	3881473.942220453	60
507889.0732987182	3881474.064286975	60
507889.0732987182	3881474.064286975	60
507889.1552337368	3881474.1974353488	60
507889.1552337368	3881474.1974353488	60
507889.246295102	3881474.319501873	60
507889.3282301157	3881474.452650248	60
507889.3282301157	3881474.452650248	60
507889.3282301157	3881474.452650248	60
507889.41930109914	3881474.5636270093	60
507889.41930109914	3881474.5636270093	60
507889.50124573364	3881474.685685622	60
507889.50124573364	3881474.685685622	60
507889.59231671493	3881474.796662386	60
507889.59231671493	3881474.796662386	60
507889.6833973197	3881474.896549388	60
507889.6833973197	3881474.896549388	60
507889.7744682967	3881475.007526153	60
507889.7744682967	3881475.007526153	60
507889.8655296431	3881475.129592683	60
507889.8655296431	3881475.129592683	60
507889.95661024156	3881475.2294796864	60
507889.95661024156	3881475.2294796864	60
507890.04767158563	3881475.351546218	60
507890.04767158563	3881475.351546218	60
507890.1478689026	3881475.4514411385	60
507890.2480662174	3881475.551336059	60
507890.1478689026	3881475.4514411385	60
507890.2480662174	3881475.551336059	60
507890.33915643394	3881475.640133303	60
507890.4484800937	3881475.728946377	60
507890.4484800937	3881475.728946377	60
507890.4484800937	3881475.728946377	60
507890.55781337805	3881475.806669689	60
507890.55781337805	3881475.806669689	60
507890.67624412896	3881475.9065804416	60
507890.67624412896	3881475.9065804416	60
507890.7946845044	3881475.9954014337	60
507890.7946845044	3881475.9954014337	60
507890.88578433834	3881476.073108921	60
507890.88578433834	3881476.073108921	60
507890.99510798755	3881476.161922001	60
507891.0953149103	3881476.2507271674	60
507890.99510798755	3881476.161922001	60
507891.0953149103	3881476.2507271674	60
507891.2046385576	3881476.33954025	60
507891.2046385576	3881476.33954025	60
507891.29572875693	3881476.4283375037	60
507891.29572875693	3881476.4283375037	60
507891.3959356738	3881476.517142675	60
507891.3959356738	3881476.517142675	60
507891.49616184924	3881476.5837683193	60
507891.59639764903	3881476.6393042007	60
507891.49616184924	3881476.5837683193	60
507891.59639764903	3881476.6393042007	60
507891.6966334452	3881476.6948400843	60
507891.6966334452	3881476.6948400843	60
507891.79687887087	3881476.7392862057	60
507891.79687887087	3881476.7392862057	60
507891.8971242978	3881476.7837323267	60
507891.8971242978	3881476.7837323267	60
507891.9973600906	3881476.8392682145	60
507891.9973600906	3881476.8392682145	60
507892.19782205066	3881476.9614297543	60
507892.2980770975	3881476.994786118	60
507892.19782205066	3881476.9614297543	60
507892.2980770975	3881476.994786118	60
507892.3983225169	3881477.0392322447	60
507892.3983225169	3881477.0392322447	60
507892.49860645196	3881477.03931932	60
507892.49860645196	3881477.03931932	60
507892.6079878496	3881477.0615938413	60
507892.6079878496	3881477.0615938413	60
507892.71738850564	3881477.061688835	60
507892.71738850564	3881477.061688835	60
507892.8267795321	3881477.072873594	60
507892.8267795321	3881477.072873594	60
507892.9270442051	3881477.095140201	60
507892.9270442051	3881477.095140201	60
507893.0182306781	3881477.0730398386	60
507893.0182306781	3881477.0730398386	60
507893.11851461517	3881477.0731269205	60
507893.11851461517	3881477.0731269205	60
507893.20970108884	3881477.05102656	60
507893.20970108884	3881477.05102656	60
507893.30087793054	3881477.0400159624	60
507893.30087793054	3881477.0400159624	60
507893.3829476838	3881477.017907689	60
507893.3829476838	3881477.017907689	60
507893.4650078071	3881477.0068891775	60
507893.4650078071	3881477.0068891775	60
507893.5470679307	3881476.9958706675	60
507893.5470679307	3881476.9958706675	60
507893.6291184215	3881476.9959419216	60
507893.6291184215	3881476.9959419216	60
507893.70207145484	3881476.9738257304	60
507893.70207145484	3881476.9738257304	60
507893.79322903865	3881476.984994667	60
507893.79322903865	3881476.984994667	60
507893.8661917033	3881476.951788717	60
507893.8661917033	3881476.951788717	60
507893.9482710897	3881476.9185906826	60
507894.021224122	3881476.8964744946	60
507893.9482710897	3881476.9185906826	60
507894.0941482637	3881476.907627599	60
507894.0941482637	3881476.907627599	60
507894.0941482637	3881476.907627599	60
507894.1670820364	3881476.9076909395	60
507894.1670820364	3881476.9076909395	60
507894.2400254381	3881476.896664518	60
507894.2400254381	3881476.896664518	60
507894.3129688422	3881476.885638098	60
507894.3129688422	3881476.885638098	60
507894.3859122466	3881476.874611677	60
507894.3859122466	3881476.874611677	60
507894.45884601725	3881476.874675021	60
507894.45884601725	3881476.874675021	60
507894.50445851876	3881476.84144532	60
507894.50445851876	3881476.84144532	60
507894.5682852023	3881476.8304109825	60
507894.5682852023	3881476.8304109825	60
507894.6230047941	3881476.8082789658	60
507894.6230047941	3881476.8082789658	60
507894.6777243885	3881476.786146946	60
507894.6777243885	3881476.786146946	60
507894.7233368912	3881476.7529172488	60
507894.7233368912	3881476.7529172488	60
507894.7689590286	3881476.708597785	60
507894.7689590286	3881476.708597785	60
507894.8145715344	3881476.6753680874	60
507894.85106731433	3881476.6421304694	60
507894.85106731433	3881476.6421304694	60
507894.85106731433	3881476.6421304694	60
507894.90577728045	3881476.631088217	60
507894.9513897848	3881476.5978585193	60
507894.90577728045	3881476.631088217	60
507894.9513897848	3881476.5978585193	60
507895.0152068361	3881476.5979139484	60
507895.0152068361	3881476.5979139484	60
507895.0790238897	3881476.597969378	60
507895.0790238897	3881476.597969378	60
507895.1428602057	3881476.575845281	60
507895.1428602057	3881476.575845281	60
507895.197570168	3881476.564803031	60
507895.2796206651	3881476.5648742993	60
507895.197570168	3881476.564803031	60
507895.2796206651	3881476.5648742993	60
507895.3343306299	3881476.553832049	60
507895.3343306299	3881476.553832049	60
507895.38903096213	3881476.5538795623	60
507895.38903096213	3881476.5538795623	60
507895.461984001	3881476.5317633855	60
507895.461984001	3881476.5317633855	60
507895.53492740955	3881476.5207369756	60
507895.59875409666	3881476.509702644	60
507895.59875409666	3881476.509702644	60
507895.59875409666	3881476.509702644	60
507895.63523061643	3881476.498644558	60
507895.63523061643	3881476.498644558	60
507895.689930949	3881476.498692073	60
507895.689930949	3881476.498692073	60
507895.7628743559	3881476.4876656635	60
507895.7628743559	3881476.4876656635	60
507895.83580813196	3881476.487729018	60
507895.83580813196	3881476.487729018	60
507895.9178682631	3881476.4767105295	60
507895.9178682631	3881476.4767105295	60
507895.9999380279	3881476.454602278	60
507895.9999380279	3881476.454602278	60
507896.08199815726	3881476.44358379	60
507896.08199815726	3881476.44358379	60
507896.154941565	3881476.4325573836	60
507896.154941565	3881476.4325573836	60
507896.2187778895	3881476.410433295	60
507896.2187778895	3881476.410433295	60
507896.3008187542	3881476.4215943366	60
507896.3008187542	3881476.4215943366	60
507896.3828788842	3881476.410575852	60
507896.4558319266	3881476.3884596834	60
507896.4558319266	3881476.3884596834	60
507896.4558319266	3881476.3884596834	60
507896.5378920594	3881476.3774412004	60
507896.5378920594	3881476.3774412004	60
507896.6108354706	3881476.3664147975	60
507896.6928956038	3881476.355396316	60
507896.6108354706	3881476.3664147975	60
507896.6928956038	3881476.355396316	60
507896.76585828175	3881476.3221903876	60
507896.76585828175	3881476.3221903876	60
507896.83881132817	3881476.300074223	60
507896.83881132817	3881476.300074223	60
507896.9208907314	3881476.2668762156	60
507896.9208907314	3881476.2668762156	60
507896.99386304786	3881476.2225805265	60
507896.99386304786	3881476.2225805265	60
507897.0668160933	3881476.200464365	60
507897.0668160933	3881476.200464365	60
507897.14889549825	3881476.16726636	60
507897.14889549825	3881476.16726636	60
507897.2218581817	3881476.1340604355	60
507897.2218581817	3881476.1340604355	60
507897.3039472229	3881476.089772668	60
507897.3039472229	3881476.089772668	60
507897.37691954034	3881476.0454769824	60
507897.37691954034	3881476.0454769824	60
507897.4498725904	3881476.023360822	60
507897.53195199836	3881475.990162822	60
507897.53195199836	3881475.990162822	60
507897.53195199836	3881475.990162822	60
507897.60490504926	3881475.9680466633	60
507897.60490504926	3881475.9680466633	60
507897.67785809824	3881475.9459305066	60
507897.75081114983	3881475.92381435	60
507897.75081114983	3881475.92381435	60
507897.75081114983	3881475.92381435	60
507897.82375456614	3881475.9127879557	60
507897.89670761605	3881475.890671799	60
507897.89670761605	3881475.890671799	60
507897.89670761605	3881475.890671799	60
507897.9696606687	3881475.868555645	60
507898.0426040857	3881475.857529254	60
507898.0426040857	3881475.857529254	60
507898.0426040857	3881475.857529254	60
507898.11554750055	3881475.8465028633	60
507898.11554750055	3881475.8465028633	60
507898.18849091796	3881475.8354764725	60
507898.2614343355	3881475.824450083	60
507898.18849091796	3881475.8354764725	60
507898.2614343355	3881475.824450083	60
507898.3252706648	3881475.8023260096	60
507898.3252706648	3881475.8023260096	60
507898.4073308052	3881475.791307543	60
507898.4802838599	3881475.7691913918	60
507898.4073308052	3881475.791307543	60
507898.4802838599	3881475.7691913918	60
507898.5441201901	3881475.7470673197	60
507898.5441201901	3881475.7470673197	60
507898.6261803313	3881475.7360488554	60
507898.6991141134	3881475.7361122323	60
507898.6991141134	3881475.7361122323	60
507898.6991141134	3881475.7361122323	60
507898.7720575301	3881475.725085847	60
507898.7720575301	3881475.725085847	60
507898.84499131236	3881475.7251492254	60
507898.9179347316	3881475.7141228407	60
507898.84499131236	3881475.7251492254	60
507898.9179347316	3881475.7141228407	60
507898.9908685116	3881475.71418622	60
507899.0729190165	3881475.714257523	60
507898.9908685116	3881475.71418622	60
507899.1458431615	3881475.7254106686	60
507899.1458431615	3881475.7254106686	60
507899.2187769415	3881475.72547405	60
507899.2187769415	3881475.72547405	60
507899.2917107237	3881475.7255374324	60
507899.2917107237	3881475.7255374324	60
507899.3646348684	3881475.736690578	60
507899.3646348684	3881475.736690578	60
507899.43756864825	3881475.7367539615	60
507899.43756864825	3881475.7367539615	60
507899.43756864825	3881475.7367539615	60
507899.51961915294	3881475.7368252687	60
507899.51961915294	3881475.7368252687	60
507899.5925432973	3881475.7479784163	60
507899.5925432973	3881475.7479784163	60
507899.66547707934	3881475.7480418016	60
507899.66547707934	3881475.7480418016	60
507899.7475275816	3881475.74811311	60
507899.7475275816	3881475.74811311	60
507899.8204709994	3881475.7370867333	60
507899.8204709994	3881475.7370867333	60
507899.8934144198	3881475.726060357	60
507899.8934144198	3881475.726060357	60
507899.966348202	3881475.7261237446	60
507899.966348202	3881475.7261237446	60
507900.039281982	3881475.7261871328	60
507900.1122254027	3881475.7151607573	60
507900.039281982	3881475.7261871328	60
507900.1122254027	3881475.7151607573	60
507900.18515918736	3881475.7152241464	60
507900.18515918736	3881475.7152241464	60
507900.25809296506	3881475.7152875364	60
507900.3310267474	3881475.715350927	60
507900.25809296506	3881475.7152875364	60
507900.3310267474	3881475.715350927	60
507900.4039605321	3881475.715414318	60
507900.4039605321	3881475.715414318	60
507900.4677775896	3881475.7154697855	60
