507841.531977246	3881302.1538922656	120
507841.531977246	3881302.1538922656	120
507841.5319868124	3881302.1428025058	120
507841.5319868124	3881302.1428025058	120
507841.53199637885	3881302.131712746	120
507841.53199637885	3881302.131712746	120
507841.52287948236	3881302.1317048813	120
507841.52287948236	3881302.1317048813	120
507841.28607932205	3881301.8542563943	120
507841.28607932205	3881301.8542563943	120
507841.20418030524	3881301.6767494488	120
507841.140409854	3881301.6212455975	120
507841.20418030524	3881301.6767494488	120
507841.140409854	3881301.6212455975	120
507841.0766489702	3881301.554651986	120
507841.0128880831	3881301.488058375	120
507841.0766489702	3881301.554651986	120
507840.9400103002	3881301.421456901	120
507840.9400103002	3881301.421456901	120
507840.78513782925	3881301.2882460887	120
507840.78513782925	3881301.2882460887	120
507840.61202199577	3881301.1661093133	120
507840.78513782925	3881301.2882460887	120
507840.43890615535	3881301.043972541	120
507840.61202199577	3881301.1661093133	120
507840.43890615535	3881301.043972541	120
507840.3660187997	3881300.988460832	120
507840.3660187997	3881300.988460832	120
507840.28403367294	3881300.9107617387	120
507840.28403367294	3881300.9107617387	120
507840.12917074835	3881300.7664611777	120
507840.12917074835	3881300.7664611777	120
507840.03807828424	3881300.6776644634	120
507839.94696669164	3881300.6110472702	120
507839.94696669164	3881300.6110472702	120
507839.94696669164	3881300.6110472702	120
507839.85585509543	3881300.5444300794	120
507839.85585509543	3881300.5444300794	120
507839.7647434979	3881300.4778128886	120
507839.7647434979	3881300.4778128886	120
507839.682739233	3881300.4222933217	120
507839.682739233	3881300.4222933217	120
507839.51875939226	3881300.2779849097	120
507839.51875939226	3881300.2779849097	120
507839.3456722138	3881300.122578876	120
507839.3456722138	3881300.122578876	120
507839.24545327335	3881300.0448640687	120
507839.1452343335	3881299.967149262	120
507839.1452343335	3881299.967149262	120
507839.1452343335	3881299.967149262	120
507839.03589848854	3881299.889426593	120
507839.03589848854	3881299.889426593	120
507838.9265530831	3881299.8227936886	120
507838.9265530831	3881299.8227936886	120
507838.8080907726	3881299.756152921	120
507838.8080907726	3881299.756152921	120
507838.5985264108	3881299.611805215	120
507838.5985264108	3881299.611805215	120
507838.4892001242	3881299.522992793	120
507838.4892001242	3881299.522992793	120
507838.3707569317	3881299.4341725116	120
507838.3707569317	3881299.4341725116	120
507838.26144020096	3881299.3342703315	120
507838.26144020096	3881299.3342703315	120
507838.1429874438	3881299.256539813	120
507838.0154273473	3881299.167711675	120
507838.0154273473	3881299.167711675	120
507838.0154273473	3881299.167711675	120
507837.89697458583	3881299.0899811597	120
507837.89697458583	3881299.0899811597	120
507837.6691859566	3881298.934527994	120
507837.5507331868	3881298.856797483	120
507837.6691859566	3881298.934527994	120
507837.5507331868	3881298.856797483	120
507837.4231635175	3881298.7790591125	120
507837.4231635175	3881298.7790591125	120
507837.27736960736	3881298.6902152654	120
507837.27736960736	3881298.6902152654	120
507837.1497999334	3881298.612476899	120
507837.1497999334	3881298.612476899	120
507837.0313375941	3881298.545836156	120
507837.0313375941	3881298.545836156	120
507836.9128561338	3881298.501374934	120
507836.9128561338	3881298.501374934	120
507836.67590277025	3881298.4013627353	120
507836.67590277025	3881298.4013627353	120
507836.5665286463	3881298.3679991383	120
507836.5665286463	3881298.3679991383	120
507836.4480567416	3881298.312448164	120
507836.3204679351	3881298.2568893293	120
507836.4480567416	3881298.312448164	120
507836.3204679351	3881298.2568893293	120
507836.2019960275	3881298.2013383573	120
507836.2019960275	3881298.2013383573	120
507836.07441677543	3881298.1346897664	120
507836.07441677543	3881298.1346897664	120
507835.9468375238	3881298.0680411784	120
507835.81925827026	3881298.0013925927	120
507835.9468375238	3881298.0680411784	120
507835.7007959179	3881297.934751866	120
507835.81925827026	3881298.0013925927	120
507835.57321665843	3881297.8681032825	120
507835.57321665843	3881297.8681032825	120
507835.57321665843	3881297.8681032825	120
507835.4547638592	3881297.7903728	120
507835.4547638592	3881297.7903728	120
507835.33629194024	3881297.734821839	120
507835.33629194024	3881297.734821839	120
507835.21782957856	3881297.6681811195	120
507835.21782957856	3881297.6681811195	120
507835.1175914586	3881297.612645876	120
507835.01735333743	3881297.5571106365	120
507835.1175914586	3881297.612645876	120
507834.92622255784	3881297.512673015	120
507834.92622255784	3881297.512673015	120
507834.92622255784	3881297.512673015	120
507834.8533351379	3881297.4571613506	120
507834.8533351379	3881297.4571613506	120
507834.7895550624	3881297.4127473035	120
507834.7895550624	3881297.4127473035	120
507834.7348918853	3881297.368341116	120
507834.7348918853	3881297.368341116	120
507834.6802191519	3881297.335024688	120
507834.6802191519	3881297.335024688	120
507834.63465375913	3881297.3128058794	120
507834.63465375913	3881297.3128058794	120
507834.5982148277	3881297.2795051686	120
507834.5982148277	3881297.2795051686	120
507834.5708736816	3881297.268391835	120
507834.5344443076	3881297.224001363	120
507834.5344443076	3881297.224001363	120
507834.5344443076	3881297.224001363	120
507834.525346522	3881297.201813984	120
507834.525346522	3881297.201813984	120
507834.49801493104	3881297.1796108917	120
507834.49801493104	3881297.1796108917	120
507834.4615664408	3881297.157399941	120
507834.4615664408	3881297.157399941	120
507834.4251179481	3881297.135188991	120
507834.4251179481	3881297.135188991	120
507834.3886599021	3881297.1240678006	120
507834.3886599021	3881297.1240678006	120
507834.3522114091	3881297.1018568496	120
507834.3522114091	3881297.1018568496	120
507834.2884313264	3881297.057442808	120
507834.2884313264	3881297.057442808	120
507834.2519923904	3881297.0241420977	120
507834.2519923904	3881297.0241420977	120
507834.2155439012	3881297.001931148	120
507834.2155439012	3881297.001931148	120
507834.1882218664	3881296.9686382944	120
507834.1882218664	3881296.9686382944	120
507834.17000718025	3881296.9464430604	120
507834.17000718025	3881296.9464430604	120
507834.1426755877	3881296.924239968	120
507834.124460899	3881296.9020447326	120
507834.124460899	3881296.9020447326	120
507834.124460899	3881296.9020447326	120
507834.0606808138	3881296.857630693	120
507834.0606808138	3881296.857630693	120
507834.0151154194	3881296.8354118867	120
507833.96044267784	3881296.802095464	120
507833.96044267784	3881296.802095464	120
507833.96044267784	3881296.802095464	120
507833.8966434769	3881296.779860944	120
507833.8966434769	3881296.779860944	120
507833.8237369331	3881296.746528808	120
507833.8237369331	3881296.746528808	120
507833.7417230415	3881296.7020990546	120
507833.7417230415	3881296.7020990546	120
507833.5503541064	3881296.602126224	120
507833.4501159646	3881296.5465909997	120
507833.4501159646	3881296.5465909997	120
507833.3589947259	3881296.491063634	120
507833.3589947259	3881296.491063634	120
507833.3589947259	3881296.491063634	120
507833.2678734839	3881296.435536269	120
507833.2678734839	3881296.435536269	120
507833.16763533844	3881296.3800010495	120
507833.16763533844	3881296.3800010495	120
507833.0673876357	3881296.3355555907	120
507833.0673876357	3881296.3355555907	120
507832.96714948793	3881296.280020372	120
507832.96714948793	3881296.280020372	120
507832.8760186855	3881296.235582772	120
507832.8760186855	3881296.235582772	120
507832.67554238427	3881296.1245123427	120
507832.67554238427	3881296.1245123427	120
507832.57530423184	3881296.0689771282	120
507832.57530423184	3881296.0689771282	120
507832.46595873084	3881296.0023442996	120
507832.46595873084	3881296.0023442996	120
507832.3566036731	3881295.946801233	120
507832.3566036731	3881295.946801233	120
507832.247248614	3881295.891258169	120
507832.12878620566	3881295.8246174897	120
507832.247248614	3881295.891258169	120
507832.0012068928	3881295.7579689566	120
507832.12878620566	3881295.8246174897	120
507832.0012068928	3881295.7579689566	120
507831.7733894159	3881295.635785221	120
507831.7733894159	3881295.635785221	120
507831.65493655513	3881295.5580547876	120
507831.65493655513	3881295.5580547876	120
507831.5364836901	3881295.4803243554	120
507831.41802127124	3881295.413683685	120
507831.41802127124	3881295.413683685	120
507831.299558853	3881295.3470430174	120
507831.41802127124	3881295.413683685	120
507831.299558853	3881295.3470430174	120
507831.19021333166	3881295.280410204	120
507831.19021333166	3881295.280410204	120
507831.0626340043	3881295.213761684	120
507831.0626340043	3881295.213761684	120
507830.953288482	3881295.147128875	120
507830.953288482	3881295.147128875	120
507830.8348165011	3881295.091577973	120
507830.7072371685	3881295.024929459	120
507830.7072371685	3881295.024929459	120
507830.7072371685	3881295.024929459	120
507830.58877473534	3881294.9582888	120
507830.58877473534	3881294.9582888	120
507830.4611954013	3881294.8916402883	120
507830.4611954013	3881294.8916402883	120
507830.324499157	3881294.824983927	120
507830.1969198169	3881294.758335418	120
507830.324499157	3881294.824983927	120
507830.1969198169	3881294.758335418	120
507830.05110666703	3881294.691671207	120
507830.05110666703	3881294.691671207	120
507829.78685017495	3881294.536186829	120
507829.78685017495	3881294.536186829	120
507829.52259367617	3881294.380702456	120
507829.39503342716	3881294.291874441	120
507829.39503342716	3881294.291874441	120
507829.39503342716	3881294.291874441	120
507829.2583467198	3881294.2141283345	120
507829.1307769122	3881294.136390081	120
507829.1307769122	3881294.136390081	120
507828.9940902003	3881294.058643979	120
507828.9940902003	3881294.058643979	120
507828.857403486	3881293.980897877	120
507828.857403486	3881293.980897877	120
507828.857403486	3881293.980897877	120
507828.72070721857	3881293.91424154	120
507828.60225430934	3881293.8365111467	120
507828.60225430934	3881293.8365111467	120
507828.46556758607	3881293.7587650516	120
507828.46556758607	3881293.7587650516	120
507828.32888086274	3881293.68101896	120
507828.32888086274	3881293.68101896	120
507828.1921941371	3881293.603272868	120
507828.1921941371	3881293.603272868	120
507828.1921941371	3881293.603272868	120
507828.06461476424	3881293.5366243906	120
507828.06461476424	3881293.5366243906	120
507827.92792803183	3881293.4588783043	120
507827.92792803183	3881293.4588783043	120
507827.65455456235	3881293.303386138	120
507827.65455456235	3881293.303386138	120
507827.5269847307	3881293.2256479072	120
507827.5269847307	3881293.2256479072	120
507827.3994148968	3881293.147909681	120
507827.26272815524	3881293.0701636034	120
507827.26272815524	3881293.0701636034	120
507827.1260509601	3881292.981327768	120
507827.1260509601	3881292.981327768	120
507827.1260509601	3881292.981327768	120
507826.98936421366	3881292.903581696	120
507826.98936421366	3881292.903581696	120
507826.8526774626	3881292.8258356256	120
507826.7068738033	3881292.7480817083	120
507826.7068738033	3881292.7480817083	120
507826.5701870498	3881292.670335642	120
507826.5701870498	3881292.670335642	120
507826.4335098419	3881292.5814998173	120
507826.4335098419	3881292.5814998173	120
507826.4335098419	3881292.5814998173	120
507826.29682308354	3881292.5037537557	120
507826.1601458705	3881292.4149179365	120
507826.1601458705	3881292.4149179365	120
507826.0234591073	3881292.337171877	120
507826.0234591073	3881292.337171877	120
507825.88678188913	3881292.2483360623	120
507825.88678188913	3881292.2483360623	120
507825.7592120252	3881292.1705978573	120
507825.7592120252	3881292.1705978573	120
507825.7592120252	3881292.1705978573	120
507825.6134083461	3881292.0928439563	120
507825.4767215734	3881292.015097907	120
507825.6134083461	3881292.0928439563	120
507825.4767215734	3881292.015097907	120
507825.3491612517	3881291.926269948	120
507825.2124744742	3881291.8485239027	120
507825.2124744742	3881291.8485239027	120
507825.2124744742	3881291.8485239027	120
507825.0757876944	3881291.770777859	120
507825.0757876944	3881291.770777859	120
507824.9299935515	3881291.681934208	120
507824.9299935515	3881291.681934208	120
507824.79330676683	3881291.6041881703	120
507824.79330676683	3881291.6041881703	120
507824.6566199751	3881291.5264421324	120
507824.6566199751	3881291.5264421324	120
507824.5199331858	3881291.4486960988	120
507824.5199331858	3881291.4486960988	120
507824.3741294868	3881291.3709422178	120
507824.3741294868	3881291.3709422178	120
507824.2465596	3881291.293204034	120
507824.1098728036	3881291.2154580057	120
507824.1098728036	3881291.2154580057	120
507824.1098728036	3881291.2154580057	120
507823.9731860049	3881291.1377119785	120
507823.9731860049	3881291.1377119785	120
507823.83650874865	3881291.048876194	120
507823.69983148976	3881290.9600404114	120
507823.69983148976	3881290.9600404114	120
507823.5722615891	3881290.8823022367	120
507823.69983148976	3881290.9600404114	120
507823.5722615891	3881290.8823022367	120
507823.30800487805	3881290.726818049	120
507823.30800487805	3881290.726818049	120
507823.18042542913	3881290.6601696396	120
507823.18042542913	3881290.6601696396	120
507823.05285551987	3881290.5824314733	120
507823.05285551987	3881290.5824314733	120
507822.93440251885	3881290.504701154	120
507822.93440251885	3881290.504701154	120
507822.8068230641	3881290.438052752	120
507822.6883700568	3881290.360322436	120
507822.6883700568	3881290.360322436	120
507822.6883700568	3881290.360322436	120
507822.5699170521	3881290.282592121	120
507822.5699170521	3881290.282592121	120
507822.45145449997	3881290.2159515694	120
507822.45145449997	3881290.2159515694	120
507822.33299194375	3881290.1493110177	120
507822.33299194375	3881290.1493110177	120
507822.2145293881	3881290.0826704693	120
507822.0960668308	3881290.0160299214	120
507822.0960668308	3881290.0160299214	120
507822.0960668308	3881290.0160299214	120
507821.9867211804	3881289.94939722	120
507821.9867211804	3881289.94939722	120
507821.86825862195	3881289.8827566747	120
507821.86825862195	3881289.8827566747	120
507821.7497960571	3881289.816116132	120
507821.7497960571	3881289.816116132	120
507821.63133349293	3881289.7494755895	120
507821.63133349293	3881289.7494755895	120
507821.51287092466	3881289.6828350504	120
507821.51287092466	3881289.6828350504	120
507821.39440835925	3881289.616194511	120
507821.39440835925	3881289.616194511	120
507821.2759362482	3881289.560643736	120
507821.2759362482	3881289.560643736	120
507821.166590584	3881289.494011044	120
507821.166590584	3881289.494011044	120
507821.0481280136	3881289.427370511	120
507820.93877280486	3881289.3718275814	120
507820.93877280486	3881289.3718275814	120
507820.93877280486	3881289.3718275814	120
507820.8112028607	3881289.2940894463	120
507820.8112028607	3881289.2940894463	120
507820.7018571922	3881289.22745676	120
507820.7018571922	3881289.22745676	120
507820.58339461265	3881289.1608162327	120
507820.58339461265	3881289.1608162327	120
507820.4649320314	3881289.094175706	120
507820.4649320314	3881289.094175706	120
507820.3555768174	3881289.038632785	120
507820.3555768174	3881289.038632785	120
507820.23711423285	3881288.9719922617	120
507820.23711423285	3881288.9719922617	120
507820.11865164427	3881288.9053517394	120
507820.11865164427	3881288.9053517394	120
507820.00929642824	3881288.849808822	120
507820.00929642824	3881288.849808822	120
507819.89083383634	3881288.783168304	120
507819.78148815734	3881288.7165356283	120
507819.78148815734	3881288.7165356283	120
507819.78148815734	3881288.7165356283	120
507819.6630255644	3881288.6498951134	120
507819.544572507	3881288.5721648387	120
507819.544572507	3881288.5721648387	120
507819.544572507	3881288.5721648387	120
507819.43521728343	3881288.516621929	120
507819.43521728343	3881288.516621929	120
507819.31675468304	3881288.449981416	120
507819.31675468304	3881288.449981416	120
507819.2073994566	3881288.3944385103	120
507819.2073994566	3881288.3944385103	120
507819.10716113454	3881288.3389034458	120
507819.016030185	3881288.294465986	120
507819.016030185	3881288.294465986	120
507819.016030185	3881288.294465986	120
507818.91579186526	3881288.2389309234	120
507818.81556308066	3881288.1723061022	120
507818.81556308066	3881288.1723061022	120
507818.7153247561	3881288.1167710423	120
507818.81556308066	3881288.1723061022	120
507818.6150864303	3881288.061235984	120
507818.6150864303	3881288.061235984	120
507818.6150864303	3881288.061235984	120
507818.5148481032	3881288.0057009268	120
507818.41460977495	3881287.950165871	120
507818.5148481032	3881288.0057009268	120
507818.31437144545	3881287.894630815	120
507818.31437144545	3881287.894630815	120
507818.31437144545	3881287.894630815	120
507818.22324048757	3881287.850193362	120
507818.22324048757	3881287.850193362	120
507818.132119069	3881287.7946661506	120
507818.04100718466	3881287.72804918	120
507818.132119069	3881287.7946661506	120
507818.04100718466	3881287.72804918	120
507817.94989529904	3881287.661432208	120
507817.94989529904	3881287.661432208	120
507817.858783412	3881287.59481524	120
507817.7676619887	3881287.5392880305	120
507817.7676619887	3881287.5392880305	120
507817.7676619887	3881287.5392880305	120
507817.6765405595	3881287.4837608235	120
507817.6765405595	3881287.4837608235	120
507817.5854191316	3881287.4282336147	120
507817.5854191316	3881287.4282336147	120
507817.48517125426	3881287.3837883305	120
507817.48517125426	3881287.3837883305	120
507817.40314766153	3881287.3504484873	120
507817.3120166961	3881287.3060110435	120
507817.3120166961	3881287.3060110435	120
507817.3120166961	3881287.3060110435	120
507817.2299931021	3881287.2726712017	120
507817.1479790441	3881287.228241598	120
507817.1479790441	3881287.228241598	120
507817.0659649853	3881287.183811997	120
507817.1479790441	3881287.228241598	120
507816.983950928	3881287.1393823978	120
507816.983950928	3881287.1393823978	120
507816.983950928	3881287.1393823978	120
507816.9110537792	3881287.094960638	120
507816.9110537792	3881287.094960638	120
507816.8381566296	3881287.0505388784	120
507816.75613303157	3881287.0171990413	120
507816.8381566296	3881287.0505388784	120
507816.75613303157	3881287.0171990413	120
507816.67411896895	3881286.9727694434	120
507816.67411896895	3881286.9727694434	120
507816.6012122836	3881286.9394374457	120
507816.6012122836	3881286.9394374457	120
507816.5283055954	3881286.9061054485	120
507816.5283055954	3881286.9061054485	120
507816.4554084424	3881286.8616836932	120
507816.3825112911	3881286.817261937	120
507816.4554084424	3881286.8616836932	120
507816.3004876916	3881286.7839221032	120
507816.3004876916	3881286.7839221032	120
507816.3004876916	3881286.7839221032	120
507816.21847362467	3881286.739492511	120
507816.21847362467	3881286.739492511	120
507816.13645955693	3881286.695062918	120
507816.0544359531	3881286.661723086	120
507816.13645955693	3881286.695062918	120
507816.0544359531	3881286.661723086	120
507815.981529263	3881286.628391094	120
507815.981529263	3881286.628391094	120
507815.9177394821	3881286.595066942	120
507815.9177394821	3881286.595066942	120
507815.853949703	3881286.5617427905	120
507815.853949703	3881286.5617427905	120
507815.80837467534	3881286.550613835	120
507815.80837467534	3881286.550613835	120
507815.79015991883	3881286.5284186373	120
507815.7628187198	3881286.5173053616	120
507815.7628187198	3881286.5173053616	120
507815.7628187198	3881286.5173053616	120
507815.74459442816	3881286.506199923	120
507815.74459442816	3881286.506199923	120
507815.735477516	3881286.5061920844	120
507815.735477516	3881286.5061920844	120
507815.74459442816	3881286.506199923	120
507815.74459442816	3881286.506199923	120
507815.7445848932	3881286.517289684	120
507815.75370180537	3881286.517297523	120
507815.75370180537	3881286.517297523	120
507815.7628187198	3881286.5173053616	120
507815.7628187198	3881286.5173053616	120
507815.76280918485	3881286.528395121	120
507815.76280918485	3881286.528395121	120
507815.7628187198	3881286.5173053616	120
507815.7628187198	3881286.5173053616	120
507815.7628187198	3881286.5173053616	120
507815.7628187198	3881286.5173053616	120
507815.7628282547	3881286.5062156003	120
507815.7628282547	3881286.5062156003	120
507815.7628473246	3881286.4840360805	120
507815.7628473246	3881286.4840360805	120
507815.7628473246	3881286.4840360805	120
507815.75374948	3881286.461848722	120
507815.7355347255	3881286.439653524	120
507815.7355347255	3881286.439653524	120
507815.7355347255	3881286.439653524	120
507815.71731043834	3881286.4285480864	120
507815.71731043834	3881286.4285480864	120
507815.6990956813	3881286.4063528893	120
507815.6899978388	3881286.3841655306	120
507815.6990956813	3881286.4063528893	120
507815.68089999625	3881286.3619781714	120
507815.68089999625	3881286.3619781714	120
507815.68089999625	3881286.3619781714	120
507815.671783084	3881286.361970333	120
507815.671783084	3881286.361970333	120
507815.671783084	3881286.361970333	120
507815.671783084	3881286.361970333	120
507815.671783084	3881286.361970333	120
507815.67177354917	3881286.373060092	120
507815.67177354917	3881286.373060092	120
507815.67177354917	3881286.373060092	120
507815.68089046143	3881286.3730679303	120
507815.6900073737	3881286.3730757693	120
507815.6900073737	3881286.3730757693	120
507815.6900073737	3881286.3730757693	120
507815.6991242859	3881286.373083608	120
507815.6991242859	3881286.373083608	120
507815.70824119815	3881286.3730914467	120
507815.70824119815	3881286.3730914467	120
507815.7173676476	3881286.362009526	120
507815.7173676476	3881286.362009526	120
507815.7264940925	3881286.350927604	120
507815.7264940925	3881286.350927604	120
507815.74473745195	3881286.339853522	120
507815.74473745195	3881286.339853522	120
507815.7538734341	3881286.317681841	120
507815.7538734341	3881286.317681841	120
507815.7629998837	3881286.306599919	120
507815.7629998837	3881286.306599919	120
507815.7629998837	3881286.306599919	120
507815.7629998837	3881286.306599919	120
507815.7629998837	3881286.306599919	120
507815.7629998837	3881286.306599919	120
507815.7629998837	3881286.306599919	120
507815.7629998837	3881286.306599919	120
507815.76299034874	3881286.3176896796	120
507815.76299034874	3881286.3176896796	120
507815.76299034874	3881286.3176896796	120
507815.7538638992	3881286.3287716005	120
507815.7538638992	3881286.3287716005	120
507815.7538638992	3881286.3287716005	120
507815.7538638992	3881286.3287716005	120
507815.7538543643	3881286.3398613604	120
507815.7538543643	3881286.3398613604	120
507815.7538543643	3881286.3398613604	120
507815.76297127886	3881286.339869199	120
507815.76297127886	3881286.339869199	120
507815.76297127886	3881286.339869199	120
507815.76297127886	3881286.339869199	120
507815.76297127886	3881286.339869199	120
507815.7538543643	3881286.3398613604	120
507815.7538543643	3881286.3398613604	120
507815.7538543643	3881286.3398613604	120
507815.75384482933	3881286.35095112	120
507815.75384482933	3881286.35095112	120
507815.75384482933	3881286.35095112	120
507815.75384482933	3881286.35095112	120
507815.7538352944	3881286.3620408806	120
507815.7538352944	3881286.3620408806	120
507815.7538162245	3881286.384220401	120
507815.7538162245	3881286.384220401	120
507815.73556333024	3881286.4063842436	120
507815.73556333024	3881286.4063842436	120
507815.7081935238	3881286.428540248	120
507815.7081935238	3881286.428540248	120
507815.6899501645	3881286.439614331	120
507815.6534729787	3881286.4506727373	120
507815.6534729787	3881286.4506727373	120
507815.6534729787	3881286.4506727373	120
507815.6078884178	3881286.4506335445	120
507815.6078884178	3881286.4506335445	120
507815.54408910184	3881286.428399154	120
507815.54408910184	3881286.428399154	120
507815.4711728711	3881286.4061569264	120
507815.4711728711	3881286.4061569264	120
507815.3891492623	3881286.3728171	120
507815.3891492623	3881286.3728171	120
507815.2980182749	3881286.3283796776	120
507815.2980182749	3881286.3283796776	120
507815.2068872866	3881286.2839422547	120
507815.2068872866	3881286.2839422547	120
507815.1066393874	3881286.2394969957	120
507815.1066393874	3881286.2394969957	120
507815.015517929	3881286.1839698153	120
507815.015517929	3881286.1839698153	120
507814.90616264916	3881286.1284269597	120
507814.7876999845	3881286.0617865073	120
507814.7876999845	3881286.0617865073	120
507814.6692373228	3881285.9951460576	120
507814.6692373228	3881285.9951460576	120
507814.55077465466	3881285.9285056093	120
507814.55077465466	3881285.9285056093	120
507814.4231950744	3881285.861857325	120
507814.4231950744	3881285.861857325	120
507814.2956154923	3881285.7952090413	120
507814.2956154923	3881285.7952090413	120
507814.2956154923	3881285.7952090413	120
507814.1862601987	3881285.7396661937	120
507814.1862601987	3881285.7396661937	120
507814.0860218214	3881285.684131185	120
507814.0860218214	3881285.684131185	120
507813.9766760603	3881285.6174985804	120
507813.9766760603	3881285.6174985804	120
507813.867320765	3881285.561955739	120
507813.867320765	3881285.561955739	120
507813.75795593584	3881285.5175026576	120
507813.75795593584	3881285.5175026576	120
507813.64859110565	3881285.4730495764	120
507813.64859110565	3881285.4730495764	120
507813.54833365534	3881285.439694095	120
507813.54833365534	3881285.439694095	120
507813.475426944	3881285.406362124	120
507813.475426944	3881285.406362124	120
507813.40252023435	3881285.3730301512	120
507813.40252023435	3881285.3730301512	120
507813.3296230539	3881285.328608421	120
507813.3296230539	3881285.328608421	120
507813.2567258727	3881285.284186691	120
507813.183819159	3881285.2508547218	120
507813.183819159	3881285.2508547218	120
507813.1200198288	3881285.2286203485	120
507813.1200198288	3881285.2286203485	120
507813.1200198288	3881285.2286203485	120
507813.06534694333	3881285.195304052	120
507813.06534694333	3881285.195304052	120
507813.0106454604	3881285.195257036	120
507812.95592491445	3881285.2173895407	120
507812.95592491445	3881285.2173895407	120
507812.95592491445	3881285.2173895407	120
507812.9103212845	3881285.239529882	120
507812.9103212845	3881285.239529882	120
507812.8556102728	3881285.250572628	120
507812.8556102728	3881285.250572628	120
507812.81914261694	3881285.2505412847	120
507812.81914261694	3881285.2505412847	120
507812.7917823455	3881285.2616075366	120
507812.7917823455	3881285.2616075366	120
507812.7735485188	3881285.2615918647	120
507812.7735485188	3881285.2615918647	120
507812.7553242233	3881285.250486435	120
507812.7553242233	3881285.250486435	120
507812.7462168389	3881285.2393888384	120
507812.7462168389	3881285.2393888384	120
507812.73710945674	3881285.228291243	120
507812.73710945674	3881285.228291243	120
507812.7280116058	3881285.2061038865	120
507812.7280116058	3881285.2061038865	120
507812.72802113707	3881285.1950141266	120
507812.72802113707	3881285.1950141266	120
507812.7280306683	3881285.183924368	120
507812.71892328607	3881285.172826771	120
507812.71892328607	3881285.172826771	120
507812.71892328607	3881285.172826771	120
507812.7189328173	3881285.1617370117	120
507812.7189328173	3881285.1617370117	120
507812.7189328173	3881285.1617370117	120
507812.7189328173	3881285.1617370117	120
507812.7098159061	3881285.161729176	120
507812.7098159061	3881285.161729176	120
507812.7098159061	3881285.161729176	120
507812.7098159061	3881285.161729176	120
507812.7098159061	3881285.161729176	120
507812.7098159061	3881285.161729176	120
507812.7098063749	3881285.172818936	120
507812.7098063749	3881285.172818936	120
507812.7098063749	3881285.172818936	120
507812.7098063749	3881285.172818936	120
507812.7098159061	3881285.161729176	120
507812.7189328173	3881285.1617370117	120
507812.7098159061	3881285.161729176	120
166021.4431793313	0.0	120
507822.98895126727	3881290.6821843935	120
507822.98895126727	3881290.6821843935	120
507822.98895126727	3881290.6821843935	120
507822.98895126727	3881290.6821843935	120
507822.98895126727	3881290.6821843935	120
507822.98895126727	3881290.6821843935	120
507822.9798343593	3881290.6821765476	120
507822.9798343593	3881290.6821765476	120
507822.9798343593	3881290.6821765476	120
507822.9798343593	3881290.6821765476	120
507822.9798343593	3881290.6821765476	120
507822.9798343593	3881290.6821765476	120
507822.9798343593	3881290.6821765476	120
507822.97071745136	3881290.6821687017	120
507822.9798343593	3881290.6821765476	120
507822.97071745136	3881290.6821687017	120
507822.97071745136	3881290.6821687017	120
507822.96161008946	3881290.6710710954	120
507822.96161008946	3881290.6710710954	120
507822.9433953587	3881290.6488758833	120
507822.9433953587	3881290.6488758833	120
507822.9433953587	3881290.6488758833	120
507822.9160637221	3881290.6266728253	120
507822.9160637221	3881290.6266728253	120
507822.8613909026	3881290.593356471	120
507822.806718085	3881290.560040114	120
507822.806718085	3881290.560040114	120
507822.806718085	3881290.560040114	120
507822.73381144856	3881290.5267080674	120
507822.73381144856	3881290.5267080674	120
507822.6517879057	3881290.4933681767	120
507822.6517879057	3881290.4933681767	120
507822.5697739032	3881290.448938525	120
507822.5697739032	3881290.448938525	120
507822.4877598999	3881290.4045088743	120
507822.4057458958	3881290.360079225	120
507822.4057458958	3881290.360079225	120
507822.4057458958	3881290.360079225	120
507822.3146245255	3881290.3045519707	120
507822.2235126993	3881290.2379349573	120
507822.2235126993	3881290.2379349573	120
507822.1324008694	3881290.171317945	120
507822.1324008694	3881290.171317945	120
507822.1324008694	3881290.171317945	120
507822.0412794956	3881290.115790694	120
507822.0412794956	3881290.115790694	120
507821.94104120973	3881290.0602555973	120
507821.94104120973	3881290.0602555973	120
507821.8408029273	3881290.0047205025	120
507821.8408029273	3881290.0047205025	120
507821.7314477304	3881289.9491775646	120
507821.7314477304	3881289.9491775646	120
507821.6312094454	3881289.8936424735	120
507821.530971157	3881289.838107383	120
507821.530971157	3881289.838107383	120
507821.4216255003	3881289.771474687	120
507821.4216255003	3881289.771474687	120
507821.4216255003	3881289.771474687	120
507821.32140629267	3881289.693760079	120
507821.2120606351	3881289.627127386	120
507821.2120606351	3881289.627127386	120
507821.1027245127	3881289.549404936	120
507821.2120606351	3881289.627127386	120
507820.99337885174	3881289.4827722465	120
507821.1027245127	3881289.549404936	120
507820.99337885174	3881289.4827722465	120
507820.88402364333	3881289.42722932	120
507820.88402364333	3881289.42722932	120
507820.7564346174	3881289.3716707057	120
507820.7564346174	3881289.3716707057	120
507820.6470984903	3881289.2939482597	120
507820.5286359113	3881289.227307732	120
507820.5286359113	3881289.227307732	120
507820.5286359113	3881289.227307732	120
507820.4192902376	3881289.16067505	120
507820.309944567	3881289.0940423696	120
507820.309944567	3881289.0940423696	120
507820.20060843043	3881289.01631993	120
507820.20060843043	3881289.01631993	120
507820.20060843043	3881289.01631993	120
507820.0821458468	3881288.949679408	120
507820.0821458468	3881288.949679408	120
507819.96369279915	3881288.8719491283	120
507819.83611329744	3881288.8053007666	120
507819.83611329744	3881288.8053007666	120
507819.83611329744	3881288.8053007666	120
507819.7085337962	3881288.7386524077	120
507819.7085337962	3881288.7386524077	120
507819.590071203	3881288.6720118937	120
507819.590071203	3881288.6720118937	120
507819.47161814757	3881288.594281619	120
507819.47161814757	3881288.594281619	120
507819.3440386406	3881288.5276332656	120
507819.3440386406	3881288.5276332656	120
507819.2255855812	3881288.449902994	120
507819.2255855812	3881288.449902994	120
507819.09801560716	3881288.3721648846	120
507819.09801560716	3881288.3721648846	120
507818.9704456333	3881288.294426776	120
507818.9704456333	3881288.294426776	120
507818.84286611853	3881288.2277784282	120
507818.84286611853	3881288.2277784282	120
507818.71528660186	3881288.161130084	120
507818.5785997089	3881288.0833841376	120
507818.71528660186	3881288.161130084	120
507818.5785997089	3881288.0833841376	120
507818.4510201883	3881288.0167357964	120
507818.4510201883	3881288.0167357964	120
507818.3234502039	3881287.9389976966	120
507818.3234502039	3881287.9389976966	120
507818.1958706794	3881287.872349359	120
507818.1958706794	3881287.872349359	120
507818.07740806387	3881287.805708864	120
507818.07740806387	3881287.805708864	120
507817.94983807334	3881287.72797077	120
507817.94983807334	3881287.72797077	120
507817.83137545415	3881287.6613302776	120
507817.83137545415	3881287.6613302776	120
507817.70380545716	3881287.583592186	120
507817.70380545716	3881287.583592186	120
507817.567109012	3881287.516936017	120
507817.567109012	3881287.516936017	120
507817.44864638726	3881287.4502955293	120
507817.44864638726	3881287.4502955293	120
507817.3210668495	3881287.383647204	120
507817.3210668495	3881287.383647204	120
507817.18437993294	3881287.3059012806	120
507817.18437993294	3881287.3059012806	120
507817.0568194643	3881287.2170734387	120
507816.9292494568	3881287.139335358	120
507816.9292494568	3881287.139335358	120
507816.9292494568	3881287.139335358	120
507816.7925625355	3881287.06158944	120
507816.7925625355	3881287.06158944	120
507816.5283055954	3881286.9061054485	120
507816.5283055954	3881286.9061054485	120
507816.3916091315	3881286.8394492976	120
507816.3916091315	3881286.8394492976	120
507816.264039113	3881286.7617112272	120
507816.1455860043	3881286.683980997	120
507816.1455860043	3881286.683980997	120
507816.1455860043	3881286.683980997	120
507816.0180159792	3881286.6062429305	120
507816.0180159792	3881286.6062429305	120
507815.8813195071	3881286.539586786	120
507815.8813195071	3881286.539586786	120
507815.74463256786	3881286.4618408834	120
507815.74463256786	3881286.4618408834	120
507815.6079456263	3881286.384094983	120
507815.6079456263	3881286.384094983	120
507815.4712586824	3881286.306349085	120
507815.4712586824	3881286.306349085	120
507815.33456220175	3881286.2396929497	120
507815.33456220175	3881286.2396929497	120
507815.2069921635	3881286.1619548933	120
507815.2069921635	3881286.1619548933	120
507815.07030521287	3881286.0842090016	120
507815.07030521287	3881286.0842090016	120
507814.9427351725	3881286.0064709494	120
507814.9427351725	3881286.0064709494	120
507814.8060482173	3881285.9287250624	120
507814.8060482173	3881285.9287250624	120
507814.67847817246	3881285.8509870134	120
507814.67847817246	3881285.8509870134	120
507814.5417912126	3881285.7732411283	120
507814.4051042458	3881285.6954952474	120
507814.4051042458	3881285.6954952474	120
507814.4051042458	3881285.6954952474	120
507814.2684077482	3881285.628839127	120
507814.2684077482	3881285.628839127	120
507814.13172078156	3881285.5510932487	120
507813.99503381253	3881285.473347373	120
507813.99503381253	3881285.473347373	120
507813.99503381253	3881285.473347373	120
507813.8583468412	3881285.3956015	120
507813.8583468412	3881285.3956015	120
507813.7307672484	3881285.328953225	120
507813.7307672484	3881285.328953225	120
507813.5940898026	3881285.240117595	120
507813.5940898026	3881285.240117595	120
507813.46651973773	3881285.162379565	120
507813.3298232253	3881285.095723459	120
507813.3298232253	3881285.095723459	120
507813.3298232253	3881285.095723459	120
507813.19313624257	3881285.0179775953	120
507813.19313624257	3881285.0179775953	120
507813.0564397259	3881284.9513214934	120
507813.0564397259	3881284.9513214934	120
507812.9106358226	3881284.873567798	120
507812.78305621556	3881284.8069195375	120
507812.78305621556	3881284.8069195375	120
507812.78305621556	3881284.8069195375	120
507812.65548613545	3881284.729181516	120
507812.52791605546	3881284.6514434996	120
507812.52791605546	3881284.6514434996	120
507812.4003459756	3881284.573705483	120
507812.4003459756	3881284.573705483	120
507812.2727758913	3881284.4959674687	120
507812.2727758913	3881284.4959674687	120
507812.1360793554	3881284.429311381	120
507812.1360793554	3881284.429311381	120
507811.99938282213	3881284.362655296	120
507811.99938282213	3881284.362655296	120
507811.8626958171	3881284.2849094532	120
507811.8626958171	3881284.2849094532	120
507811.7351161941	3881284.2182612056	120
507811.7351161941	3881284.2182612056	120
507811.6166630159	3881284.140531034	120
507811.6166630159	3881284.140531034	120
507811.47997599957	3881284.062785197	120
507811.47997599957	3881284.062785197	120
507811.3524059025	3881283.985047196	120
507811.3524059025	3881283.985047196	120
507811.224835801	3881283.9073091964	120
507811.224835801	3881283.9073091964	120
507811.08814878017	3881283.829563364	120
507811.08814878017	3881283.829563364	120
507810.95146175934	3881283.7518175356	120
507810.95146175934	3881283.7518175356	120
507810.82389164873	3881283.674079541	120
507810.82389164873	3881283.674079541	120
507810.6872046233	3881283.5963337156	120
507810.6872046233	3881283.5963337156	120
507810.6872046233	3881283.5963337156	120
507810.55963451066	3881283.5185957258	120
507810.55963451066	3881283.5185957258	120
507810.4320643958	3881283.4408577373	120
507810.4320643958	3881283.4408577373	120
507810.3044942764	3881283.363119751	120
507810.1678072419	3881283.285373933	120
507810.1678072419	3881283.285373933	120
507810.1678072419	3881283.285373933	120
507810.0402371204	3881283.2076359494	120
507810.0402371204	3881283.2076359494	120
507809.90355008125	3881283.1298901364	120
507809.90355008125	3881283.1298901364	120
507809.7759704277	3881283.063241917	120
507809.7759704277	3881283.063241917	120
507809.6392738544	3881282.996585867	120
507809.6392738544	3881282.996585867	120
507809.51170372433	3881282.9188478915	120
507809.51170372433	3881282.9188478915	120
507809.36589976057	3881282.841094254	120
507809.36589976057	3881282.841094254	120
507809.22921271017	3881282.7633484495	120
507809.22921271017	3881282.7633484495	120
507809.09252565744	3881282.6856026486	120
507808.9558386023	3881282.607856849	120
507808.9558386023	3881282.607856849	120
507808.8100346265	3881282.5301032197	120
507808.8100346265	3881282.5301032197	120
507808.8100346265	3881282.5301032197	120
507808.66422112426	3881282.4634393533	120
507808.66422112426	3881282.4634393533	120
507808.52752453607	3881282.3967833202	120
507808.52752453607	3881282.3967833202	120
507808.3908279459	3881282.33012729	120
507808.2541218233	3881282.27456102	120
507808.2541218233	3881282.27456102	120
507808.1174347549	3881282.1968152346	120
507808.1174347549	3881282.1968152346	120
507808.1174347549	3881282.1968152346	120
507807.98986460065	3881282.11907728	120
507807.86229444656	3881282.041339327	120
507807.86229444656	3881282.041339327	120
507807.86229444656	3881282.041339327	120
507807.7255978439	3881281.974683307	120
507807.7255978439	3881281.974683307	120
507807.57979384967	3881281.896929697	120
507807.57979384967	3881281.896929697	120
507807.43398032826	3881281.8302658508	120
507807.43398032826	3881281.8302658508	120
507807.2972932462	3881281.752520075	120
507807.2972932462	3881281.752520075	120
507807.1697230764	3881281.674782134	120
507807.1697230764	3881281.674782134	120
507807.0330455117	3881281.5859466046	120
507807.0330455117	3881281.5859466046	120
507806.90547534195	3881281.5082086637	120
507806.7687977721	3881281.4193731383	120
507806.7687977721	3881281.4193731383	120
507806.7687977721	3881281.4193731383	120
507806.6321201997	3881281.330537614	120
507806.6321201997	3881281.330537614	120
507806.4954426268	3881281.2417020923	120
507806.4954426268	3881281.2417020923	120
507806.3587555279	3881281.163956332	120
507806.3587555279	3881281.163956332	120
507806.2220684266	3881281.0862105736	120
507806.0853908461	3881280.9973750566	120
507806.0853908461	3881280.9973750566	120
507805.94870374	3881280.919629304	120
507806.0853908461	3881280.9973750566	120
507805.94870374	3881280.919629304	120
507805.8211335493	3881280.84189138	120
507805.6844559613	3881280.753055869	120
507805.6844559613	3881280.753055869	120
507805.6844559613	3881280.753055869	120
507805.5568857637	3881280.6753179505	120
507805.5568857637	3881280.6753179505	120
507805.42020817054	3881280.586482445	120
507805.2744041321	3881280.5087288725	120
507805.42020817054	3881280.586482445	120
507805.1286096155	3881280.4198855427	120
507805.2744041321	3881280.5087288725	120
507805.1286096155	3881280.4198855427	120
507804.9919224925	3881280.3421398033	120
507804.9919224925	3881280.3421398033	120
507804.85523536726	3881280.2643940654	120
507804.5727537101	3881280.097805009	120
507804.5727537101	3881280.097805009	120
507804.43607609865	3881280.0089695193	120
507804.43607609865	3881280.0089695193	120
507804.2902720449	3881279.9312159615	120
507804.2902720449	3881279.9312159615	120
507804.2902720449	3881279.9312159615	120
507804.144467984	3881279.8534624088	120
507803.9986639253	3881279.7757088575	120
507803.9986639253	3881279.7757088575	120
507803.9986639253	3881279.7757088575	120
507803.86197678297	3881279.697963134	120
507803.86197678297	3881279.697963134	120
507803.7252896384	3881279.620217414	120
507803.7252896384	3881279.620217414	120
507803.58861201146	3881279.5313819363	120
507803.4428174604	3881279.4425386335	120
507803.58861201146	3881279.5313819363	120
507803.4428174604	3881279.4425386335	120
507803.3152472276	3881279.364800746	120
507803.3152472276	3881279.364800746	120
507803.1694526736	3881279.2759574465	120
507803.02364859724	3881279.198203911	120
507803.02364859724	3881279.198203911	120
507802.87784451613	3881279.1204503775	120
507802.87784451613	3881279.1204503775	120
507802.87784451613	3881279.1204503775	120
507802.73204043484	3881279.042696847	120
507802.73204043484	3881279.042696847	120
507802.58623635105	3881278.964943318	120
507802.4404322625	3881278.887189793	120
507802.4404322625	3881278.887189793	120
507802.4404322625	3881278.887189793	120
507802.3037450935	3881278.8094440936	120
507802.1579505207	3881278.7206008113	120
507802.1579505207	3881278.7206008113	120
507802.1579505207	3881278.7206008113	120
507802.00302950456	3881278.642839468	120
507802.00302950456	3881278.642839468	120
507801.8572158902	3881278.5761757107	120
507801.8572158902	3881278.5761757107	120
507801.7114213092	3881278.487332436	120
507801.57473412575	3881278.4095867476	120
507801.57473412575	3881278.4095867476	120
507801.57473412575	3881278.4095867476	120
507801.42893002194	3881278.3318332387	120
507801.42893002194	3881278.3318332387	120
507801.29225235095	3881278.2429977944	120
507801.15557467967	3881278.1541623524	120
507801.15557467967	3881278.1541623524	120
507801.15557467967	3881278.1541623524	120
507801.00977056584	3881278.0764088496	120
507801.00977056584	3881278.0764088496	120
507800.8639759686	3881277.9875655877	120
507800.8639759686	3881277.9875655877	120
507800.7090549313	3881277.909804266	120
507800.7090549313	3881277.909804266	120
507800.5541338913	3881277.832042947	120
507800.5541338913	3881277.832042947	120
507800.41745620425	3881277.743207516	120
507800.41745620425	3881277.743207516	120
507800.2716520799	3881277.665454025	120
507800.2716520799	3881277.665454025	120
507800.1258574666	3881277.5766107757	120
507800.1258574666	3881277.5766107757	120
507799.98006285273	3881277.4877675306	120
507799.98006285273	3881277.4877675306	120
507799.8342587182	3881277.4100140454	120
507799.6793471775	3881277.3211629805	120
507799.6793471775	3881277.3211629805	120
507799.6793471775	3881277.3211629805	120
507799.5244261187	3881277.2434016783	120
507799.5244261187	3881277.2434016783	120
507799.37862197874	3881277.1656482024	120
507799.2237104271	3881277.0767971454	120
507799.37862197874	3881277.1656482024	120
507799.2237104271	3881277.0767971454	120
507798.9230042412	3881276.899102861	120
507798.9230042412	3881276.899102861	120
507798.76808316645	3881276.821341572	120
507798.76808316645	3881276.821341572	120
507798.613171603	3881276.7324905265	120
507798.613171603	3881276.7324905265	120
507798.46735793323	3881276.6658268245	120
507798.46735793323	3881276.6658268245	120
507798.31244636653	3881276.576975783	120
507798.31244636653	3881276.576975783	120
507798.1666422032	3881276.4992223256	120
507798.1666422032	3881276.4992223256	120
507798.0208380397	3881276.4214688707	120
507798.0208380397	3881276.4214688707	120
507797.87504338677	3881276.332625658	120
507797.7292487287	3881276.243782447	120
507797.7292487287	3881276.243782447	120
507797.7292487287	3881276.243782447	120
507797.5925805053	3881276.1438573017	120
507797.5925805053	3881276.1438573017	120
507797.44678584376	3881276.055014095	120
507797.44678584376	3881276.055014095	120
507797.3009816647	3881275.977260651	120
507797.3009816647	3881275.977260651	120
507797.1460605627	3881275.8994993903	120
507797.1460605627	3881275.8994993903	120
507797.0002658929	3881275.810656192	120
507797.0002658929	3881275.810656192	120
507796.85446170607	3881275.732902756	120
507796.85446170607	3881275.732902756	120
507796.7086575191	3881275.6551493225	120
507796.7086575191	3881275.6551493225	120
507796.5537459157	3881275.566298311	120
507796.4170681579	3881275.47746294	120
507796.5537459157	3881275.566298311	120
507796.4170681579	3881275.47746294	120
507796.2712734742	3881275.388619754	120
507796.2712734742	3881275.388619754	120
507796.12547878537	3881275.29977657	120
507796.12547878537	3881275.29977657	120
507795.9796745852	3881275.2220231476	120
507795.9796745852	3881275.2220231476	120
507795.8338798932	3881275.133179968	120
507795.8338798932	3881275.133179968	120
507795.68808519596	3881275.0443367898	120
507795.68808519596	3881275.0443367898	120
507795.5422904982	3881274.9554936155	120
507795.5422904982	3881274.9554936155	120
507795.3964957976	3881274.866650443	120
507795.2506915819	3881274.788897033	120
507795.3964957976	3881274.866650443	120
507795.2506915819	3881274.788897033	120
507795.10489687586	3881274.700053864	120
507795.10489687586	3881274.700053864	120
507794.9590831478	3881274.6333902185	120
507794.8041524913	3881274.566718757	120
507794.8041524913	3881274.566718757	120
507794.65834826813	3881274.4889653577	120
507794.8041524913	3881274.566718757	120
507794.65834826813	3881274.4889653577	120
507794.5216609667	3881274.4112197757	120
507794.5216609667	3881274.4112197757	120
507794.37585673627	3881274.333466381	120
507794.37585673627	3881274.333466381	120
507794.2300620143	3881274.244623226	120
507794.2300620143	3881274.244623226	120
507794.08426728955	3881274.155780074	120
507794.08426728955	3881274.155780074	120
507793.93846305134	3881274.0780266854	120
507793.7835418883	3881274.0002654823	120
507793.7835418883	3881274.0002654823	120
507793.7835418883	3881274.0002654823	120
507793.6286207203	3881273.9225042807	120
507793.6286207203	3881273.9225042807	120
507793.47370905965	3881273.8336533234	120
507793.47370905965	3881273.8336533234	120
507793.32790481107	3881273.755899944	120
507793.32790481107	3881273.755899944	120
507793.1912174872	3881273.6781543824	120
507793.1912174872	3881273.6781543824	120
507793.04542274325	3881273.5893112477	120
507793.04542274325	3881273.5893112477	120
507792.8996184894	3881273.5115578757	120
507792.8996184894	3881273.5115578757	120
507792.75382373756	3881273.4227147456	120
507792.75382373756	3881273.4227147456	120
507792.6171364038	3881273.3449691935	120
507792.6171364038	3881273.3449691935	120
507792.4622152147	3881273.2672080123	120
507792.4622152147	3881273.2672080123	120
507792.316420457	3881273.17836489	120
507792.316420457	3881273.17836489	120
507792.1706161903	3881273.1006115293	120
507792.1706161903	3881273.1006115293	120
507791.869909733	3881272.9229174796	120
507791.869909733	3881272.9229174796	120
507791.7241054585	3881272.8451641263	120
507791.7241054585	3881272.8451641263	120
507791.5691937586	3881272.7563132015	120
507791.5691937586	3881272.7563132015	120
507791.42338947876	3881272.678559853	120
507791.42338947876	3881272.678559853	120
507791.27758519416	3881272.6008065064	120
507791.27758519416	3881272.6008065064	120
507791.1226544784	3881272.534135109	120
507791.1226544784	3881272.534135109	120
507790.97684068425	3881272.4674715265	120
507790.83103639475	3881272.389718188	120
507790.83103639475	3881272.389718188	120
507790.6852321028	3881272.3119648504	120
507790.6852321028	3881272.3119648504	120
507790.539427806	3881272.2342115166	120
507790.6852321028	3881272.3119648504	120
507790.539427806	3881272.2342115166	120
507790.3845160865	3881272.145360613	120
507790.2295948579	3881272.0675994693	120
507790.2295948579	3881272.0675994693	120
507790.2295948579	3881272.0675994693	120
507790.0838000592	3881271.978756382	120
507789.9197619008	3881271.900987432	120
507789.9197619008	3881271.900987432	120
507789.9197619008	3881271.900987432	120
507789.7739670964	3881271.812144351	120
507789.6281722892	3881271.7233012705	120
507789.6281722892	3881271.7233012705	120
507789.6281722892	3881271.7233012705	120
507789.49149440374	3881271.6344660064	120
507789.3365826638	3881271.54561512	120
507789.3365826638	3881271.54561512	120
507789.19079734816	3881271.4456822863	120
507789.19079734816	3881271.4456822863	120
507789.19079734816	3881271.4456822863	120
507789.04499302706	3881271.3679289757	120
507789.04499302706	3881271.3679289757	120
507788.89919820556	3881271.2790859095	120
507788.89919820556	3881271.2790859095	120
507788.75340337894	3881271.190242844	120
507788.75340337894	3881271.190242844	120
507788.59849162423	3881271.1013919692	120
507788.59849162423	3881271.1013919692	120
507788.4618137217	3881271.0125567205	120
507788.4618137217	3881271.0125567205	120
507788.325145318	3881270.9126317124	120
507788.325145318	3881270.9126317124	120
507788.1793504775	3881270.8237886555	120
507788.1793504775	3881270.8237886555	120
507788.03355563886	3881270.7349456036	120
507788.03355563886	3881270.7349456036	120
507787.8877512988	3881270.657192312	120
507787.8877512988	3881270.657192312	120
507787.7510733781	3881270.568357072	120
507787.7510733781	3881270.568357072	120
507787.6052595301	3881270.5016935454	120
507787.4594551803	3881270.423940261	120
507787.6052595301	3881270.5016935454	120
507787.4594551803	3881270.423940261	120
507787.18608032994	3881270.2684493195	120
507787.0494023988	3881270.1796140913	120
507787.18608032994	3881270.2684493195	120
507787.0494023988	3881270.1796140913	120
507786.9127244674	3881270.0907788654	120
507786.9127244674	3881270.0907788654	120
507786.7760370337	3881270.013033401	120
507786.7760370337	3881270.013033401	120
507786.63935909705	3881269.9241981795	120
507786.63935909705	3881269.9241981795	120
507786.50267165626	3881269.8464527205	120
507786.50267165626	3881269.8464527205	120
507786.3568767856	3881269.757609694	120
507786.3568767856	3881269.757609694	120
507786.2110819097	3881269.668766668	120
507786.2110819097	3881269.668766668	120
507786.0744039624	3881269.5799314557	120
507785.93772601243	3881269.491096245	120
507786.0744039624	3881269.5799314557	120
507785.93772601243	3881269.491096245	120
507785.7919311305	3881269.402253226	120
507785.7919311305	3881269.402253226	120
507785.6461362435	3881269.3134102123	120
507785.5003413559	3881269.2245671996	120
507785.6461362435	3881269.3134102123	120
507785.5003413559	3881269.2245671996	120
507785.3545369677	3881269.1468139477	120
507785.3545369677	3881269.1468139477	120
507785.1996156451	3881269.069052892	120
507785.1996156451	3881269.069052892	120
507785.0538207492	3881268.9802098875	120
507785.0538207492	3881268.9802098875	120
507784.91714278026	3881268.8913746914	120
507784.7713478765	3881268.8025316903	120
507784.91714278026	3881268.8913746914	120
507784.7713478765	3881268.8025316903	120
507784.6164360423	3881268.7136808843	120
507784.6164360423	3881268.7136808843	120
507784.470631636	3881268.6359276474	120
507784.470631636	3881268.6359276474	120
507784.315719796	3881268.5470768465	120
507784.315719796	3881268.5470768465	120
507784.16079845437	3881268.4693158083	120
507784.00587711466	3881268.391554772	120
507784.16079845437	3881268.4693158083	120
507784.00587711466	3881268.391554772	120
507783.8600821917	3881268.3027117862	120
507783.8600821917	3881268.3027117862	120
507783.7142777747	3881268.2249585623	120
507783.7142777747	3881268.2249585623	120
507783.5684733552	3881268.1472053393	120
507783.5684733552	3881268.1472053393	120
507783.4135614981	3881268.058354554	120
507783.4135614981	3881268.058354554	120
507783.2677570734	3881267.980601337	120
507783.2677570734	3881267.980601337	120
507783.11284520815	3881267.891750557	120
507783.11284520815	3881267.891750557	120
507782.9670407782	3881267.813997345	120
507782.9670407782	3881267.813997345	120
507782.81212890724	3881267.725146569	120
507782.81212890724	3881267.725146569	120
507782.6572170356	3881267.6362957964	120
507782.5114125953	3881267.5585425925	120
507782.5114125953	3881267.5585425925	120
507782.5114125953	3881267.5585425925	120
507782.3656271432	3881267.4586098697	120
507782.21070576634	3881267.380848865	120
507782.3656271432	3881267.4586098697	120
507782.05579388293	3881267.2919981023	120
507782.05579388293	3881267.2919981023	120
507782.05579388293	3881267.2919981023	120
507781.90088199417	3881267.2031473424	120
507781.90088199417	3881267.2031473424	120
507781.7459606113	3881267.125386346	120
507781.7459606113	3881267.125386346	120
507781.5819222943	3881267.0476175463	120
507781.5819222943	3881267.0476175463	120
507781.427000906	3881266.969856555	120
507781.427000906	3881266.969856555	120
507781.28120593744	3881266.8810136113	120
507781.28120593744	3881266.8810136113	120
507781.13540147565	3881266.803260428	120
507781.13540147565	3881266.803260428	120
507780.98959701136	3881266.7255072477	120
507780.98959701136	3881266.7255072477	120
507780.84379254223	3881266.64775407	120
507780.7071144972	3881266.558918937	120
507780.7071144972	3881266.558918937	120
507780.56131002534	3881266.4811657653	120
507780.56131002534	3881266.4811657653	120
507780.4155055463	3881266.403412594	120
507780.4155055463	3881266.403412594	120
507780.2697105611	3881266.314569665	120
507780.2697105611	3881266.314569665	120
507780.1239155753	3881266.2257267395	120
507780.1239155753	3881266.2257267395	120
507780.1239155753	3881266.2257267395	120
507779.9872375145	3881266.1368916193	120
507779.8323160949	3881266.0591306547	120
507779.9872375145	3881266.1368916193	120
507779.8323160949	3881266.0591306547	120
507779.6865210984	3881265.970287735	120
507779.5407166061	3881265.892534577	120
507779.5407166061	3881265.892534577	120
507779.38579518313	3881265.814773622	120
507779.38579518313	3881265.814773622	120
507779.23087375285	3881265.7370126685	120
507779.23087375285	3881265.7370126685	120
507779.23087375285	3881265.7370126685	120
507779.0941861882	3881265.6592673208	120
507779.0941861882	3881265.6592673208	120
507778.95749861887	3881265.581521975	120
507778.95749861887	3881265.581521975	120
507778.8117036062	3881265.4926790693	120
507778.8117036062	3881265.4926790693	120
507778.675016032	3881265.4149337276	120
507778.675016032	3881265.4149337276	120
507778.53832845774	3881265.33718839	120
507778.53832845774	3881265.33718839	120
507778.4016503705	3881265.248353291	120
507778.27407972486	3881265.1706157573	120
507778.4016503705	3881265.248353291	120
507778.12827521	3881265.0928626237	120
507778.27407972486	3881265.1706157573	120
507777.9915876262	3881265.0151172928	120
507778.12827521	3881265.0928626237	120
507777.9915876262	3881265.0151172928	120
507777.8549095288	3881264.9262822038	120
507777.8549095288	3881264.9262822038	120
507777.7182219379	3881264.8485368784	120
507777.7182219379	3881264.8485368784	120
507777.58154383296	3881264.7597017935	120
507777.58154383296	3881264.7597017935	120
507777.44485623954	3881264.6819564705	120
507777.44485623954	3881264.6819564705	120
507777.3081781317	3881264.5931213903	120
507777.17148104566	3881264.526465831	120
507777.17148104566	3881264.526465831	120
507777.17148104566	3881264.526465831	120
507777.02567651105	3881264.4487127154	120
507776.8889889082	3881264.370967401	120
507776.8889889082	3881264.370967401	120
507776.74319385365	3881264.282124529	120
507776.74319385365	3881264.282124529	120
507776.74319385365	3881264.282124529	120
507776.6065062459	3881264.204379219	120
507776.4515847645	3881264.1266183127	120
507776.4515847645	3881264.1266183127	120
507776.30578021734	3881264.048865209	120
507776.30578021734	3881264.048865209	120
507776.1599851542	3881263.9600223466	120
507776.1599851542	3881263.9600223466	120
507776.1599851542	3881263.9600223466	120
507776.02329753665	3881263.882277045	120
507776.02329753665	3881263.882277045	120
507775.8683760448	3881263.8045161483	120
507775.8683760448	3881263.8045161483	120
507775.7225714875	3881263.7267630533	120
507775.5767669254	3881263.6490099616	120
507775.5767669254	3881263.6490099616	120
507775.5767669254	3881263.6490099616	120
507775.4400698102	3881263.582354429	120
507775.4400698102	3881263.582354429	120
507775.29427473113	3881263.4935115795	120
507775.29427473113	3881263.4935115795	120
507775.1484796493	3881263.404668735	120
507775.1484796493	3881263.404668735	120
507775.0026750771	3881263.3269156497	120
507775.0026750771	3881263.3269156497	120
507774.8568705048	3881263.2491625682	120
507774.8568705048	3881263.2491625682	120
507774.71106592997	3881263.171409491	120
507774.71106592997	3881263.171409491	120
507774.55614441476	3881263.093648616	120
507774.55614441476	3881263.093648616	120
507774.4194567705	3881263.0159033397	120
507774.4194567705	3881263.0159033397	120
507774.2736616724	3881262.9270605077	120
507774.2736616724	3881262.9270605077	120
507774.1369740209	3881262.8493152345	120
507773.9820524977	3881262.7715543713	120
507773.9820524977	3881262.7715543713	120
507773.8362479077	3881262.693801306	120
507773.9820524977	3881262.7715543713	120
507773.690443313	3881262.6160482434	120
507773.690443313	3881262.6160482434	120
507773.690443313	3881262.6160482434	120
507773.53551229864	3881262.5493771476	120
507773.38971718214	3881262.46053433	120
507773.38971718214	3881262.46053433	120
507773.38971718214	3881262.46053433	120
507773.2530295184	3881262.3827890703	120
507773.11635133513	3881262.2939540544	120
507773.2530295184	3881262.3827890703	120
507773.11635133513	3881262.2939540544	120
507772.97054673015	3881262.2162010027	120
507772.97054673015	3881262.2162010027	120
507772.82475160284	3881262.1273581954	120
507772.82475160284	3881262.1273581954	120
507772.678956475	3881262.038515389	120
507772.678956475	3881262.038515389	120
507772.53315186215	3881261.9607623457	120
507772.53315186215	3881261.9607623457	120
507772.38735672645	3881261.871919544	120
507772.2415521085	3881261.7941665053	120
507772.2415521085	3881261.7941665053	120
507772.2415521085	3881261.7941665053	120
507772.0957569696	3881261.705323709	120
507772.0957569696	3881261.705323709	120
507771.95906928345	3881261.6275784695	120
507771.95906928345	3881261.6275784695	120
507771.82238159265	3881261.5498332325	120
507771.82238159265	3881261.5498332325	120
507771.67658644577	3881261.4609904424	120
507771.5307818151	3881261.383237414	120
507771.5307818151	3881261.383237414	120
507771.5307818151	3881261.383237414	120
507771.3849771797	3881261.3054843894	120
507771.3849771797	3881261.3054843894	120
507771.2300556067	3881261.2277235724	120
507771.2300556067	3881261.2277235724	120
507771.08425096615	3881261.1499705524	120
507771.08425096615	3881261.1499705524	120
507770.94756326306	3881261.0722253276	120
507770.94756326306	3881261.0722253276	120
507770.81086607755	3881261.0055698645	120
507770.81086607755	3881261.0055698645	120
507770.6650709121	3881260.9167270907	120
507770.6650709121	3881260.9167270907	120
507770.52838320186	3881260.838981874	120
507770.52838320186	3881260.838981874	120
507770.391695487	3881260.7612366574	120
507770.391695487	3881260.7612366574	120
507770.2458813526	3881260.69457341	120
507770.2458813526	3881260.69457341	120
507770.1000766974	3881260.616820405	120
507770.1000766974	3881260.616820405	120
507769.9542720398	3881260.5390674034	120
507769.9542720398	3881260.5390674034	120
507769.8084673774	3881260.461314405	120
507769.8084673774	3881260.461314405	120
507769.6626627148	3881260.3835614068	120
507769.6626627148	3881260.3835614068	120
507769.525974988	3881260.305816204	120
507769.525974988	3881260.305816204	120
507769.3801797965	3881260.21697345	120
507769.3801797965	3881260.21697345	120
507769.2435015429	3881260.1281384914	120
507769.2435015429	3881260.1281384914	120
507769.10681380867	3881260.0503932964	120
507769.10681380867	3881260.0503932964	120
507768.9610091335	3881259.97264031	120
507768.9610091335	3881259.97264031	120
507768.81520445354	3881259.8948873254	120
507768.81520445354	3881259.8948873254	120
507768.67851671216	3881259.8171421355	120
507768.54183844576	3881259.7283071885	120
507768.54183844576	3881259.7283071885	120
507768.54183844576	3881259.7283071885	120
507768.4051506972	3881259.6505620023	120
507768.4051506972	3881259.6505620023	120
507768.2593554889	3881259.561719269	120
507768.2593554889	3881259.561719269	120
507768.1317941514	3881259.4728921177	120
507768.1317941514	3881259.4728921177	120
507767.98599893285	3881259.384049388	120
507767.98599893285	3881259.384049388	120
507767.84931117675	3881259.30630421	120
507767.84931117675	3881259.30630421	120
507767.70351595513	3881259.2174614845	120
507767.70351595513	3881259.2174614845	120
507767.55772073066	3881259.1286187605	120
507767.55772073066	3881259.1286187605	120
507767.4119160252	3881259.050865801	120
507767.4119160252	3881259.050865801	120
507767.2752377349	3881258.962030872	120
507767.2752377349	3881258.962030872	120
507767.12944250216	3881258.873188155	120
507767.12944250216	3881258.873188155	120
507766.98364726425	3881258.784345443	120
507766.98364726425	3881258.784345443	120
507766.83784255065	3881258.70659249	120
507766.83784255065	3881258.70659249	120
507766.69203783455	3881258.6288395417	120
507766.5462331137	3881258.5510865934	120
507766.5462331137	3881258.5510865934	120
507766.5462331137	3881258.5510865934	120
507766.40042839263	3881258.4733336493	120
507766.2546236691	3881258.3955807057	120
507766.2546236691	3881258.3955807057	120
507766.11794535763	3881258.3067457955	120
507766.11794535763	3881258.3067457955	120
507766.11794535763	3881258.3067457955	120
507765.97215010074	3881258.2179030967	120
507765.97215010074	3881258.2179030967	120
507765.83546230994	3881258.14015795	120
507765.83546230994	3881258.14015795	120
507765.68966705	3881258.0513152564	120
507765.5438623113	3881257.9735623263	120
507765.68966705	3881258.0513152564	120
507765.39806704584	3881257.8847196377	120
507765.39806704584	3881257.8847196377	120
507765.39806704584	3881257.8847196377	120
507765.26137924276	3881257.806974499	120
507765.11557449884	3881257.7292215764	120
507765.11557449884	3881257.7292215764	120
507764.9788961639	3881257.640386683	120
507764.9788961639	3881257.640386683	120
507764.8422178287	3881257.551551791	120
507764.8422178287	3881257.551551791	120
507764.69641307706	3881257.4737988734	120
507764.69641307706	3881257.4737988734	120
507764.55973473657	3881257.384963986	120
507764.55973473657	3881257.384963986	120
507764.41392997984	3881257.307211072	120
507764.41392997984	3881257.307211072	120
507764.26812521834	3881257.229458163	120
507764.41392997984	3881257.307211072	120
507764.1223204566	3881257.1517052553	120
507764.26812521834	3881257.229458163	120
507763.9765156924	3881257.073952349	120
507763.9765156924	3881257.073952349	120
507763.83983733656	3881256.9851174727	120
507763.9765156924	3881257.073952349	120
507763.694023096	3881256.9184543304	120
507763.694023096	3881256.9184543304	120
507763.54821832443	3881256.840701432	120
507763.694023096	3881256.9184543304	120
507763.54821832443	3881256.840701432	120
507763.4115304922	3881256.7629563226	120
507763.4115304922	3881256.7629563226	120
507763.2657162426	3881256.6962931864	120
507763.1199114638	3881256.618540296	120
507763.1199114638	3881256.618540296	120
507763.1199114638	3881256.618540296	120
507762.9741066825	3881256.540787405	120
507762.837409366	3881256.4741320643	120
507762.9741066825	3881256.540787405	120
507762.837409366	3881256.4741320643	120
507762.7007215222	3881256.3963869642	120
507762.7007215222	3881256.3963869642	120
507762.55492620374	3881256.3075443218	120
507762.55492620374	3881256.3075443218	120
507762.4182478248	3881256.2187094674	120
507762.4182478248	3881256.2187094674	120
507762.2724430288	3881256.140956588	120
507762.2724430288	3881256.140956588	120
507762.13576464466	3881256.052121738	120
507762.13576464466	3881256.052121738	120
507761.9899598459	3881255.974368864	120
507761.9899598459	3881255.974368864	120
507761.85328145645	3881255.8855340187	120
507761.85328145645	3881255.8855340187	120
507761.7166030643	3881255.7966991733	120
507761.5708077243	3881255.7078565476	120
507761.5708077243	3881255.7078565476	120
507761.5708077243	3881255.7078565476	120
507761.44323679886	3881255.630119251	120
507761.44323679886	3881255.630119251	120
507761.3065583989	3881255.541284413	120
507761.3065583989	3881255.541284413	120
507761.1607535849	3881255.463531552	120
507761.02407517965	3881255.3746967185	120
507761.02407517965	3881255.3746967185	120
507761.02407517965	3881255.3746967185	120
507760.87827035825	3881255.296943863	120
507760.87827035825	3881255.296943863	120
507760.73247500433	3881255.208101251	120
507760.5957871236	3881255.130356183	120
507760.5957871236	3881255.130356183	120
507760.5957871236	3881255.130356183	120
507760.4499822969	3881255.052603334	120
507760.3133038786	3881254.9637685106	120
507760.3133038786	3881254.9637685106	120
507760.3133038786	3881254.9637685106	120
507760.1674990445	3881254.8860156653	120
507760.1674990445	3881254.8860156653	120
507760.02169421024	3881254.808262824	120
507760.02169421024	3881254.808262824	120
507759.8758893735	3881254.730509985	120
507759.8758893735	3881254.730509985	120
507759.59338716796	3881254.586101856	120
507759.59338716796	3881254.586101856	120
507759.45668980194	3881254.5194465653	120
507759.45668980194	3881254.5194465653	120
507759.31088495575	3881254.4416937334	120
507759.1742065125	3881254.3528589276	120
507759.31088495575	3881254.4416937334	120
507759.0192941848	3881254.2640085607	120
507759.0192941848	3881254.2640085607	120
507759.0192941848	3881254.2640085607	120
507758.88260627526	3881254.18626352	120
507758.88260627526	3881254.18626352	120
507758.72769393725	3881254.0974131566	120
507758.5818890781	3881254.0196603383	120
507758.5818890781	3881254.0196603383	120
507758.42697673425	3881253.9308099803	120
507758.42697673425	3881253.9308099803	120
507758.28117186984	3881253.853057167	120
507758.28117186984	3881253.853057167	120
507758.28117186984	3881253.853057167	120
507758.1353764675	3881253.7642145967	120
507757.98958105996	3881253.6753720283	120
507757.98958105996	3881253.6753720283	120
507757.98958105996	3881253.6753720283	120
507757.84379511606	3881253.575439702	120
507757.84379511606	3881253.575439702	120
507757.697999705	3881253.4865971385	120
507757.697999705	3881253.4865971385	120
507757.5522042887	3881253.397754577	120
507757.40640887193	3881253.3089120174	120
507757.40640887193	3881253.3089120174	120
507757.26060398883	3881253.2311592204	120
507757.26060398883	3881253.2311592204	120
507757.26060398883	3881253.2311592204	120
507757.12392550736	3881253.1423244444	120
507757.12392550736	3881253.1423244444	120
507756.9781206215	3881253.064571651	120
507756.8323251938	3881252.9757291023	120
507756.9781206215	3881253.064571651	120
507756.6865297586	3881252.886886555	120
507756.6865297586	3881252.886886555	120
507756.6865297586	3881252.886886555	120
507756.5407343252	3881252.7980440087	120
507756.5407343252	3881252.7980440087	120
507756.3949294288	3881252.720291226	120
507756.3949294288	3881252.720291226	120
507756.249124523	3881252.642538445	120
507756.1124365654	3881252.5647934447	120
507756.1124365654	3881252.5647934447	120
507756.1124365654	3881252.5647934447	120
507755.96664112125	3881252.47595091	120
507755.83907010494	3881252.3982136915	120
507755.83907010494	3881252.3982136915	120
507755.83907010494	3881252.3982136915	120
507755.70239160175	3881252.3093789387	120
507755.70239160175	3881252.3093789387	120
507755.55659614946	3881252.22053641	120
507755.55659614946	3881252.22053641	120
507755.41991763853	3881252.1317016603	120
507755.2832296662	3881252.053956672	120
507755.2832296662	3881252.053956672	120
507755.13742474484	3881251.97620391	120
507755.13742474484	3881251.97620391	120
507754.991619821	3881251.898451149	120
507754.991619821	3881251.898451149	120
507754.8458148924	3881251.8206983916	120
507754.8458148924	3881251.8206983916	120
507754.8458148924	3881251.8206983916	120
507754.7091363685	3881251.7318636533	120
507754.7091363685	3881251.7318636533	120
507754.5633408996	3881251.643021139	120
507754.4175454209	3881251.5541786295	120
507754.4175454209	3881251.5541786295	120
507754.4175454209	3881251.5541786295	120
507754.27174994396	3881251.46533612	120
507754.27174994396	3881251.46533612	120
507754.13507141144	3881251.3765013902	120
507753.98926646943	3881251.298748646	120
507753.98926646943	3881251.298748646	120
507753.84346152266	3881251.2209959044	120
507753.84346152266	3881251.2209959044	120
507753.69765657565	3881251.143243163	120
507753.69765657565	3881251.143243163	120
507753.69765657565	3881251.143243163	120
507753.5609685737	3881251.065498203	120
507753.41516361956	3881250.9877454666	120
507753.41516361956	3881250.9877454666	120
507753.41516361956	3881250.9877454666	120
507753.2784850715	3881250.8989107497	120
507753.13268011453	3881250.821158021	120
507753.13268011453	3881250.821158021	120
507752.98688461335	3881250.732315532	120
507753.13268011453	3881250.821158021	120
507752.84107964893	3881250.6545628067	120
507752.98688461335	3881250.732315532	120
507752.84107964893	3881250.6545628067	120
507752.6952746843	3881250.576810083	120
507752.5494791749	3881250.487967601	120
507752.6952746843	3881250.576810083	120
507752.5494791749	3881250.487967601	120
507752.4036742028	3881250.4102148837	120
507752.25787868793	3881250.3213724066	120
507752.4036742028	3881250.4102148837	120
507752.25787868793	3881250.3213724066	120
507752.12120011856	3881250.2325377082	120
507752.12120011856	3881250.2325377082	120
507751.96627819026	3881250.1547772214	120
507751.96627819026	3881250.1547772214	120
507751.82959961554	3881250.065942527	120
507751.82959961554	3881250.065942527	120
507751.6837946329	3881249.9881898183	120
507751.5379896454	3881249.9104371136	120
507751.5379896454	3881249.9104371136	120
507751.5379896454	3881249.9104371136	120
507751.4013016065	3881249.832692186	120
507751.26461356535	3881249.7549472596	120
507751.26461356535	3881249.7549472596	120
507751.12793497543	3881249.6661125747	120
507751.12793497543	3881249.6661125747	120
507750.9912563852	3881249.5772778927	120
507750.9912563852	3881249.5772778927	120
507750.9912563852	3881249.5772778927	120
507750.8545777923	3881249.488443213	120
507750.8545777923	3881249.488443213	120
507750.7178991967	3881249.3996085366	120
507750.7178991967	3881249.3996085366	120
507750.42629864137	3881249.2330134	120
507750.42629864137	3881249.2330134	120
507750.28049363336	3881249.155260715	120
507750.1438055701	3881249.077515806	120
507750.28049363336	3881249.155260715	120
507750.1438055701	3881249.077515806	120
507750.0071269614	3881248.988681139	120
507750.0071269614	3881248.988681139	120
507749.86133140035	3881248.899838702	120
507749.86133140035	3881248.899838702	120
507749.7155358364	3881248.810996267	120
507749.7155358364	3881248.810996267	120
507749.5788572149	3881248.7221616074	120
507749.44216914143	3881248.644416708	120
507749.44216914143	3881248.644416708	120
507749.44216914143	3881248.644416708	120
507749.30548106565	3881248.5666718115	120
507749.30548106565	3881248.5666718115	120
507749.16880244116	3881248.477837156	120
507749.16880244116	3881248.477837156	120
507749.03211436054	3881248.400092264	120
507749.03211436054	3881248.400092264	120
507748.8954357308	3881248.311257613	120
507748.7496401457	3881248.2224151934	120
507748.8954357308	3881248.311257613	120
507748.61296151055	3881248.1335805478	120
507748.61296151055	3881248.1335805478	120
507748.61296151055	3881248.1335805478	120
507748.46716592216	3881248.044738133	120
507748.46716592216	3881248.044738133	120
507748.1755747346	3881247.86705331	120
507748.1755747346	3881247.86705331	120
507748.02976968547	3881247.7893006615	120
507747.88396463386	3881247.7115480164	120
507748.02976968547	3881247.7893006615	120
507747.7381595774	3881247.6337953727	120
507747.7381595774	3881247.6337953727	120
507747.59235452086	3881247.5560427313	120
507747.59235452086	3881247.5560427313	120
507747.4465589133	3881247.4672003323	120
507747.4465589133	3881247.4672003323	120
507747.4465589133	3881247.4672003323	120
507747.29163689795	3881247.389439926	120
507747.14583183365	3881247.3116872925	120
507747.14583183365	3881247.3116872925	120
507746.99090981315	3881247.233926891	120
507747.14583183365	3881247.3116872925	120
507746.845095293	3881247.16726402	120
507746.845095293	3881247.16726402	120
507746.845095293	3881247.16726402	120
507746.6901732675	3881247.089503625	120
507746.6901732675	3881247.089503625	120
507746.55348514486	3881247.011758769	120
507746.55348514486	3881247.011758769	120
507746.40768006817	3881246.9340061476	120
507746.40768006817	3881246.9340061476	120
507746.252767485	3881246.8451559995	120
507746.252767485	3881246.8451559995	120
507746.1069718529	3881246.756313623	120
507746.1069718529	3881246.756313623	120
507745.9520592637	3881246.6674634796	120
507745.9520592637	3881246.6674634796	120
507745.8062541764	3881246.589710866	120
507745.6513415814	3881246.5008607283	120
507745.6513415814	3881246.5008607283	120
507745.6513415814	3881246.5008607283	120
507745.4873025845	3881246.423092586	120
507745.4873025845	3881246.423092586	120
507745.3415069359	3881246.3342502206	120
507745.3415069359	3881246.3342502206	120
507745.1865943367	3881246.24540009	120
507745.1865943367	3881246.24540009	120
507745.04079868	3881246.1565577323	120
507745.04079868	3881246.1565577323	120
507744.8858860748	3881246.0677076057	120
507744.8858860748	3881246.0677076057	120
507744.73096401384	3881245.989947243	120
507744.73096401384	3881245.989947243	120
507744.5760514005	3881245.9010971235	120
507744.5760514005	3881245.9010971235	120
507744.4211387818	3881245.812247008	120
507744.4211387818	3881245.812247008	120
507744.26621671487	3881245.734486652	120
507744.26621671487	3881245.734486652	120
507744.12041159585	3881245.6567340684	120
507743.96548952366	3881245.5789737175	120
507744.12041159585	3881245.6567340684	120
507743.8196938467	3881245.4901313772	120
507743.8196938467	3881245.4901313772	120
507743.8196938467	3881245.4901313772	120
507743.6738887223	3881245.4123788	120
507743.6738887223	3881245.4123788	120
507743.52808359545	3881245.3346262234	120
507743.52808359545	3881245.3346262234	120
507743.3731615104	3881245.2568658846	120
507743.3731615104	3881245.2568658846	120
507743.218239425	3881245.1791055473	120
507743.07244373433	3881245.0902632196	120
507743.218239425	3881245.1791055473	120
507742.9266291512	3881245.0236004125	120
507742.9266291512	3881245.0236004125	120
507742.7808334575	3881244.9347580904	120
507742.7808334575	3881244.9347580904	120
507742.62591135927	3881244.8569977633	120
507742.62591135927	3881244.8569977633	120
507742.48011565994	3881244.768155446	120
507742.62591135927	3881244.8569977633	120
507742.3252030038	3881244.679305365	120
507742.3252030038	3881244.679305365	120
507742.3252030038	3881244.679305365	120
507742.17029034474	3881244.5904552867	120
507742.17029034474	3881244.5904552867	120
507742.0153682354	3881244.5126949702	120
507742.0153682354	3881244.5126949702	120
507741.8513386139	3881244.423837133	120
507741.8513386139	3881244.423837133	120
507741.70553345565	3881244.3460845863	120
507741.70553345565	3881244.3460845863	120
507741.55973773915	3881244.2572422842	120
507741.55973773915	3881244.2572422842	120
507741.4139514616	3881244.157310223	120
507741.2590387847	3881244.0684601595	120
507741.4139514616	3881244.157310223	120
507741.2590387847	3881244.0684601595	120
507740.9583209307	3881243.901857566	120
507740.9583209307	3881243.901857566	120
507740.79429128784	3881243.8129997477	120
507740.6393691582	3881243.735239455	120
507740.6393691582	3881243.735239455	120
507740.6393691582	3881243.735239455	120
507740.49356397626	3881243.6574869296	120
507740.3477682369	3881243.5686446438	120
507740.49356397626	3881243.6574869296	120
507740.3477682369	3881243.5686446438	120
507740.2019724947	3881243.4798023636	120
507740.2019724947	3881243.4798023636	120
507740.05617674737	3881243.3909600833	120
507739.9103715572	3881243.3132075667	120
507739.9103715572	3881243.3132075667	120
507739.9103715572	3881243.3132075667	120
507739.7645758067	3881243.224365292	120
507739.60054614	3881243.135507496	120
507739.7645758067	3881243.224365292	120
507739.60054614	3881243.135507496	120
507739.44563342567	3881243.046657465	120
507739.44563342567	3881243.046657465	120
507739.29072071065	3881242.957807436	120
507739.29072071065	3881242.957807436	120
507739.1358079903	3881242.8689574096	120
507739.1358079903	3881242.8689574096	120
507738.99001222505	3881242.780115148	120
507738.99001222505	3881242.780115148	120
507738.8442258956	3881242.680183129	120
507738.8442258956	3881242.680183129	120
507738.69842068374	3881242.602430632	120
507738.54349851323	3881242.524670374	120
507738.54349851323	3881242.524670374	120
507738.3977027344	3881242.4358281223	120
507738.3977027344	3881242.4358281223	120
507738.3977027344	3881242.4358281223	120
507738.24278055853	3881242.358067871	120
507738.24278055853	3881242.358067871	120
507738.09697533405	3881242.280315383	120
507738.09697533405	3881242.280315383	120
507737.9511795492	3881242.191473137	120
507737.8053837616	3881242.1026308946	120
507737.8053837616	3881242.1026308946	120
507737.65047101217	3881242.013780894	120
507737.65047101217	3881242.013780894	120
507737.51379217545	3881241.9249464157	120
507737.51379217545	3881241.9249464157	120
507737.36799637927	3881241.8361041797	120
507737.36799637927	3881241.8361041797	120
507737.36799637927	3881241.8361041797	120
507737.21307418204	3881241.7583439467	120
507737.0672783803	3881241.669501717	120
507737.0672783803	3881241.669501717	120
507737.0672783803	3881241.669501717	120
507736.93059009407	3881241.591757006	120
507736.7847942845	3881241.5029147794	120
507736.93059009407	3881241.591757006	120
507736.7847942845	3881241.5029147794	120
507736.63899847446	3881241.414072556	120
507736.63899847446	3881241.414072556	120
507736.48408570193	3881241.3252225756	120
507736.3291634908	3881241.247462356	120
507736.48408570193	3881241.3252225756	120
507736.1833676699	3881241.15862014	120
507736.1833676699	3881241.15862014	120
507736.1833676699	3881241.15862014	120
507736.0284548932	3881241.0697701676	120
507736.0284548932	3881241.0697701676	120
507735.87354210886	3881240.9809201965	120
507735.7277368444	3881240.903167747	120
507735.87354210886	3881240.9809201965	120
507735.7277368444	3881240.903167747	120
507735.5819410144	3881240.8143255403	120
507735.42702822137	3881240.7254755786	120
507735.42702822137	3881240.7254755786	120
507735.281222949	3881240.6477231346	120
507735.281222949	3881240.6477231346	120
507735.1354271082	3881240.558880935	120
507735.1354271082	3881240.558880935	120
507735.1354271082	3881240.558880935	120
507734.98962183064	3881240.4811284984	120
507734.98962183064	3881240.4811284984	120
507734.8346995924	3881240.403368305	120
507734.8346995924	3881240.403368305	120
507734.6888943075	3881240.325615872	120
507734.5430984581	3881240.236773681	120
507734.6888943075	3881240.325615872	120
507734.397293168	3881240.1590212528	120
507734.397293168	3881240.1590212528	120
507734.25149731315	3881240.070179067	120
507734.25149731315	3881240.070179067	120
507734.25149731315	3881240.070179067	120
507734.1056920202	3881239.992426645	120
507733.96901311853	3881239.90359222	120
507733.96901311853	3881239.90359222	120
507733.8141002942	3881239.8147422853	120
507733.8141002942	3881239.8147422853	120
507733.6683044281	3881239.72590011	120
507733.6683044281	3881239.72590011	120
507733.52249912237	3881239.648147695	120
507733.6683044281	3881239.72590011	120
507733.37670325075	3881239.5593055226	120
507733.37670325075	3881239.5593055226	120
507733.37670325075	3881239.5593055226	120
507733.2308979422	3881239.4815531136	120
507733.0759851035	3881239.3927031914	120
507733.0759851035	3881239.3927031914	120
507732.93018922344	3881239.303861028	120
507732.93018922344	3881239.303861028	120
507732.93018922344	3881239.303861028	120
507732.784383907	3881239.2261086255	120
507732.6294616262	3881239.1483484698	120
507732.6294616262	3881239.1483484698	120
507732.6294616262	3881239.1483484698	120
507732.4745393428	3881239.070588318	120
507732.4745393428	3881239.070588318	120
507732.319617059	3881238.992828168	120
507732.1738117324	3881238.9150757743	120
507732.319617059	3881238.992828168	120
507732.0280158335	3881238.8262336263	120
507732.1738117324	3881238.9150757743	120
507732.0280158335	3881238.8262336263	120
507731.88221993414	3881238.737391478	120
507731.88221993414	3881238.737391478	120
507731.72730706964	3881238.64854158	120
507731.5815017324	3881238.570789197	120
507731.5815017324	3881238.570789197	120
507731.43569639267	3881238.4930368164	120
507731.43569639267	3881238.4930368164	120
507731.43569639267	3881238.4930368164	120
507731.2898910481	3881238.415284437	120
507731.2898910481	3881238.415284437	120
507731.1440857034	3881238.3375320616	120
507731.1440857034	3881238.3375320616	120
507730.9982803562	3881238.2597796884	120
507730.9982803562	3881238.2597796884	120
507730.8615825334	3881238.1931248293	120
507730.71577718144	3881238.115372461	120
507730.71577718144	3881238.115372461	120
507730.71577718144	3881238.115372461	120
507730.5699812579	3881238.0265303343	120
507730.4241853292	3881237.937688212	120
507730.4241853292	3881237.937688212	120
507730.4241853292	3881237.937688212	120
507730.2692630086	3881237.8599280957	120
507730.11434068315	3881237.7821679846	120
507730.11434068315	3881237.7821679846	120
507730.11434068315	3881237.7821679846	120
507729.95942778746	3881237.693318115	120
507729.95942778746	3881237.693318115	120
507729.8136129875	3881237.62665552	120
507729.6678076176	3881237.5489031677	120
507729.8136129875	3881237.62665552	120
507729.5220116747	3881237.4600610584	120
507729.6678076176	3881237.5489031677	120
507729.5220116747	3881237.4600610584	120
507729.37621572666	3881237.371218953	120
507729.37621572666	3881237.371218953	120
507729.2304197781	3881237.2823768477	120
507729.0937407881	3881237.1935424977	120
507729.0937407881	3881237.1935424977	120
507729.0937407881	3881237.1935424977	120
507728.93881844124	3881237.115782405	120
507728.93881844124	3881237.115782405	120
507728.78389609634	3881237.0380223165	120
507728.6472076675	3881236.9602777325	120
507728.78389609634	3881237.0380223165	120
507728.6472076675	3881236.9602777325	120
507728.5014022746	3881236.8825253984	120
507728.5014022746	3881236.8825253984	120
507728.36471384333	3881236.8047808195	120
507728.36471384333	3881236.8047808195	120
507728.23715179967	3881236.7159542316	120
507728.23715179967	3881236.7159542316	120
507727.9546768185	3881236.5382778137	120
507727.9546768185	3881236.5382778137	120
507727.8088808404	3881236.4494357314	120
507727.6539678995	3881236.3605859024	120
507727.8088808404	3881236.4494357314	120
507727.51727945317	3881236.2828413355	120
507727.51727945317	3881236.2828413355	120
507727.3714834667	3881236.193999261	120
507727.51727945317	3881236.2828413355	120
507727.2256969065	3881236.09406743	120
507727.3714834667	3881236.193999261	120
507727.0799009165	3881236.0052253604	120
507727.2256969065	3881236.09406743	120
507726.9341049213	3881235.916383292	120
507726.9341049213	3881235.916383292	120
507726.7883089256	3881235.827541229	120
507726.7883089256	3881235.827541229	120
507726.6333959641	3881235.738691417	120
507726.7883089256	3881235.827541229	120
507726.6333959641	3881235.738691417	120
507726.48759053444	3881235.660939116	120
507726.48759053444	3881235.660939116	120
507726.3509114933	3881235.5721048075	120
507726.3509114933	3881235.5721048075	120
507726.214223024	3881235.49436026	120
507726.214223024	3881235.49436026	120
507726.07755340077	3881235.3944361964	120
507726.07755340077	3881235.3944361964	120
507725.931757386	3881235.3055941453	120
507725.931757386	3881235.3055941453	120
507725.79508775915	3881235.2056700853	120
507725.79508775915	3881235.2056700853	120
507725.64929174096	3881235.1168280393	120
507725.64929174096	3881235.1168280393	120
507725.50348629523	3881235.039075754	120
507725.3576902691	3881234.9502337123	120
507725.3576902691	3881234.9502337123	120
507725.3576902691	3881234.9502337123	120
507725.2118848183	3881234.8724814327	120
507725.2118848183	3881234.8724814327	120
507725.07520575286	3881234.7836471433	120
507725.07520575286	3881234.7836471433	120
507724.9294097185	3881234.694805109	120
507724.9294097185	3881234.694805109	120
507724.77449671965	3881234.6059553283	120
507724.62869125826	3881234.528203058	120
507724.77449671965	3881234.6059553283	120
507724.47377825127	3881234.439353283	120
507724.47377825127	3881234.439353283	120
507724.31885581807	3881234.3615932693	120
507724.31885581807	3881234.3615932693	120
507724.31885581807	3881234.3615932693	120
507724.1639428099	3881234.272743501	120
507724.1639428099	3881234.272743501	120
507724.0181467608	3881234.183901481	120
507724.0181467608	3881234.183901481	120
507723.87235070654	3881234.095059463	120
507723.7265546518	3881234.006217448	120
507723.7265546518	3881234.006217448	120
507723.58076801646	3881233.9062856743	120
507723.58076801646	3881233.9062856743	120
507723.58076801646	3881233.9062856743	120
507723.4349719512	3881233.817443664	120
507723.28917589	3881233.728601656	120
507723.28917589	3881233.728601656	120
507723.14337982365	3881233.63975965	120
507723.14337982365	3881233.63975965	120
507723.14337982365	3881233.63975965	120
507722.9975743282	3881233.562007406	120
507722.9975743282	3881233.562007406	120
507722.8426612935	3881233.4731576587	120
507722.8426612935	3881233.4731576587	120
507722.69685579516	3881233.395405419	120
507722.69685579516	3881233.395405419	120
507722.5419427524	3881233.3065556777	120
507722.5419427524	3881233.3065556777	120
507722.38703912514	3881233.2066161796	120
507722.38703912514	3881233.2066161796	120
507722.07721302175	3881233.028916711	120
507722.07721302175	3881233.028916711	120
507721.92229054635	3881232.9511567377	120
507721.92229054635	3881232.9511567377	120
507721.7582605204	3881232.862299265	120
507721.7582605204	3881232.862299265	120
507721.6124644229	3881232.7734572846	120
507721.6124644229	3881232.7734572846	120
507721.4666683249	3881232.6846153056	120
507721.32998919004	3881232.595781072	120
507721.4666683249	3881232.6846153056	120
507721.32998919004	3881232.595781072	120
507721.1841930864	3881232.5069390987	120
507721.1841930864	3881232.5069390987	120
507721.03839697764	3881232.4180971268	120
507720.89260086836	3881232.3292551558	120
507720.89260086836	3881232.3292551558	120
507720.74680475617	3881232.2404131894	120
507720.74680475617	3881232.2404131894	120
507720.5918916724	3881232.1515634814	120
507720.5918916724	3881232.1515634814	120
507720.4552031025	3881232.0738190217	120
507720.4552031025	3881232.0738190217	120
507720.4552031025	3881232.0738190217	120
507720.309406982	3881231.984977061	120
507720.309406982	3881231.984977061	120
507720.16360143817	3881231.907224863	120
507720.16360143817	3881231.907224863	120
507720.0178053121	3881231.8183829067	120
507720.0178053121	3881231.8183829067	120
507719.8720091832	3881231.7295409525	120
507719.72620363155	3881231.651788762	120
507719.8720091832	3881231.7295409525	120
507719.5804074972	3881231.562946814	120
507719.5804074972	3881231.562946814	120
507719.5804074972	3881231.562946814	120
507719.43460194033	3881231.4851946267	120
507719.28879638336	3881231.407442441	120
507719.43460194033	3881231.4851946267	120
507719.142981407	3881231.3407800184	120
507719.28879638336	3881231.407442441	120
507719.142981407	3881231.3407800184	120
507718.9971758429	3881231.2630278394	120
507718.8422627277	3881231.1741781603	120
507718.8422627277	3881231.1741781603	120
507718.8422627277	3881231.1741781603	120
507718.69645716064	3881231.096425987	120
507718.5506515888	3881231.0186738134	120
507718.5506515888	3881231.0186738134	120
507718.5506515888	3881231.0186738134	120
507718.39573846513	3881230.9298241423	120
507718.39573846513	3881230.9298241423	120
507718.249932888	3881230.852071975	120
507718.249932888	3881230.852071975	120
507718.1041367264	3881230.7632300495	120
507718.1041367264	3881230.7632300495	120
507717.9492330071	3881230.6632906287	120
507717.9492330071	3881230.6632906287	120
507717.80343683955	3881230.574448709	120
507717.80343683955	3881230.574448709	120
507717.6576406691	3881230.4856067915	120
507717.5027275253	3881230.396757136	120
507717.6576406691	3881230.4856067915	120
507717.5027275253	3881230.396757136	120
507717.3569313514	3881230.307915223	120
507717.20201820164	3881230.2190655745	120
507717.20201820164	3881230.2190655745	120
507717.05621260527	3881230.1413134253	120
507717.20201820164	3881230.2190655745	120
507717.05621260527	3881230.1413134253	120
507716.90129944973	3881230.05246378	120
507716.90129944973	3881230.05246378	120
507716.75550326216	3881229.963621877	120
507716.60059010296	3881229.8747722376	120
507716.75550326216	3881229.963621877	120
507716.60059010296	3881229.8747722376	120
507716.4456769384	3881229.7859226004	120
507716.4456769384	3881229.7859226004	120
507716.29075435747	3881229.7081627264	120
507716.29075435747	3881229.7081627264	120
507716.1267148072	3881229.6303951135	120
507716.1267148072	3881229.6303951135	120
507715.9717828078	3881229.5637250035	120
507715.9717828078	3881229.5637250035	120
507715.8077432522	3881229.485957397	120
507715.8077432522	3881229.485957397	120
507715.652820663	3881229.4081975333	120
507715.652820663	3881229.4081975333	120
507715.5070150381	3881229.3304454107	120
507715.5070150381	3881229.3304454107	120
507715.35210185597	3881229.241595791	120
507715.35210185597	3881229.241595791	120
507715.1971792564	3881229.1638359358	120
507715.1971792564	3881229.1638359358	120
507715.0422660684	3881229.0749863232	120
507715.0422660684	3881229.0749863232	120
507714.8873434634	3881228.997226471	120
507714.8873434634	3881228.997226471	120
507714.7233038906	3881228.919458886	120
507714.7233038906	3881228.919458886	120
507714.5683812802	3881228.841699039	120
507714.5683812802	3881228.841699039	120
507714.4225850504	3881228.7528571747	120
507714.4225850504	3881228.7528571747	120
507714.2767888155	3881228.664015313	120
507714.13099258003	3881228.5751734516	120
507714.13099258003	3881228.5751734516	120
507714.13099258003	3881228.5751734516	120
507713.9760793693	3881228.4863238563	120
507713.9760793693	3881228.4863238563	120
507713.8302831281	3881228.397482002	120
507713.8302831281	3881228.397482002	120
507713.67536050116	3881228.3197221714	120
507713.52955484425	3881228.241970078	120
507713.67536050116	3881228.3197221714	120
507713.3746322144	3881228.1642102543	120
507713.3746322144	3881228.1642102543	120
507713.3746322144	3881228.1642102543	120
507713.2379529304	3881228.0753761437	120
507713.2379529304	3881228.0753761437	120
507713.09215667535	3881227.9865343003	120
507713.09215667535	3881227.9865343003	120
507712.9463510082	3881227.9087822186	120
507712.9463510082	3881227.9087822186	120
507712.8096623093	3881227.831037873	120
507712.8096623093	3881227.831037873	120
507712.6820905766	3881227.7533012666	120
507712.5545094352	3881227.686654419	120
507712.5545094352	3881227.686654419	120
507712.5545094352	3881227.686654419	120
507712.43604526296	3881227.62001531	120
507712.31758108665	3881227.5533762015	120
507712.31758108665	3881227.5533762015	120
507712.31758108665	3881227.5533762015	120
507712.20822447597	3881227.49783459	120
507712.20822447597	3881227.49783459	120
507712.0897602964	3881227.431195484	120
507712.0897602964	3881227.431195484	120
507711.98040368286	3881227.3756538746	120
507711.98040368286	3881227.3756538746	120
507711.8710564713	3881227.3090225062	120
507711.8710564713	3881227.3090225062	120
507711.76170926285	3881227.2423911397	120
507711.76170926285	3881227.2423911397	120
507711.67059599335	3881227.175775243	120
507711.67059599335	3881227.175775243	120
507711.570356341	3881227.120241371	120
507711.570356341	3881227.120241371	120
507711.47012609965	3881227.0536177414	120
507711.47012609965	3881227.0536177414	120
507711.36076947313	3881226.9980761404	120
507711.36076947313	3881226.9980761404	120
507711.2605392289	3881226.931452513	120
507711.2605392289	3881226.931452513	120
507711.16030898085	3881226.8648288893	120
507711.16030898085	3881226.8648288893	120
507711.06007873366	3881226.798205265	120
507710.9598390735	3881226.7426714	120
507711.06007873366	3881226.798205265	120
