507841.531977246	3881302.15389227	100
507840.931977246	3881302.6538922703	100
507840.931986812	3881302.6428025104	100
507840.931986812	3881302.6428025104	100
507840.9319963789	3881302.631712751	100
507840.9319963789	3881302.631712751	100
507840.922879482	3881302.63170488	100
507840.922879482	3881302.63170488	100
507840.4128880829	3881301.98805838	100
507840.1851378289	3881301.78824609	100
507840.1851378289	3881301.78824609	100
507840.1851378289	3881301.78824609	100
507839.6840336729	3881301.41076174	100
507839.6840336729	3881301.41076174	100
507838.918759392	3881300.777984911	100
507838.918759392	3881300.777984911	100
507838.20809077285	3881300.25615292	100
507838.20809077285	3881300.25615292	100
507837.296974586	3881299.58998116	100
507837.296974586	3881299.58998116	100
507836.67736960686	3881299.1902152714	100
507836.67736960686	3881299.1902152714	100
507835.848056742	3881298.81244816	100
507835.848056742	3881298.81244816	100
507835.346837524	3881298.56804118	100
507835.346837524	3881298.56804118	100
507834.73629194	3881298.23482184	100
507834.73629194	3881298.23482184	100
507834.1348918849	3881297.86834112	100
507834.1348918849	3881297.86834112	100
507834.080219152	3881297.83502469	100
507834.080219152	3881297.83502469	100
507834.03465375886	3881297.81280588	100
507834.03465375886	3881297.81280588	100
507833.998214828	3881297.7795051695	100
507833.998214828	3881297.7795051695	100
507833.970873682	3881297.76839184	100
507833.934444308	3881297.72400136	100
507833.934444308	3881297.72400136	100
507833.934444308	3881297.72400136	100
507833.925346522	3881297.701813981	100
507833.925346522	3881297.701813981	100
507833.8980149308	3881297.67961089	100
507833.8980149308	3881297.67961089	100
507833.8615664409	3881297.65739994	100
507833.8615664409	3881297.65739994	100
507833.825117948	3881297.6351889903	100
507833.825117948	3881297.6351889903	100
507833.788659902	3881297.6240678	100
507833.788659902	3881297.6240678	100
507833.7522114089	3881297.60185685	100
507833.7522114089	3881297.60185685	100
507833.688431326	3881297.55744281	100
507833.688431326	3881297.55744281	100
507833.65199239	3881297.524142101	100
507833.65199239	3881297.524142101	100
507833.6155439009	3881297.5019311504	100
507833.6155439009	3881297.5019311504	100
507833.588221866	3881297.4686382897	100
507833.588221866	3881297.4686382897	100
507833.57000718	3881297.44644306	100
507833.57000718	3881297.44644306	100
507833.542675588	3881297.42423997	100
507833.5244608988	3881297.40204473	100
507833.5244608988	3881297.40204473	100
507833.5244608988	3881297.40204473	100
507833.460680814	3881297.35763069	100
507833.460680814	3881297.35763069	100
507833.4151154189	3881297.3354118895	100
507833.360442678	3881297.30209546	100
507833.360442678	3881297.30209546	100
507833.360442678	3881297.30209546	100
507833.2966434769	3881297.27986094	100
507833.2966434769	3881297.27986094	100
507833.2237369329	3881297.24652881	100
507833.2237369329	3881297.24652881	100
507833.141723042	3881297.2020990495	100
507833.141723042	3881297.2020990495	100
507832.950354106	3881297.10212622	100
507832.8501159648	3881297.046591	100
507832.8501159648	3881297.046591	100
507832.758994726	3881296.991063631	100
507832.758994726	3881296.991063631	100
507832.758994726	3881296.991063631	100
507832.667873484	3881296.9355362714	100
507832.667873484	3881296.9355362714	100
507832.567635338	3881296.8800010495	100
507832.567635338	3881296.8800010495	100
507832.467387636	3881296.835555591	100
507832.467387636	3881296.835555591	100
507832.367149488	3881296.7800203697	100
507832.367149488	3881296.7800203697	100
507832.276018686	3881296.7355827694	100
507832.276018686	3881296.7355827694	100
507832.075542384	3881296.62451234	100
507832.075542384	3881296.62451234	100
507831.975304232	3881296.56897713	100
507831.975304232	3881296.56897713	100
507831.8659587309	3881296.502344301	100
507831.8659587309	3881296.502344301	100
507831.7566036729	3881296.4468012303	100
507831.7566036729	3881296.4468012303	100
507831.647248614	3881296.39125817	100
507831.528786206	3881296.3246174897	100
507831.647248614	3881296.39125817	100
507831.4012068929	3881296.25796896	100
507831.528786206	3881296.3246174897	100
507831.4012068929	3881296.25796896	100
507831.173389416	3881296.135785221	100
507831.173389416	3881296.135785221	100
507831.0549365549	3881296.0580547904	100
507831.0549365549	3881296.0580547904	100
507830.93648369	3881295.98032436	100
507830.81802127085	3881295.9136836897	100
507830.81802127085	3881295.9136836897	100
507830.6995588529	3881295.847043021	100
507830.81802127085	3881295.9136836897	100
507830.6995588529	3881295.847043021	100
507830.590213332	3881295.7804102	100
507830.590213332	3881295.7804102	100
507830.462634004	3881295.71376168	100
507830.462634004	3881295.71376168	100
507830.353288482	3881295.6471288702	100
507830.353288482	3881295.6471288702	100
507830.2348165009	3881295.5915779695	100
507830.1072371689	3881295.52492946	100
507830.1072371689	3881295.52492946	100
507830.1072371689	3881295.52492946	100
507829.9887747349	3881295.4582888	100
507829.9887747349	3881295.4582888	100
507829.8611954009	3881295.3916402897	100
507829.8611954009	3881295.3916402897	100
507829.7244991569	3881295.3249839297	100
507829.5969198169	3881295.25833542	100
507829.7244991569	3881295.3249839297	100
507829.5969198169	3881295.25833542	100
507829.4511066669	3881295.19167121	100
507829.4511066669	3881295.19167121	100
507829.18685017485	3881295.036186831	100
507829.18685017485	3881295.036186831	100
507828.922593676	3881294.880702461	100
507828.7950334269	3881294.79187444	100
507828.7950334269	3881294.79187444	100
507828.7950334269	3881294.79187444	100
507828.65834672	3881294.71412833	100
507828.530776912	3881294.63639008	100
507828.530776912	3881294.63639008	100
507828.3940902	3881294.55864398	100
507828.3940902	3881294.55864398	100
507828.257403486	3881294.48089788	100
507828.257403486	3881294.48089788	100
507828.257403486	3881294.48089788	100
507828.1207072189	3881294.41424154	100
507828.0022543089	3881294.3365111514	100
507828.0022543089	3881294.3365111514	100
507827.865567586	3881294.2587650497	100
507827.865567586	3881294.2587650497	100
507827.7288808629	3881294.18101896	100
507827.7288808629	3881294.18101896	100
507827.5921941369	3881294.103272871	100
507827.5921941369	3881294.103272871	100
507827.5921941369	3881294.103272871	100
507827.464614764	3881294.036624391	100
507827.464614764	3881294.036624391	100
507827.327928032	3881293.9588783	100
507827.327928032	3881293.9588783	100
507827.054554562	3881293.80338614	100
507827.054554562	3881293.80338614	100
507826.9269847309	3881293.7256479114	100
507826.9269847309	3881293.7256479114	100
507826.7994148969	3881293.64790968	100
507826.66272815486	3881293.5701636	100
507826.66272815486	3881293.5701636	100
507826.52605096	3881293.48132777	100
507826.52605096	3881293.48132777	100
507826.52605096	3881293.48132777	100
507826.389364214	3881293.4035817	100
507826.389364214	3881293.4035817	100
507826.2526774629	3881293.3258356303	100
507826.1068738029	3881293.248081711	100
507826.1068738029	3881293.248081711	100
507825.97018705	3881293.17033564	100
507825.97018705	3881293.17033564	100
507825.833509842	3881293.08149982	100
507825.833509842	3881293.08149982	100
507825.833509842	3881293.08149982	100
507825.696823084	3881293.00375376	100
507825.5601458709	3881292.91491794	100
507825.5601458709	3881292.91491794	100
507825.4234591069	3881292.83717188	100
507825.4234591069	3881292.83717188	100
507825.2867818889	3881292.74833606	100
507825.2867818889	3881292.74833606	100
507825.1592120249	3881292.67059786	100
507825.1592120249	3881292.67059786	100
507825.1592120249	3881292.67059786	100
507825.013408346	3881292.59284396	100
507824.8767215728	3881292.515097911	100
507825.013408346	3881292.59284396	100
507824.8767215728	3881292.515097911	100
507824.749161252	3881292.4262699503	100
507824.612474474	3881292.3485239	100
507824.612474474	3881292.3485239	100
507824.612474474	3881292.3485239	100
507824.475787694	3881292.270777861	100
507824.475787694	3881292.270777861	100
507824.329993552	3881292.1819342095	100
507824.329993552	3881292.1819342095	100
507824.19330676686	3881292.10418817	100
507824.19330676686	3881292.10418817	100
507824.0566199749	3881292.02644213	100
507824.0566199749	3881292.02644213	100
507823.919933186	3881291.9486961	100
507823.919933186	3881291.9486961	100
507823.7741294869	3881291.87094222	100
507823.7741294869	3881291.87094222	100
507823.6465596	3881291.7932040314	100
507823.509872804	3881291.7154580094	100
507823.509872804	3881291.7154580094	100
507823.509872804	3881291.7154580094	100
507823.3731860049	3881291.63771198	100
507823.3731860049	3881291.63771198	100
507823.2365087489	3881291.548876192	100
507823.09983149	3881291.46004041	100
507823.09983149	3881291.46004041	100
507822.9722615889	3881291.38230224	100
507823.09983149	3881291.46004041	100
507822.9722615889	3881291.38230224	100
507822.708004878	3881291.22681805	100
507822.708004878	3881291.22681805	100
507822.5804254289	3881291.16016964	100
507822.5804254289	3881291.16016964	100
507822.45285552	3881291.082431471	100
507822.45285552	3881291.082431471	100
507822.3344025189	3881291.004701152	100
507822.3344025189	3881291.004701152	100
507822.206823064	3881290.938052751	100
507822.0883700569	3881290.86032244	100
507822.0883700569	3881290.86032244	100
507822.0883700569	3881290.86032244	100
507821.969917052	3881290.78259212	100
507821.969917052	3881290.78259212	100
507821.8514545	3881290.7159515694	100
507821.8514545	3881290.7159515694	100
507821.732991944	3881290.649311021	100
507821.732991944	3881290.649311021	100
507821.614529388	3881290.5826704702	100
507821.4960668309	3881290.51602992	100
507821.4960668309	3881290.51602992	100
507821.4960668309	3881290.51602992	100
507821.38672118	3881290.44939722	100
507821.38672118	3881290.44939722	100
507821.268258622	3881290.3827566714	100
507821.268258622	3881290.3827566714	100
507821.14979605685	3881290.3161161295	100
507821.14979605685	3881290.3161161295	100
507821.0313334929	3881290.2494755904	100
507821.0313334929	3881290.2494755904	100
507820.9128709249	3881290.1828350495	100
507820.9128709249	3881290.1828350495	100
507820.7944083589	3881290.1161945104	100
507820.7944083589	3881290.1161945104	100
507820.675936248	3881290.060643741	100
507820.675936248	3881290.060643741	100
507820.566590584	3881289.99401104	100
507820.566590584	3881289.99401104	100
507820.448128014	3881289.927370511	100
507820.3387728049	3881289.871827581	100
507820.3387728049	3881289.871827581	100
507820.3387728049	3881289.871827581	100
507820.2112028609	3881289.7940894496	100
507820.2112028609	3881289.7940894496	100
507820.101857192	3881289.72745676	100
507820.101857192	3881289.72745676	100
507819.9833946129	3881289.6608162303	100
507819.9833946129	3881289.6608162303	100
507819.8649320309	3881289.5941757103	100
507819.8649320309	3881289.5941757103	100
507819.75557681685	3881289.53863278	100
507819.75557681685	3881289.53863278	100
507819.6371142329	3881289.47199226	100
507819.6371142329	3881289.47199226	100
507819.518651644	3881289.40535174	100
507819.518651644	3881289.40535174	100
507819.409296428	3881289.34980882	100
507819.409296428	3881289.34980882	100
507819.290833836	3881289.2831683	100
507819.1814881569	3881289.216535631	100
507819.1814881569	3881289.216535631	100
507819.1814881569	3881289.216535631	100
507819.063025564	3881289.149895111	100
507818.9445725069	3881289.07216484	100
507818.9445725069	3881289.07216484	100
507818.9445725069	3881289.07216484	100
507818.8352172829	3881289.01662193	100
507818.8352172829	3881289.01662193	100
507818.7167546828	3881288.94998142	100
507818.7167546828	3881288.94998142	100
507818.6073994569	3881288.8944385103	100
507818.6073994569	3881288.8944385103	100
507818.50716113485	3881288.8389034495	100
507818.4160301849	3881288.7944659903	100
507818.4160301849	3881288.7944659903	100
507818.4160301849	3881288.7944659903	100
507818.3157918649	3881288.73893092	100
507818.2155630809	3881288.6723061	100
507818.2155630809	3881288.6723061	100
507818.115324756	3881288.61677104	100
507818.2155630809	3881288.6723061	100
507818.01508643	3881288.56123598	100
507818.01508643	3881288.56123598	100
507818.01508643	3881288.56123598	100
507817.9148481029	3881288.5057009296	100
507817.81460977485	3881288.450165871	100
507817.9148481029	3881288.5057009296	100
507817.7143714449	3881288.39463081	100
507817.7143714449	3881288.39463081	100
507817.7143714449	3881288.39463081	100
507817.623240488	3881288.35019336	100
507817.623240488	3881288.35019336	100
507817.5321190689	3881288.294666152	100
507817.4410071849	3881288.228049181	100
507817.5321190689	3881288.294666152	100
507817.4410071849	3881288.228049181	100
507817.3498952988	3881288.16143221	100
507817.3498952988	3881288.16143221	100
507817.258783412	3881288.09481524	100
507817.1676619889	3881288.0392880314	100
507817.1676619889	3881288.0392880314	100
507817.1676619889	3881288.0392880314	100
507817.07654056	3881287.98376082	100
507817.07654056	3881287.98376082	100
507816.985419132	3881287.9282336095	100
507816.985419132	3881287.9282336095	100
507816.885171254	3881287.8837883295	100
507816.885171254	3881287.8837883295	100
507816.803147662	3881287.8504484897	100
507816.712016696	3881287.80601104	100
507816.712016696	3881287.80601104	100
507816.712016696	3881287.80601104	100
507816.629993102	3881287.7726712	100
507816.547979044	3881287.7282416	100
507816.547979044	3881287.7282416	100
507816.4659649849	3881287.683812	100
507816.547979044	3881287.7282416	100
507816.383950928	3881287.6393824	100
507816.383950928	3881287.6393824	100
507816.383950928	3881287.6393824	100
507816.31105377886	3881287.59496064	100
507816.31105377886	3881287.59496064	100
507816.23815663	3881287.55053888	100
507816.156133032	3881287.51719904	100
507816.23815663	3881287.55053888	100
507816.156133032	3881287.51719904	100
507816.0741189689	3881287.47276944	100
507816.0741189689	3881287.47276944	100
507816.001212284	3881287.43943745	100
507816.001212284	3881287.43943745	100
507815.9283055948	3881287.40610545	100
507815.9283055948	3881287.40610545	100
507815.855408442	3881287.3616836895	100
507815.78251129086	3881287.31726194	100
507815.855408442	3881287.3616836895	100
507815.700487692	3881287.2839221	100
507815.700487692	3881287.2839221	100
507815.700487692	3881287.2839221	100
507815.6184736249	3881287.2394925104	100
507815.6184736249	3881287.2394925104	100
507815.5364595569	3881287.19506292	100
507815.4544359529	3881287.16172309	100
507815.5364595569	3881287.19506292	100
507815.4544359529	3881287.16172309	100
507815.3815292629	3881287.1283910894	100
507815.3815292629	3881287.1283910894	100
507815.317739482	3881287.09506694	100
507815.317739482	3881287.09506694	100
507815.2539497028	3881287.061742791	100
507815.2539497028	3881287.061742791	100
507815.2083746749	3881287.0506138303	100
507815.2083746749	3881287.0506138303	100
507815.19015991886	3881287.02841864	100
507815.16281872	3881287.01730536	100
507815.16281872	3881287.01730536	100
507815.16281872	3881287.01730536	100
507815.144594428	3881287.00619992	100
507815.144594428	3881287.00619992	100
507815.135477516	3881287.00619208	100
507815.135477516	3881287.00619208	100
507815.144594428	3881287.00619992	100
507815.144594428	3881287.00619992	100
507815.1445848929	3881287.01728968	100
507815.1537018049	3881287.01729752	100
507815.1537018049	3881287.01729752	100
507815.16281872	3881287.01730536	100
507815.16281872	3881287.01730536	100
507815.1628091849	3881287.02839512	100
507815.1628091849	3881287.02839512	100
507815.16281872	3881287.01730536	100
507815.16281872	3881287.01730536	100
507815.16281872	3881287.01730536	100
507815.16281872	3881287.01730536	100
507815.16282825486	3881287.0062156	100
507815.16282825486	3881287.0062156	100
507815.1628473249	3881286.98403608	100
507815.1628473249	3881286.98403608	100
507815.1628473249	3881286.98403608	100
507815.15374948	3881286.96184872	100
507815.1355347249	3881286.93965352	100
507815.1355347249	3881286.93965352	100
507815.1355347249	3881286.93965352	100
507815.117310438	3881286.9285480897	100
507815.117310438	3881286.9285480897	100
507815.0990956809	3881286.9063528897	100
507815.0899978388	3881286.88416553	100
507815.0990956809	3881286.9063528897	100
507815.080899996	3881286.8619781695	100
507815.080899996	3881286.8619781695	100
507815.080899996	3881286.8619781695	100
507815.071783084	3881286.8619703297	100
507815.071783084	3881286.8619703297	100
507815.071783084	3881286.8619703297	100
507815.071783084	3881286.8619703297	100
507815.071783084	3881286.8619703297	100
507815.0717735489	3881286.8730600895	100
507815.0717735489	3881286.8730600895	100
507815.0717735489	3881286.8730600895	100
507815.0808904609	3881286.87306793	100
507815.090007374	3881286.8730757697	100
507815.090007374	3881286.8730757697	100
507815.090007374	3881286.8730757697	100
507815.099124286	3881286.87308361	100
507815.099124286	3881286.87308361	100
507815.108241198	3881286.8730914495	100
507815.108241198	3881286.8730914495	100
507815.117367648	3881286.8620095295	100
507815.117367648	3881286.8620095295	100
507815.126494092	3881286.8509276	100
507815.126494092	3881286.8509276	100
507815.144737452	3881286.83985352	100
507815.144737452	3881286.83985352	100
507815.153873434	3881286.81768184	100
507815.153873434	3881286.81768184	100
507815.162999884	3881286.80659992	100
507815.162999884	3881286.80659992	100
507815.162999884	3881286.80659992	100
507815.162999884	3881286.80659992	100
507815.162999884	3881286.80659992	100
507815.162999884	3881286.80659992	100
507815.162999884	3881286.80659992	100
507815.162999884	3881286.80659992	100
507815.1629903489	3881286.81768968	100
507815.1629903489	3881286.81768968	100
507815.1629903489	3881286.81768968	100
507815.1538638988	3881286.8287716	100
507815.1538638988	3881286.8287716	100
507815.1538638988	3881286.8287716	100
507815.1538638988	3881286.8287716	100
507815.153854364	3881286.83986136	100
507815.153854364	3881286.83986136	100
507815.153854364	3881286.83986136	100
507815.1629712789	3881286.8398692	100
507815.1629712789	3881286.8398692	100
507815.1629712789	3881286.8398692	100
507815.1629712789	3881286.8398692	100
507815.1629712789	3881286.8398692	100
507815.153854364	3881286.83986136	100
507815.153854364	3881286.83986136	100
507815.153854364	3881286.83986136	100
507815.1538448289	3881286.85095112	100
507815.1538448289	3881286.85095112	100
507815.1538448289	3881286.85095112	100
507815.1538448289	3881286.85095112	100
507815.153835294	3881286.86204088	100
507815.153835294	3881286.86204088	100
507815.1538162249	3881286.8842204	100
507815.1538162249	3881286.8842204	100
507815.13556333	3881286.90638424	100
507815.13556333	3881286.90638424	100
507815.108193524	3881286.92854025	100
507815.108193524	3881286.92854025	100
507815.0899501649	3881286.9396143295	100
507815.0534729789	3881286.95067274	100
507815.0534729789	3881286.95067274	100
507815.0534729789	3881286.95067274	100
507815.007888418	3881286.95063354	100
507815.007888418	3881286.95063354	100
507814.944089102	3881286.9283991503	100
507814.944089102	3881286.9283991503	100
507814.87117287086	3881286.9061569297	100
507814.87117287086	3881286.9061569297	100
507814.789149262	3881286.872817101	100
507814.789149262	3881286.872817101	100
507814.69801827485	3881286.82837968	100
507814.69801827485	3881286.82837968	100
507814.6068872869	3881286.78394225	100
507814.6068872869	3881286.78394225	100
507814.5066393869	3881286.739497	100
507814.5066393869	3881286.739497	100
507814.4155179289	3881286.68396982	100
507814.4155179289	3881286.68396982	100
507814.3061626489	3881286.62842696	100
507814.1876999849	3881286.561786511	100
507814.1876999849	3881286.561786511	100
507814.0692373229	3881286.49514606	100
507814.0692373229	3881286.49514606	100
507813.95077465486	3881286.4285056097	100
507813.95077465486	3881286.4285056097	100
507813.823195074	3881286.36185732	100
507813.823195074	3881286.36185732	100
507813.695615492	3881286.29520904	100
507813.695615492	3881286.29520904	100
507813.695615492	3881286.29520904	100
507813.5862601989	3881286.2396661914	100
507813.5862601989	3881286.2396661914	100
507813.4860218209	3881286.184131191	100
507813.4860218209	3881286.184131191	100
507813.37667606	3881286.11749858	100
507813.37667606	3881286.11749858	100
507813.2673207649	3881286.061955741	100
507813.2673207649	3881286.061955741	100
507813.157955936	3881286.01750266	100
507813.157955936	3881286.01750266	100
507813.048591106	3881285.97304958	100
507813.048591106	3881285.97304958	100
507812.9483336549	3881285.93969409	100
507812.9483336549	3881285.93969409	100
507812.875426944	3881285.90636212	100
507812.875426944	3881285.90636212	100
507812.802520234	3881285.8730301503	100
507812.802520234	3881285.8730301503	100
507812.729623054	3881285.828608421	100
507812.729623054	3881285.828608421	100
507812.6567258729	3881285.7841866896	100
507812.5838191589	3881285.75085472	100
507812.5838191589	3881285.75085472	100
507812.5200198289	3881285.7286203504	100
507812.5200198289	3881285.7286203504	100
507812.5200198289	3881285.7286203504	100
507812.4653469428	3881285.69530405	100
507812.4653469428	3881285.69530405	100
507812.41064546	3881285.69525704	100
507812.355924914	3881285.71738954	100
507812.355924914	3881285.71738954	100
507812.355924914	3881285.71738954	100
507812.310321284	3881285.73952988	100
507812.310321284	3881285.73952988	100
507812.2556102729	3881285.750572631	100
507812.2556102729	3881285.750572631	100
507812.2191426169	3881285.75054128	100
507812.2191426169	3881285.75054128	100
507812.191782346	3881285.76160754	100
507812.191782346	3881285.76160754	100
507812.17354851885	3881285.76159186	100
507812.17354851885	3881285.76159186	100
507812.1553242229	3881285.7504864302	100
507812.1553242229	3881285.7504864302	100
507812.14621683885	3881285.73938884	100
507812.14621683885	3881285.73938884	100
507812.1371094569	3881285.72829124	100
507812.1371094569	3881285.72829124	100
507812.128011606	3881285.7061038897	100
507812.128011606	3881285.7061038897	100
507812.1280211369	3881285.6950141294	100
507812.1280211369	3881285.6950141294	100
507812.128030668	3881285.6839243695	100
507812.118923286	3881285.6728267698	100
507812.118923286	3881285.6728267698	100
507812.118923286	3881285.6728267698	100
507812.1189328169	3881285.66173701	100
507812.1189328169	3881285.66173701	100
507812.1189328169	3881285.66173701	100
507812.1189328169	3881285.66173701	100
507812.109815906	3881285.66172918	100
507812.109815906	3881285.66172918	100
507812.109815906	3881285.66172918	100
507812.109815906	3881285.66172918	100
507812.109815906	3881285.66172918	100
507812.109815906	3881285.66172918	100
507812.1098063749	3881285.67281894	100
507812.1098063749	3881285.67281894	100
507812.1098063749	3881285.67281894	100
507812.1098063749	3881285.67281894	100
507812.109815906	3881285.66172918	100
507812.1189328169	3881285.66173701	100
507812.109815906	3881285.66172918	100
507822.3889512669	3881291.1821843903	100
507822.3889512669	3881291.1821843903	100
507822.3889512669	3881291.1821843903	100
507822.3889512669	3881291.1821843903	100
507822.3889512669	3881291.1821843903	100
507822.3889512669	3881291.1821843903	100
507822.3798343589	3881291.1821765504	100
507822.3798343589	3881291.1821765504	100
507822.3798343589	3881291.1821765504	100
507822.3798343589	3881291.1821765504	100
507822.3798343589	3881291.1821765504	100
507822.3798343589	3881291.1821765504	100
507822.3798343589	3881291.1821765504	100
507822.37071745086	3881291.1821687	100
507822.3798343589	3881291.1821765504	100
507822.37071745086	3881291.1821687	100
507822.37071745086	3881291.1821687	100
507822.3616100889	3881291.1710711	100
507822.3616100889	3881291.1710711	100
507822.3433953589	3881291.14887588	100
507822.3433953589	3881291.14887588	100
507822.3433953589	3881291.14887588	100
507822.316063722	3881291.1266728304	100
507822.316063722	3881291.1266728304	100
507822.26139090286	3881291.093356472	100
507822.2067180849	3881291.0600401103	100
507822.2067180849	3881291.0600401103	100
507822.2067180849	3881291.0600401103	100
507822.1338114489	3881291.026708071	100
507822.1338114489	3881291.026708071	100
507822.051787906	3881290.993368181	100
507822.051787906	3881290.993368181	100
507821.9697739029	3881290.94893852	100
507821.9697739029	3881290.94893852	100
507821.8877599	3881290.904508872	100
507821.805745896	3881290.8600792303	100
507821.805745896	3881290.8600792303	100
507821.805745896	3881290.8600792303	100
507821.7146245249	3881290.8045519697	100
507821.62351269886	3881290.73793496	100
507821.62351269886	3881290.73793496	100
507821.5324008689	3881290.67131794	100
507821.5324008689	3881290.67131794	100
507821.5324008689	3881290.67131794	100
507821.441279496	3881290.61579069	100
507821.441279496	3881290.61579069	100
507821.34104121	3881290.5602556	100
507821.34104121	3881290.5602556	100
507821.2408029269	3881290.504720501	100
507821.2408029269	3881290.504720501	100
507821.13144773	3881290.44917756	100
507821.13144773	3881290.44917756	100
507821.0312094449	3881290.3936424702	100
507820.9309711569	3881290.33810738	100
507820.9309711569	3881290.33810738	100
507820.8216255	3881290.2714746897	100
507820.8216255	3881290.2714746897	100
507820.8216255	3881290.2714746897	100
507820.7214062929	3881290.19376008	100
507820.6120606349	3881290.1271273904	100
507820.6120606349	3881290.1271273904	100
507820.5027245128	3881290.04940494	100
507820.6120606349	3881290.1271273904	100
507820.393378852	3881289.9827722497	100
507820.5027245128	3881290.04940494	100
507820.393378852	3881289.9827722497	100
507820.2840236428	3881289.92722932	100
507820.2840236428	3881289.92722932	100
507820.1564346169	3881289.8716707104	100
507820.1564346169	3881289.8716707104	100
507820.04709849	3881289.79394826	100
507819.92863591085	3881289.72730773	100
507819.92863591085	3881289.72730773	100
507819.92863591085	3881289.72730773	100
507819.819290238	3881289.6606750498	100
507819.7099445668	3881289.59404237	100
507819.7099445668	3881289.59404237	100
507819.60060843	3881289.51631993	100
507819.60060843	3881289.51631993	100
507819.60060843	3881289.51631993	100
507819.4821458469	3881289.44967941	100
507819.4821458469	3881289.44967941	100
507819.3636927989	3881289.3719491297	100
507819.2361132969	3881289.30530077	100
507819.2361132969	3881289.30530077	100
507819.2361132969	3881289.30530077	100
507819.108533796	3881289.2386524095	100
507819.108533796	3881289.2386524095	100
507818.99007120286	3881289.1720118895	100
507818.99007120286	3881289.1720118895	100
507818.871618148	3881289.09428162	100
507818.871618148	3881289.09428162	100
507818.7440386409	3881289.0276332702	100
507818.7440386409	3881289.0276332702	100
507818.6255855809	3881288.9499029904	100
507818.6255855809	3881288.9499029904	100
507818.4980156068	3881288.87216488	100
507818.4980156068	3881288.87216488	100
507818.3704456329	3881288.794426781	100
507818.3704456329	3881288.794426781	100
507818.2428661189	3881288.727778432	100
507818.2428661189	3881288.727778432	100
507818.115286602	3881288.66113008	100
507817.9785997089	3881288.58338414	100
507818.115286602	3881288.66113008	100
507817.9785997089	3881288.58338414	100
507817.851020188	3881288.5167358	100
507817.851020188	3881288.5167358	100
507817.723450204	3881288.4389977	100
507817.723450204	3881288.4389977	100
507817.5958706789	3881288.37234936	100
507817.5958706789	3881288.37234936	100
507817.477408064	3881288.30570886	100
507817.477408064	3881288.30570886	100
507817.3498380729	3881288.22797077	100
507817.3498380729	3881288.22797077	100
507817.231375454	3881288.16133028	100
507817.231375454	3881288.16133028	100
507817.1038054569	3881288.0835921904	100
507817.1038054569	3881288.0835921904	100
507816.967109012	3881288.016936021	100
507816.967109012	3881288.016936021	100
507816.8486463869	3881287.95029553	100
507816.8486463869	3881287.95029553	100
507816.72106685	3881287.8836472	100
507816.72106685	3881287.8836472	100
507816.5843799329	3881287.80590128	100
507816.5843799329	3881287.80590128	100
507816.456819464	3881287.71707344	100
507816.3292494569	3881287.63933536	100
507816.3292494569	3881287.63933536	100
507816.3292494569	3881287.63933536	100
507816.1925625349	3881287.56158944	100
507816.1925625349	3881287.56158944	100
507815.9283055948	3881287.40610545	100
507815.9283055948	3881287.40610545	100
507815.79160913086	3881287.3394493	100
507815.79160913086	3881287.3394493	100
507815.6640391129	3881287.261711231	100
507815.545586004	3881287.183981	100
507815.545586004	3881287.183981	100
507815.545586004	3881287.183981	100
507815.4180159789	3881287.10624293	100
507815.4180159789	3881287.10624293	100
507815.2813195069	3881287.0395867904	100
507815.2813195069	3881287.0395867904	100
507815.144632568	3881286.96184088	100
507815.144632568	3881286.96184088	100
507815.007945626	3881286.88409498	100
507815.007945626	3881286.88409498	100
507814.871258682	3881286.8063490894	100
507814.871258682	3881286.8063490894	100
507814.734562202	3881286.739692951	100
507814.734562202	3881286.739692951	100
507814.6069921629	3881286.6619548895	100
507814.6069921629	3881286.6619548895	100
507814.4703052129	3881286.584209	100
507814.4703052129	3881286.584209	100
507814.3427351729	3881286.5064709503	100
507814.3427351729	3881286.5064709503	100
507814.2060482169	3881286.42872506	100
507814.2060482169	3881286.42872506	100
507814.078478172	3881286.3509870097	100
507814.078478172	3881286.3509870097	100
507813.9417912129	3881286.2732411297	100
507813.805104246	3881286.1954952497	100
507813.805104246	3881286.1954952497	100
507813.805104246	3881286.1954952497	100
507813.668407748	3881286.12883913	100
507813.668407748	3881286.12883913	100
507813.531720782	3881286.05109325	100
507813.3950338129	3881285.97334737	100
507813.3950338129	3881285.97334737	100
507813.3950338129	3881285.97334737	100
507813.2583468409	3881285.8956015	100
507813.2583468409	3881285.8956015	100
507813.130767248	3881285.8289532303	100
507813.130767248	3881285.8289532303	100
507812.9940898029	3881285.7401176	100
507812.9940898029	3881285.7401176	100
507812.866519738	3881285.6623795694	100
507812.7298232248	3881285.59572346	100
507812.7298232248	3881285.59572346	100
507812.7298232248	3881285.59572346	100
507812.5931362429	3881285.5179776	100
507812.5931362429	3881285.5179776	100
507812.456439726	3881285.45132149	100
507812.456439726	3881285.45132149	100
507812.3106358229	3881285.3735678	100
507812.183056216	3881285.30691954	100
507812.183056216	3881285.30691954	100
507812.183056216	3881285.30691954	100
507812.0554861349	3881285.22918152	100
507811.9279160549	3881285.1514435	100
507811.9279160549	3881285.1514435	100
507811.800345976	3881285.07370548	100
507811.800345976	3881285.07370548	100
507811.67277589085	3881284.995967472	100
507811.67277589085	3881284.995967472	100
507811.5360793549	3881284.92931138	100
507811.5360793549	3881284.92931138	100
507811.399382822	3881284.862655301	100
507811.399382822	3881284.862655301	100
507811.2626958169	3881284.7849094495	100
507811.2626958169	3881284.7849094495	100
507811.135116194	3881284.71826121	100
507811.135116194	3881284.71826121	100
507811.016663016	3881284.6405310314	100
507811.016663016	3881284.6405310314	100
507810.879976	3881284.5627852	100
507810.879976	3881284.5627852	100
507810.7524059029	3881284.4850472	100
507810.7524059029	3881284.4850472	100
507810.6248358009	3881284.4073092	100
507810.6248358009	3881284.4073092	100
507810.48814878	3881284.32956336	100
507810.48814878	3881284.32956336	100
507810.3514617589	3881284.25181754	100
507810.3514617589	3881284.25181754	100
507810.2238916489	3881284.174079541	100
507810.2238916489	3881284.174079541	100
507810.08720462286	3881284.09633372	100
507810.08720462286	3881284.09633372	100
507810.08720462286	3881284.09633372	100
507809.95963451086	3881284.0185957295	100
507809.95963451086	3881284.0185957295	100
507809.832064396	3881283.94085774	100
507809.832064396	3881283.94085774	100
507809.704494276	3881283.8631197503	100
507809.567807242	3881283.78537393	100
507809.567807242	3881283.78537393	100
507809.567807242	3881283.78537393	100
507809.44023712	3881283.7076359503	100
507809.44023712	3881283.7076359503	100
507809.3035500809	3881283.62989014	100
507809.3035500809	3881283.62989014	100
507809.175970428	3881283.56324192	100
507809.175970428	3881283.56324192	100
507809.039273854	3881283.496585871	100
507809.039273854	3881283.496585871	100
507808.911703724	3881283.41884789	100
507808.911703724	3881283.41884789	100
507808.7658997609	3881283.3410942494	100
507808.7658997609	3881283.3410942494	100
507808.62921271	3881283.2633484495	100
507808.62921271	3881283.2633484495	100
507808.4925256569	3881283.1856026496	100
507808.355838602	3881283.1078568497	100
507808.355838602	3881283.1078568497	100
507808.2100346269	3881283.03010322	100
507808.2100346269	3881283.03010322	100
507808.2100346269	3881283.03010322	100
507808.064221124	3881282.9634393514	100
507808.064221124	3881282.9634393514	100
507807.927524536	3881282.89678332	100
507807.927524536	3881282.89678332	100
507807.790827946	3881282.8301272895	100
507807.65412182285	3881282.77456102	100
507807.65412182285	3881282.77456102	100
507807.5174347549	3881282.6968152304	100
507807.5174347549	3881282.6968152304	100
507807.5174347549	3881282.6968152304	100
507807.3898646009	3881282.61907728	100
507807.2622944469	3881282.54133933	100
507807.2622944469	3881282.54133933	100
507807.2622944469	3881282.54133933	100
507807.125597844	3881282.4746833104	100
507807.125597844	3881282.4746833104	100
507806.97979385	3881282.3969297	100
507806.97979385	3881282.3969297	100
507806.833980328	3881282.33026585	100
507806.833980328	3881282.33026585	100
507806.697293246	3881282.25252008	100
507806.697293246	3881282.25252008	100
507806.569723076	3881282.1747821295	100
507806.569723076	3881282.1747821295	100
507806.433045512	3881282.0859466	100
507806.433045512	3881282.0859466	100
507806.305475342	3881282.00820866	100
507806.168797772	3881281.919373141	100
507806.168797772	3881281.919373141	100
507806.168797772	3881281.919373141	100
507806.0321202	3881281.8305376098	100
507806.0321202	3881281.8305376098	100
507805.8954426269	3881281.7417020896	100
507805.8954426269	3881281.7417020896	100
507805.758755528	3881281.6639563297	100
507805.758755528	3881281.6639563297	100
507805.62206842686	3881281.58621057	100
507804.956885764	3881281.175317952	100
507804.956885764	3881281.175317952	100
507804.674404132	3881281.008728871	100
507804.674404132	3881281.008728871	100
507803.8360760989	3881280.50896952	100
507803.8360760989	3881280.50896952	100
507802.9886120109	3881280.031381941	100
507802.9886120109	3881280.031381941	100
507802.4236485969	3881279.698203911	100
507802.4236485969	3881279.698203911	100
507801.5579505208	3881279.22060081	100
507801.5579505208	3881279.22060081	100
507801.5579505208	3881279.22060081	100
507800.69225235085	3881278.742997791	100
507799.817456204	3881278.24320752	100
507799.817456204	3881278.24320752	100
507798.9244261189	3881277.74340168	100
507798.9244261189	3881277.74340168	100
507798.3230042409	3881277.39910286	100
507798.3230042409	3881277.39910286	100
507797.42083804	3881276.9214688702	100
507797.42083804	3881276.9214688702	100
507796.5460605628	3881276.3994993903	100
507796.5460605628	3881276.3994993903	100
507795.953745916	3881276.066298311	100
507795.953745916	3881276.066298311	100
507795.2338798929	3881275.63317997	100
507795.2338798929	3881275.63317997	100
507794.650691582	3881275.288897031	100
507794.650691582	3881275.288897031	100
507793.9216609669	3881274.91121978	100
507793.9216609669	3881274.91121978	100
507793.183541888	3881274.50026548	100
507793.183541888	3881274.50026548	100
507793.183541888	3881274.50026548	100
507792.2996184889	3881274.01155788	100
507792.2996184889	3881274.01155788	100
507791.2699097329	3881273.42291748	100
507791.2699097329	3881273.42291748	100
507790.522654478	3881273.034135111	100
507790.522654478	3881273.034135111	100
507789.939427806	3881272.73421152	100
507789.939427806	3881272.73421152	100
507789.0281722889	3881272.223301271	100
507789.0281722889	3881272.223301271	100
507789.0281722889	3881272.223301271	100
507788.1534033789	3881271.69024284	70
507788.1534033789	3881271.69024284	70
507787.28775129886	3881271.1571923103	70
507787.28775129886	3881271.1571923103	70
507786.58608033	3881270.76844932	70
507786.58608033	3881270.76844932	70
507786.0393590969	3881270.42419818	70
507786.0393590969	3881270.42419818	70
507785.337726012	3881269.99109625	70
507785.337726012	3881269.99109625	70
507784.754536968	3881269.6468139514	70
507784.754536968	3881269.6468139514	70
507784.1713478769	3881269.30253169	70
507784.1713478769	3881269.30253169	70
507783.560798454	3881268.9693158097	70
507783.560798454	3881268.9693158097	70
507782.9684733549	3881268.647205341	70
507782.9684733549	3881268.647205341	70
507782.21212890686	3881268.22514657	70
507782.21212890686	3881268.22514657	70
507781.610705766	3881267.880848871	70
507780.6812059369	3881267.3810136095	70
507780.6812059369	3881267.3810136095	70
507779.815505546	3881266.9034125903	70
507779.815505546	3881266.9034125903	70
507779.23231609486	3881266.5591306495	70
507779.23231609486	3881266.5591306495	70
507778.3574986188	3881266.0815219698	70
507778.3574986188	3881266.0815219698	70
507777.8016503709	3881265.74835329	70
507777.8016503709	3881265.74835329	70
507777.2549095289	3881265.4262822	70
507777.2549095289	3881265.4262822	70
507776.571481046	3881265.0264658304	70
507776.571481046	3881265.0264658304	70
507776.571481046	3881265.0264658304	70
507775.7057802169	3881264.54886521	70
507775.7057802169	3881264.54886521	70
507774.84006981	3881264.082354432	70
507774.84006981	3881264.082354432	70
507773.9561444149	3881263.59364862	70
507773.9561444149	3881263.59364862	70
507773.382052498	3881263.2715543695	70
507773.382052498	3881263.2715543695	70
507773.382052498	3881263.2715543695	70
507772.5163513349	3881262.7939540497	70
507772.5163513349	3881262.7939540497	70
507771.933151862	3881262.4607623504	70
507771.933151862	3881262.4607623504	70
507771.076586446	3881261.96099044	70
507770.210866078	3881261.50556986	70
507770.210866078	3881261.50556986	70
507769.35427204	3881261.0390674	70
507769.35427204	3881261.0390674	70
507768.5068138089	3881260.5503933	70
507768.5068138089	3881260.5503933	70
507767.6593554889	3881260.0617192704	70
507767.6593554889	3881260.0617192704	70
507766.8119160249	3881259.5508658	70
507766.8119160249	3881259.5508658	70
507765.946233114	3881259.051086591	70
507765.946233114	3881259.051086591	70
507765.946233114	3881259.051086591	70
507765.08966705	3881258.55131526	70
507765.08966705	3881258.55131526	70
507764.378896164	3881258.14038668	70
507764.378896164	3881258.14038668	70
507763.81392998	3881257.8072110703	70
507763.81392998	3881257.8072110703	70
507763.81392998	3881257.8072110703	70
507763.2398373369	3881257.4851174704	70
507762.66571624286	3881257.196293192	70
507761.954926204	3881256.80754432	70
507761.954926204	3881256.80754432	70
507761.253281456	3881256.38553402	70
507761.253281456	3881256.38553402	70
507760.5607535849	3881255.9635315514	70
507759.7133038789	3881255.463768511	70
507759.7133038789	3881255.463768511	100
507759.7133038789	3881255.463768511	100
507758.856689802	3881255.0194465695	100
507758.856689802	3881255.0194465695	100
507758.2826062749	3881254.68626352	100
507758.2826062749	3881254.68626352	100
507757.38958106	3881254.175372032	100
507757.38958106	3881254.175372032	100
507757.38958106	3881254.175372032	100
507756.6606039889	3881253.731159221	100
507756.6606039889	3881253.731159221	100
507756.6606039889	3881253.731159221	100
507755.9407343249	3881253.29804401	100
507755.9407343249	3881253.29804401	100
507755.102391602	3881252.80937894	100
507755.102391602	3881252.80937894	100
507754.245814892	3881252.3206983902	100
507754.245814892	3881252.3206983902	100
507754.245814892	3881252.3206983902	100
507753.3892664689	3881251.7987486497	100
507753.3892664689	3881251.7987486497	100
507752.5326801149	3881251.32115802	100
507752.5326801149	3881251.32115802	100
507752.5326801149	3881251.32115802	100
507751.94947917486	3881250.9879676	100
507751.94947917486	3881250.9879676	100
507751.36627819	3881250.654777221	100
507751.36627819	3881250.654777221	100
507750.6646135649	3881250.254947261	100
507750.6646135649	3881250.254947261	100
507750.1178991969	3881249.89960854	100
507750.1178991969	3881249.89960854	100
507749.4071269609	3881249.48868114	100
507749.4071269609	3881249.48868114	100
507748.705481066	3881249.0666718096	100
507748.705481066	3881249.0666718096	100
507747.867165922	3881248.5447381297	100
507747.867165922	3881248.5447381297	100
507746.8465589129	3881247.9672003295	100
507746.8465589129	3881247.9672003295	100
507746.8465589129	3881247.9672003295	100
507745.9534851449	3881247.51175877	100
507745.9534851449	3881247.51175877	100
507745.352059264	3881247.16746348	100
507745.352059264	3881247.16746348	100
507744.44079868	3881246.6565577295	100
507744.44079868	3881246.6565577295	100
507743.6662167148	3881246.2344866497	100
507743.6662167148	3881246.2344866497	100
507742.9280835948	3881245.834626221	100
507742.9280835948	3881245.834626221	100
507742.1808334569	3881245.4347580895	100
507742.1808334569	3881245.4347580895	100
507741.5702903449	3881245.0904552895	100
507741.5702903449	3881245.0904552895	100
507740.813951462	3881244.65731022	100
507740.813951462	3881244.65731022	100
507740.039369158	3881244.23523946	100
507740.039369158	3881244.23523946	100
507740.039369158	3881244.23523946	100
507739.3103715569	3881243.8132075695	100
507739.3103715569	3881243.8132075695	100
507739.3103715569	3881243.8132075695	100
507738.53580799	3881243.36895741	100
507738.53580799	3881243.36895741	100
507737.6427805589	3881242.858067871	100
507737.6427805589	3881242.858067871	100
507736.7679963789	3881242.336104181	100
507736.7679963789	3881242.336104181	100
507736.7679963789	3881242.336104181	100
507736.184794284	3881242.00291478	100
507736.184794284	3881242.00291478	100
507735.58336767	3881241.65862014	100
507735.58336767	3881241.65862014	100
507735.58336767	3881241.65862014	100
507734.981941014	3881241.31432554	100
507734.08889430686	3881240.8256158703	100
507734.08889430686	3881240.8256158703	100
507733.50569202	3881240.4924266497	100
507732.922499122	3881240.1481477	100
507732.1843839068	3881239.726108631	100
507731.573811732	3881239.4150757696	100
507731.573811732	3881239.4150757696	100
507730.981501732	3881239.0707892	100
507730.981501732	3881239.0707892	100
507730.1157771809	3881238.61537246	100
507730.1157771809	3881238.61537246	100
507730.1157771809	3881238.61537246	100
507729.213612988	3881238.12665552	100
507729.213612988	3881238.12665552	100
507728.493740788	3881237.693542501	100
507728.493740788	3881237.693542501	100
507728.493740788	3881237.693542501	100
507727.7647138428	3881237.30478082	100
507727.7647138428	3881237.30478082	100
507727.0539679	3881236.860585901	100
507726.3341049209	3881236.4163832897	100
507726.3341049209	3881236.4163832897	100
507725.614223024	3881235.994360261	100
507725.614223024	3881235.994360261	100
507724.7576902689	3881235.4502337114	100
507724.7576902689	3881235.4502337114	100
507724.7576902689	3881235.4502337114	100
507724.028691258	3881235.02820306	100
507723.27235070686	3881234.595059461	100
507722.397574328	3881234.0620074095	100
507722.397574328	3881234.0620074095	100
507721.477213022	3881233.528916711	100
507721.477213022	3881233.528916711	100
507720.8666683249	3881233.1846153103	100
507720.8666683249	3881233.1846153103	100
507720.146804756	3881232.7404131903	100
507720.146804756	3881232.7404131903	100
507719.2720091829	3881232.229540951	100
507719.2720091829	3881232.229540951	100
507718.5429814069	3881231.840780021	100
507718.5429814069	3881231.840780021	100
507717.7957384649	3881231.42982414	100
507717.7957384649	3881231.42982414	100
507717.20343684	3881231.0744487103	100
507717.20343684	3881231.0744487103	100
507716.4562126049	3881230.6413134304	100
507716.4562126049	3881230.6413134304	100
507715.69075435685	3881230.20816273	100
507715.69075435685	3881230.20816273	100
507714.907015038	3881229.8304454098	100
507714.907015038	3881229.8304454098	100
507714.1233038909	3881229.41945889	100
507714.1233038909	3881229.41945889	100
507713.3760793689	3881228.986323861	100
507713.3760793689	3881228.986323861	100
507712.774632214	3881228.6642102497	100
507712.774632214	3881228.6642102497	100
507712.774632214	3881228.6642102497	100
507712.2096623089	3881228.331037871	100
507712.2096623089	3881228.331037871	100
507711.608224476	3881227.9978345903	100
507711.608224476	3881227.9978345903	100
507711.0705959929	3881227.67577524	100
507711.0705959929	3881227.67577524	100
507710.460078734	3881227.298205261	100
507710.460078734	3881227.298205261	100
