507817.949895299	3881288.16143221	70
507817.949895299	3881288.16143221	70
507817.858783412	3881288.09481524	70
507817.767661989	3881288.03928803	70
507817.767661989	3881288.03928803	70
507817.767661989	3881288.03928803	70
507817.67654056	3881287.98376082	70
507817.67654056	3881287.98376082	70
507817.585419132	3881287.92823361	70
507817.585419132	3881287.92823361	70
507817.485171254	3881287.88378833	70
507817.485171254	3881287.88378833	70
507817.403147662	3881287.85044849	70
507817.312016696	3881287.80601104	70
507817.312016696	3881287.80601104	70
507817.312016696	3881287.80601104	70
507817.229993102	3881287.7726712	70
507817.147979044	3881287.7282416	70
507817.147979044	3881287.7282416	70
507817.065964985	3881287.683812	70
507817.147979044	3881287.7282416	70
507816.983950928	3881287.6393824	70
507816.983950928	3881287.6393824	70
507816.983950928	3881287.6393824	70
507816.911053779	3881287.59496064	70
507816.911053779	3881287.59496064	70
507816.83815663	3881287.55053888	70
507816.756133032	3881287.51719904	70
507816.83815663	3881287.55053888	70
507816.756133032	3881287.51719904	70
507816.674118969	3881287.47276944	70
507816.674118969	3881287.47276944	70
507816.601212284	3881287.43943745	70
507816.601212284	3881287.43943745	70
507816.528305595	3881287.40610545	70
507816.528305595	3881287.40610545	70
507816.455408442	3881287.36168369	70
507816.382511291	3881287.31726194	70
507816.455408442	3881287.36168369	70
507816.300487692	3881287.2839221	70
507816.300487692	3881287.2839221	70
507816.300487692	3881287.2839221	70
507816.218473625	3881287.23949251	70
507816.218473625	3881287.23949251	70
507816.136459557	3881287.19506292	70
507816.054435953	3881287.16172309	70
507816.136459557	3881287.19506292	70
507816.054435953	3881287.16172309	70
507815.981529263	3881287.12839109	70
507815.981529263	3881287.12839109	70
507815.917739482	3881287.09506694	70
507815.917739482	3881287.09506694	70
507815.853949703	3881287.06174279	70
507815.853949703	3881287.06174279	70
507815.808374675	3881287.05061383	70
507815.808374675	3881287.05061383	70
507815.790159919	3881287.02841864	70
507815.76281872	3881287.01730536	70
507815.76281872	3881287.01730536	70
507815.76281872	3881287.01730536	70
507815.744594428	3881287.00619992	70
507815.744594428	3881287.00619992	70
507815.735477516	3881287.00619208	70
507815.735477516	3881287.00619208	70
507815.744594428	3881287.00619992	70
507815.744594428	3881287.00619992	70
507815.744584893	3881287.01728968	70
507815.753701805	3881287.01729752	70
507815.753701805	3881287.01729752	70
507815.76281872	3881287.01730536	70
507815.76281872	3881287.01730536	70
507815.762809185	3881287.02839512	70
507815.762809185	3881287.02839512	70
507815.76281872	3881287.01730536	70
507815.76281872	3881287.01730536	70
507815.76281872	3881287.01730536	70
507815.76281872	3881287.01730536	70
507815.762828255	3881287.0062156	70
507815.762828255	3881287.0062156	70
507815.762847325	3881286.98403608	70
507815.762847325	3881286.98403608	70
507815.762847325	3881286.98403608	70
507815.75374948	3881286.96184872	70
507815.735534725	3881286.93965352	70
507815.735534725	3881286.93965352	70
507815.735534725	3881286.93965352	70
507815.717310438	3881286.92854809	70
507815.717310438	3881286.92854809	70
507815.699095681	3881286.90635289	70
507815.689997839	3881286.88416553	70
507815.699095681	3881286.90635289	70
507815.680899996	3881286.86197817	70
507815.680899996	3881286.86197817	70
507815.680899996	3881286.86197817	70
507815.671783084	3881286.86197033	70
507815.671783084	3881286.86197033	70
507815.671783084	3881286.86197033	70
507815.671783084	3881286.86197033	70
507815.671783084	3881286.86197033	70
507815.671773549	3881286.87306009	70
507815.671773549	3881286.87306009	70
507815.671773549	3881286.87306009	70
507815.680890461	3881286.87306793	70
507815.690007374	3881286.87307577	70
507815.690007374	3881286.87307577	70
507815.690007374	3881286.87307577	70
507815.699124286	3881286.87308361	70
507815.699124286	3881286.87308361	70
507815.708241198	3881286.87309145	70
507815.708241198	3881286.87309145	70
507815.717367648	3881286.86200953	70
507815.717367648	3881286.86200953	70
507815.726494092	3881286.8509276	70
507815.726494092	3881286.8509276	70
507815.744737452	3881286.83985352	70
507815.744737452	3881286.83985352	70
507815.753873434	3881286.81768184	70
507815.753873434	3881286.81768184	70
507815.762999884	3881286.80659992	70
507815.762999884	3881286.80659992	70
507815.762999884	3881286.80659992	70
507815.762999884	3881286.80659992	70
507815.762999884	3881286.80659992	70
507815.762999884	3881286.80659992	70
507815.762999884	3881286.80659992	70
507815.762999884	3881286.80659992	70
507815.762990349	3881286.81768968	70
507815.762990349	3881286.81768968	70
507815.762990349	3881286.81768968	70
507815.753863899	3881286.8287716	70
507815.753863899	3881286.8287716	70
507815.753863899	3881286.8287716	70
507815.753863899	3881286.8287716	70
507815.753854364	3881286.83986136	70
507815.753854364	3881286.83986136	70
507815.753854364	3881286.83986136	70
507815.762971279	3881286.8398692	70
507815.762971279	3881286.8398692	70
507815.762971279	3881286.8398692	70
507815.762971279	3881286.8398692	70
507815.762971279	3881286.8398692	70
507815.753854364	3881286.83986136	70
507815.753854364	3881286.83986136	70
507815.753854364	3881286.83986136	70
507815.753844829	3881286.85095112	70
507815.753844829	3881286.85095112	70
507815.753844829	3881286.85095112	70
507815.753844829	3881286.85095112	70
507815.753835294	3881286.86204088	70
507815.753835294	3881286.86204088	70
507815.753816225	3881286.8842204	70
507815.753816225	3881286.8842204	70
507815.73556333	3881286.90638424	70
507815.73556333	3881286.90638424	70
507815.708193524	3881286.92854025	70
507815.708193524	3881286.92854025	70
507815.689950165	3881286.93961433	70
507815.653472979	3881286.95067274	70
507815.653472979	3881286.95067274	70
507815.653472979	3881286.95067274	70
507815.607888418	3881286.95063354	70
507815.607888418	3881286.95063354	70
507815.544089102	3881286.92839915	70
507815.544089102	3881286.92839915	70
507815.471172871	3881286.90615693	70
507815.471172871	3881286.90615693	70
507815.389149262	3881286.8728171	70
507815.389149262	3881286.8728171	70
507815.298018275	3881286.82837968	70
507815.298018275	3881286.82837968	70
507815.206887287	3881286.78394225	70
507815.206887287	3881286.78394225	70
507815.106639387	3881286.739497	70
507815.106639387	3881286.739497	70
507815.015517929	3881286.68396982	70
507815.015517929	3881286.68396982	70
507814.906162649	3881286.62842696	70
507814.787699985	3881286.56178651	70
507814.787699985	3881286.56178651	70
507814.669237323	3881286.49514606	70
507814.669237323	3881286.49514606	70
507814.550774655	3881286.42850561	70
507814.550774655	3881286.42850561	70
507814.423195074	3881286.36185732	70
507814.423195074	3881286.36185732	70
507814.295615492	3881286.29520904	70
507814.295615492	3881286.29520904	70
507814.295615492	3881286.29520904	70
507814.186260199	3881286.23966619	70
507814.186260199	3881286.23966619	70
507814.086021821	3881286.18413119	70
507814.086021821	3881286.18413119	70
507813.97667606	3881286.11749858	70
507813.97667606	3881286.11749858	70
507813.867320765	3881286.06195574	70
507813.867320765	3881286.06195574	70
507813.757955936	3881286.01750266	70
507813.757955936	3881286.01750266	70
507813.648591106	3881285.97304958	70
507813.648591106	3881285.97304958	70
507813.548333655	3881285.93969409	70
507813.548333655	3881285.93969409	70
507813.475426944	3881285.90636212	70
507813.475426944	3881285.90636212	70
507813.402520234	3881285.87303015	70
507813.402520234	3881285.87303015	70
507813.329623054	3881285.82860842	70
507813.329623054	3881285.82860842	70
507813.256725873	3881285.78418669	70
507813.183819159	3881285.75085472	70
507813.183819159	3881285.75085472	70
507813.120019829	3881285.72862035	70
507813.120019829	3881285.72862035	70
507813.120019829	3881285.72862035	70
507813.065346943	3881285.69530405	70
507813.065346943	3881285.69530405	70
507813.01064546	3881285.69525704	70
507812.955924914	3881285.71738954	70
507812.955924914	3881285.71738954	70
507812.955924914	3881285.71738954	70
507812.910321284	3881285.73952988	70
507812.910321284	3881285.73952988	70
507812.855610273	3881285.75057263	70
507812.855610273	3881285.75057263	70
507812.819142617	3881285.75054128	70
507812.819142617	3881285.75054128	70
507812.791782346	3881285.76160754	70
507812.791782346	3881285.76160754	70
507812.773548519	3881285.76159186	70
507812.773548519	3881285.76159186	70
507812.755324223	3881285.75048643	70
507812.755324223	3881285.75048643	70
507812.746216839	3881285.73938884	70
507812.746216839	3881285.73938884	70
507812.737109457	3881285.72829124	70
507812.737109457	3881285.72829124	70
507812.728011606	3881285.70610389	70
507812.728011606	3881285.70610389	70
507812.728021137	3881285.69501413	70
507812.728021137	3881285.69501413	70
507812.728030668	3881285.68392437	70
507812.718923286	3881285.67282677	70
507812.718923286	3881285.67282677	70
507812.718923286	3881285.67282677	70
507812.718932817	3881285.66173701	70
507812.718932817	3881285.66173701	70
507812.718932817	3881285.66173701	70
507812.718932817	3881285.66173701	70
507812.709815906	3881285.66172918	70
507812.709815906	3881285.66172918	70
507812.709815906	3881285.66172918	70
507812.709815906	3881285.66172918	70
507812.709815906	3881285.66172918	70
507812.709815906	3881285.66172918	70
507812.709806375	3881285.67281894	70
507812.709806375	3881285.67281894	70
507812.709806375	3881285.67281894	70
507812.709806375	3881285.67281894	70
507812.709815906	3881285.66172918	70
507812.718932817	3881285.66173701	70
507812.709815906	3881285.66172918	70
507822.988951267	3881291.18218439	70
507822.988951267	3881291.18218439	70
507822.988951267	3881291.18218439	70
507822.988951267	3881291.18218439	70
507822.988951267	3881291.18218439	70
507822.988951267	3881291.18218439	70
507822.979834359	3881291.18217655	70
507822.979834359	3881291.18217655	70
507822.979834359	3881291.18217655	70
507822.979834359	3881291.18217655	70
507822.979834359	3881291.18217655	70
507822.979834359	3881291.18217655	70
507822.979834359	3881291.18217655	70
507822.970717451	3881291.1821687	70
507822.979834359	3881291.18217655	70
507822.970717451	3881291.1821687	70
507822.970717451	3881291.1821687	70
507822.961610089	3881291.1710711	70
507822.961610089	3881291.1710711	70
507822.943395359	3881291.14887588	70
507822.943395359	3881291.14887588	70
507822.943395359	3881291.14887588	70
507822.916063722	3881291.12667283	70
507822.916063722	3881291.12667283	70
507822.861390903	3881291.09335647	70
507822.806718085	3881291.06004011	70
507822.806718085	3881291.06004011	70
507822.806718085	3881291.06004011	70
507822.733811449	3881291.02670807	70
507822.733811449	3881291.02670807	70
507822.651787906	3881290.99336818	70
507822.651787906	3881290.99336818	70
507822.569773903	3881290.94893852	70
507822.569773903	3881290.94893852	70
507822.4877599	3881290.90450887	70
507822.405745896	3881290.86007923	70
507822.405745896	3881290.86007923	70
507822.405745896	3881290.86007923	70
507822.314624525	3881290.80455197	70
507822.223512699	3881290.73793496	70
507822.223512699	3881290.73793496	70
507822.132400869	3881290.67131794	70
507822.132400869	3881290.67131794	70
507822.132400869	3881290.67131794	70
507822.041279496	3881290.61579069	70
507822.041279496	3881290.61579069	70
507821.94104121	3881290.5602556	70
507821.94104121	3881290.5602556	70
507821.840802927	3881290.5047205	70
507821.840802927	3881290.5047205	70
507821.73144773	3881290.44917756	70
507821.73144773	3881290.44917756	70
507821.631209445	3881290.39364247	70
507821.530971157	3881290.33810738	70
507821.530971157	3881290.33810738	70
507821.4216255	3881290.27147469	70
507821.4216255	3881290.27147469	70
507821.4216255	3881290.27147469	70
507821.321406293	3881290.19376008	70
507821.212060635	3881290.12712739	70
507821.212060635	3881290.12712739	70
507821.102724513	3881290.04940494	70
507821.212060635	3881290.12712739	70
507820.993378852	3881289.98277225	70
507821.102724513	3881290.04940494	70
507820.993378852	3881289.98277225	70
507820.884023643	3881289.92722932	70
507820.884023643	3881289.92722932	70
507820.756434617	3881289.87167071	70
507820.756434617	3881289.87167071	70
507820.64709849	3881289.79394826	70
507820.528635911	3881289.72730773	70
507820.528635911	3881289.72730773	70
507820.528635911	3881289.72730773	70
507820.419290238	3881289.66067505	70
507820.309944567	3881289.59404237	70
507820.309944567	3881289.59404237	70
507820.20060843	3881289.51631993	70
507820.20060843	3881289.51631993	70
507820.20060843	3881289.51631993	70
507820.082145847	3881289.44967941	70
507820.082145847	3881289.44967941	70
507819.963692799	3881289.37194913	70
507819.836113297	3881289.30530077	70
507819.836113297	3881289.30530077	70
507819.836113297	3881289.30530077	70
507819.708533796	3881289.23865241	70
507819.708533796	3881289.23865241	70
507819.590071203	3881289.17201189	70
507819.590071203	3881289.17201189	70
507819.471618148	3881289.09428162	70
507819.471618148	3881289.09428162	70
507819.344038641	3881289.02763327	70
507819.344038641	3881289.02763327	70
507819.225585581	3881288.94990299	70
507819.225585581	3881288.94990299	70
507819.098015607	3881288.87216488	70
507819.098015607	3881288.87216488	70
507818.970445633	3881288.79442678	70
507818.970445633	3881288.79442678	70
507818.842866119	3881288.72777843	70
507818.842866119	3881288.72777843	70
507818.715286602	3881288.66113008	70
507818.578599709	3881288.58338414	70
507818.715286602	3881288.66113008	70
507818.578599709	3881288.58338414	70
507818.451020188	3881288.5167358	70
507818.451020188	3881288.5167358	70
507818.323450204	3881288.4389977	70
507818.323450204	3881288.4389977	70
507818.195870679	3881288.37234936	70
507818.195870679	3881288.37234936	70
507818.077408064	3881288.30570886	70
507818.077408064	3881288.30570886	70
507817.949838073	3881288.22797077	70
507817.949838073	3881288.22797077	70
507817.831375454	3881288.16133028	70
507817.831375454	3881288.16133028	70
507817.703805457	3881288.08359219	70
507817.703805457	3881288.08359219	70
507817.567109012	3881288.01693602	70
507817.567109012	3881288.01693602	70
507817.448646387	3881287.95029553	70
507817.448646387	3881287.95029553	70
507817.32106685	3881287.8836472	70
507817.32106685	3881287.8836472	70
507817.184379933	3881287.80590128	70
507817.184379933	3881287.80590128	70
507817.056819464	3881287.71707344	70
507816.929249457	3881287.63933536	70
507816.929249457	3881287.63933536	70
507816.929249457	3881287.63933536	70
507816.792562535	3881287.56158944	70
507816.792562535	3881287.56158944	70
507816.528305595	3881287.40610545	70
507816.528305595	3881287.40610545	70
507816.391609131	3881287.3394493	70
507816.391609131	3881287.3394493	70
507816.264039113	3881287.26171123	70
507816.145586004	3881287.183981	70
507816.145586004	3881287.183981	70
507816.145586004	3881287.183981	70
507816.018015979	3881287.10624293	70
507816.018015979	3881287.10624293	70
507815.881319507	3881287.03958679	70
507815.881319507	3881287.03958679	70
507815.744632568	3881286.96184088	70
507815.744632568	3881286.96184088	70
507815.607945626	3881286.88409498	70
507815.607945626	3881286.88409498	70
507815.471258682	3881286.80634909	70
507815.471258682	3881286.80634909	70
507815.334562202	3881286.73969295	70
507815.334562202	3881286.73969295	70
507815.206992163	3881286.66195489	70
507815.206992163	3881286.66195489	70
507815.070305213	3881286.584209	70
507815.070305213	3881286.584209	70
507814.942735173	3881286.50647095	70
507814.942735173	3881286.50647095	70
507814.806048217	3881286.42872506	70
507814.806048217	3881286.42872506	70
507814.678478172	3881286.35098701	70
507814.678478172	3881286.35098701	70
507814.541791213	3881286.27324113	70
507814.405104246	3881286.19549525	70
507814.405104246	3881286.19549525	70
507814.405104246	3881286.19549525	70
507814.268407748	3881286.12883913	70
507814.268407748	3881286.12883913	70
507814.131720782	3881286.05109325	70
507813.995033813	3881285.97334737	70
507813.995033813	3881285.97334737	70
507813.995033813	3881285.97334737	70
507813.858346841	3881285.8956015	70
507813.858346841	3881285.8956015	70
507813.730767248	3881285.82895323	70
507813.730767248	3881285.82895323	70
507813.594089803	3881285.7401176	70
507813.594089803	3881285.7401176	70
507813.466519738	3881285.66237957	70
507813.329823225	3881285.59572346	70
507813.329823225	3881285.59572346	70
507813.329823225	3881285.59572346	70
507813.193136243	3881285.5179776	70
507813.193136243	3881285.5179776	70
507813.056439726	3881285.45132149	70
507813.056439726	3881285.45132149	70
507812.910635823	3881285.3735678	70
507812.783056216	3881285.30691954	70
507812.783056216	3881285.30691954	70
507812.783056216	3881285.30691954	70
507812.655486135	3881285.22918152	70
507812.527916055	3881285.1514435	70
507812.527916055	3881285.1514435	70
507812.400345976	3881285.07370548	70
507812.400345976	3881285.07370548	70
507812.272775891	3881284.99596747	70
507812.272775891	3881284.99596747	70
507812.136079355	3881284.92931138	70
507812.136079355	3881284.92931138	70
507811.999382822	3881284.8626553	70
507811.999382822	3881284.8626553	70
507811.862695817	3881284.78490945	70
507811.862695817	3881284.78490945	70
507811.735116194	3881284.71826121	70
507811.735116194	3881284.71826121	70
507811.616663016	3881284.64053103	70
507811.616663016	3881284.64053103	70
507811.479976	3881284.5627852	70
507811.479976	3881284.5627852	70
507811.352405903	3881284.4850472	70
507811.352405903	3881284.4850472	70
507811.224835801	3881284.4073092	70
507811.224835801	3881284.4073092	70
507811.08814878	3881284.32956336	70
507811.08814878	3881284.32956336	70
507810.951461759	3881284.25181754	70
507810.951461759	3881284.25181754	70
507810.823891649	3881284.17407954	70
507810.823891649	3881284.17407954	70
507810.687204623	3881284.09633372	70
507810.687204623	3881284.09633372	70
507810.687204623	3881284.09633372	70
507810.559634511	3881284.01859573	70
507810.559634511	3881284.01859573	70
507810.432064396	3881283.94085774	70
507810.432064396	3881283.94085774	70
507810.304494276	3881283.86311975	70
507810.167807242	3881283.78537393	70
507810.167807242	3881283.78537393	70
507810.167807242	3881283.78537393	70
507810.04023712	3881283.70763595	70
507810.04023712	3881283.70763595	70
507809.903550081	3881283.62989014	70
507809.903550081	3881283.62989014	70
507809.775970428	3881283.56324192	70
507809.775970428	3881283.56324192	70
507809.639273854	3881283.49658587	70
507809.639273854	3881283.49658587	70
507809.511703724	3881283.41884789	70
507809.511703724	3881283.41884789	70
507809.365899761	3881283.34109425	70
507809.365899761	3881283.34109425	70
507809.22921271	3881283.26334845	70
507809.22921271	3881283.26334845	70
507809.092525657	3881283.18560265	70
507808.955838602	3881283.10785685	70
507808.955838602	3881283.10785685	70
507808.810034627	3881283.03010322	70
507808.810034627	3881283.03010322	70
507808.810034627	3881283.03010322	70
507808.664221124	3881282.96343935	70
507808.664221124	3881282.96343935	70
507808.527524536	3881282.89678332	70
507808.527524536	3881282.89678332	70
507808.390827946	3881282.83012729	70
507808.254121823	3881282.77456102	70
507808.254121823	3881282.77456102	70
507808.117434755	3881282.69681523	70
507808.117434755	3881282.69681523	70
507808.117434755	3881282.69681523	70
507807.989864601	3881282.61907728	70
507807.862294447	3881282.54133933	70
507807.862294447	3881282.54133933	70
507807.862294447	3881282.54133933	70
507807.725597844	3881282.47468331	70
507807.725597844	3881282.47468331	70
507807.57979385	3881282.3969297	70
507807.57979385	3881282.3969297	70
507807.433980328	3881282.33026585	70
507807.433980328	3881282.33026585	70
507807.297293246	3881282.25252008	70
507807.297293246	3881282.25252008	70
507807.169723076	3881282.17478213	70
507807.169723076	3881282.17478213	70
507807.033045512	3881282.0859466	70
507807.033045512	3881282.0859466	70
507806.905475342	3881282.00820866	70
507806.768797772	3881281.91937314	70
507806.768797772	3881281.91937314	70
507806.768797772	3881281.91937314	70
507806.6321202	3881281.83053761	70
507806.6321202	3881281.83053761	70
507806.495442627	3881281.74170209	70
507806.495442627	3881281.74170209	70
507806.358755528	3881281.66395633	70
507806.358755528	3881281.66395633	70
507806.222068427	3881281.58621057	70
507805.556885764	3881281.17531795	70
507805.556885764	3881281.17531795	70
507805.274404132	3881281.00872887	70
507805.274404132	3881281.00872887	70
507804.436076099	3881280.50896952	70
507804.436076099	3881280.50896952	70
507803.588612011	3881280.03138194	70
507803.588612011	3881280.03138194	70
507803.023648597	3881279.69820391	70
507803.023648597	3881279.69820391	70
507802.157950521	3881279.22060081	70
507802.157950521	3881279.22060081	70
507802.157950521	3881279.22060081	70
507801.292252351	3881278.74299779	70
507800.417456204	3881278.24320752	70
507800.417456204	3881278.24320752	70
507799.524426119	3881277.74340168	70
507799.524426119	3881277.74340168	70
507798.923004241	3881277.39910286	70
507798.923004241	3881277.39910286	70
507798.02083804	3881276.92146887	70
507798.02083804	3881276.92146887	70
507797.146060563	3881276.39949939	70
507797.146060563	3881276.39949939	70
507796.553745916	3881276.06629831	70
507796.553745916	3881276.06629831	70
507795.833879893	3881275.63317997	70
507795.833879893	3881275.63317997	70
507795.250691582	3881275.28889703	70
507795.250691582	3881275.28889703	70
507794.521660967	3881274.91121978	70
507794.521660967	3881274.91121978	70
507793.783541888	3881274.50026548	70
507793.783541888	3881274.50026548	70
507793.783541888	3881274.50026548	70
507792.899618489	3881274.01155788	70
507792.899618489	3881274.01155788	70
507791.869909733	3881273.42291748	70
507791.869909733	3881273.42291748	70
507791.122654478	3881273.03413511	70
507791.122654478	3881273.03413511	70
507790.539427806	3881272.73421152	70
507790.539427806	3881272.73421152	70
507789.628172289	3881272.22330127	70
507789.628172289	3881272.22330127	70
507789.628172289	3881272.22330127	70
507788.753403379	3881271.69024284	70
507788.753403379	3881271.69024284	70
507787.887751299	3881271.15719231	70
507787.887751299	3881271.15719231	70
507787.18608033	3881270.76844932	70
507787.18608033	3881270.76844932	70
507786.639359097	3881270.42419818	70
507786.639359097	3881270.42419818	70
507785.937726012	3881269.99109625	70
507785.937726012	3881269.99109625	70
507785.354536968	3881269.64681395	70
507785.354536968	3881269.64681395	70
507784.771347877	3881269.30253169	70
507784.771347877	3881269.30253169	70
507784.160798454	3881268.96931581	70
507784.160798454	3881268.96931581	70
507783.568473355	3881268.64720534	70
507783.568473355	3881268.64720534	70
507782.812128907	3881268.22514657	70
507782.812128907	3881268.22514657	70
507782.210705766	3881267.88084887	70
507781.281205937	3881267.38101361	70
507781.281205937	3881267.38101361	70
507780.415505546	3881266.90341259	70
507780.415505546	3881266.90341259	70
507779.832316095	3881266.55913065	70
507779.832316095	3881266.55913065	70
507778.957498619	3881266.08152197	70
507778.957498619	3881266.08152197	70
507778.401650371	3881265.74835329	70
507778.401650371	3881265.74835329	70
507777.854909529	3881265.4262822	70
507777.854909529	3881265.4262822	70
507777.171481046	3881265.02646583	70
507777.171481046	3881265.02646583	70
507777.171481046	3881265.02646583	70
507776.305780217	3881264.54886521	70
507776.305780217	3881264.54886521	70
507775.44006981	3881264.08235443	70
507775.44006981	3881264.08235443	70
507774.556144415	3881263.59364862	70
507774.556144415	3881263.59364862	70
507773.982052498	3881263.27155437	70
507773.982052498	3881263.27155437	70
507773.982052498	3881263.27155437	70
507773.116351335	3881262.79395405	70
507773.116351335	3881262.79395405	70
507772.533151862	3881262.46076235	70
507772.533151862	3881262.46076235	70
507771.676586446	3881261.96099044	70
507770.810866078	3881261.50556986	70
507770.810866078	3881261.50556986	70
507769.95427204	3881261.0390674	70
507769.95427204	3881261.0390674	70
507769.106813809	3881260.5503933	70
507769.106813809	3881260.5503933	70
507768.259355489	3881260.06171927	70
507768.259355489	3881260.06171927	70
507767.411916025	3881259.5508658	70
507767.411916025	3881259.5508658	70
507766.546233114	3881259.05108659	70
507766.546233114	3881259.05108659	70
507766.546233114	3881259.05108659	70
507765.68966705	3881258.55131526	70
507765.68966705	3881258.55131526	70
507764.978896164	3881258.14038668	70
507764.978896164	3881258.14038668	70
507764.41392998	3881257.80721107	70
507764.41392998	3881257.80721107	70
507764.41392998	3881257.80721107	70
507763.839837337	3881257.48511747	70
507763.265716243	3881257.19629319	70
507762.554926204	3881256.80754432	70
507762.554926204	3881256.80754432	70
507761.853281456	3881256.38553402	70
507761.853281456	3881256.38553402	70
507761.160753585	3881255.96353155	70
507760.313303879	3881255.46376851	70
507760.313303879	3881255.46376851	70
507760.313303879	3881255.46376851	70
507759.456689802	3881255.01944657	70
507759.456689802	3881255.01944657	70
507758.882606275	3881254.68626352	70
507758.882606275	3881254.68626352	70
507757.98958106	3881254.17537203	70
507757.98958106	3881254.17537203	70
507757.98958106	3881254.17537203	70
507757.260603989	3881253.73115922	70
507757.260603989	3881253.73115922	70
507757.260603989	3881253.73115922	70
507756.540734325	3881253.29804401	70
507756.540734325	3881253.29804401	70
507755.702391602	3881252.80937894	70
507755.702391602	3881252.80937894	70
507754.845814892	3881252.32069839	70
507754.845814892	3881252.32069839	70
507754.845814892	3881252.32069839	70
507753.989266469	3881251.79874865	70
507753.989266469	3881251.79874865	70
507753.132680115	3881251.32115802	70
507753.132680115	3881251.32115802	70
507753.132680115	3881251.32115802	70
507752.549479175	3881250.9879676	70
507752.549479175	3881250.9879676	70
507751.96627819	3881250.65477722	70
507751.96627819	3881250.65477722	70
507751.264613565	3881250.25494726	70
507751.264613565	3881250.25494726	70
507750.717899197	3881249.89960854	70
507750.717899197	3881249.89960854	70
507750.007126961	3881249.48868114	70
507750.007126961	3881249.48868114	70
507749.305481066	3881249.06667181	70
507749.305481066	3881249.06667181	70
507748.467165922	3881248.54473813	70
507748.467165922	3881248.54473813	70
507747.446558913	3881247.96720033	70
507747.446558913	3881247.96720033	70
507747.446558913	3881247.96720033	70
507746.553485145	3881247.51175877	70
507746.553485145	3881247.51175877	70
507745.952059264	3881247.16746348	70
507745.952059264	3881247.16746348	70
507745.04079868	3881246.65655773	70
507745.04079868	3881246.65655773	70
507744.266216715	3881246.23448665	70
507744.266216715	3881246.23448665	70
507743.528083595	3881245.83462622	70
507743.528083595	3881245.83462622	70
507742.780833457	3881245.43475809	70
507742.780833457	3881245.43475809	70
507742.170290345	3881245.09045529	70
507742.170290345	3881245.09045529	70
507741.413951462	3881244.65731022	70
507741.413951462	3881244.65731022	70
507740.639369158	3881244.23523946	70
507740.639369158	3881244.23523946	70
507740.639369158	3881244.23523946	70
507739.910371557	3881243.81320757	70
507739.910371557	3881243.81320757	70
507739.910371557	3881243.81320757	70
507739.13580799	3881243.36895741	70
507739.13580799	3881243.36895741	70
507738.242780559	3881242.85806787	70
507738.242780559	3881242.85806787	70
507737.367996379	3881242.33610418	70
507737.367996379	3881242.33610418	70
507737.367996379	3881242.33610418	70
507736.784794284	3881242.00291478	70
507736.784794284	3881242.00291478	70
507736.18336767	3881241.65862014	70
507736.18336767	3881241.65862014	70
507736.18336767	3881241.65862014	70
507735.581941014	3881241.31432554	70
507734.688894307	3881240.82561587	70
507734.688894307	3881240.82561587	70
507734.10569202	3881240.49242665	70
507733.522499122	3881240.1481477	70
507732.784383907	3881239.72610863	70
507732.173811732	3881239.41507577	70
507732.173811732	3881239.41507577	70
507731.581501732	3881239.0707892	70
507731.581501732	3881239.0707892	70
507730.715777181	3881238.61537246	70
507730.715777181	3881238.61537246	70
507730.715777181	3881238.61537246	70
507729.813612988	3881238.12665552	70
507729.813612988	3881238.12665552	70
507729.093740788	3881237.6935425	70
507729.093740788	3881237.6935425	70
507729.093740788	3881237.6935425	70
507728.364713843	3881237.30478082	70
507728.364713843	3881237.30478082	70
507727.6539679	3881236.8605859	70
507726.934104921	3881236.41638329	70
507726.934104921	3881236.41638329	70
507726.214223024	3881235.99436026	70
507726.214223024	3881235.99436026	70
507725.357690269	3881235.45023371	70
507725.357690269	3881235.45023371	70
507725.357690269	3881235.45023371	70
507724.628691258	3881235.02820306	70
507723.872350707	3881234.59505946	70
507722.997574328	3881234.06200741	70
507722.997574328	3881234.06200741	70
507722.077213022	3881233.52891671	70
507722.077213022	3881233.52891671	70
507721.466668325	3881233.18461531	70
507721.466668325	3881233.18461531	70
507720.746804756	3881232.74041319	70
507720.746804756	3881232.74041319	70
507719.872009183	3881232.22954095	70
507719.872009183	3881232.22954095	70
507719.142981407	3881231.84078002	70
507719.142981407	3881231.84078002	70
507718.395738465	3881231.42982414	70
507718.395738465	3881231.42982414	70
507717.80343684	3881231.07444871	70
507717.80343684	3881231.07444871	70
507717.056212605	3881230.64131343	70
507717.056212605	3881230.64131343	70
507716.290754357	3881230.20816273	70
507716.290754357	3881230.20816273	70
507715.507015038	3881229.83044541	70
507715.507015038	3881229.83044541	70
507714.723303891	3881229.41945889	70
507714.723303891	3881229.41945889	70
507713.976079369	3881228.98632386	70
507713.976079369	3881228.98632386	70
507713.374632214	3881228.66421025	70
507713.374632214	3881228.66421025	70
507713.374632214	3881228.66421025	70
507712.809662309	3881228.33103787	70
507712.809662309	3881228.33103787	70
507712.208224476	3881227.99783459	70
507712.208224476	3881227.99783459	70
507711.670595993	3881227.67577524	70
507711.670595993	3881227.67577524	70
507711.060078734	3881227.29820526	70
507711.060078734	3881227.29820526	70
