507821.74027837394	3881290.2818782157	100
507821.15709201345	3881289.937593608	100
507820.47368639667	3881289.5155944373	100
507819.7264718826	3881289.08245066	100
507818.93370136624	3881288.6159984544	100
507818.1318043203	3881288.1606282364	100
507817.29348723224	3881287.6497779274	100
507816.50982384203	3881287.1944235344	100
507815.7352486782	3881286.7723463285	100
507814.9151460846	3881286.283691439	100
507814.0950624711	3881285.7728571035	100
507813.22029634664	3881285.2397963055	100
507812.3364036751	3881284.717817518	100
507811.44339398766	3881284.1958309812	100
507810.57774447126	3881283.6627782728	100
507809.70294935536	3881283.1629870967	100
507808.7643547798	3881282.640961662	100
507807.8804616002	3881282.11898331	100
507806.9783154368	3881281.6191689037	100
507806.07619774365	3881281.0860853083	100
507805.1923137786	3881280.5530174584	100
507804.244620803	3881280.0088051474	100
507803.30603511113	3881279.4756905185	100
507802.38570218824	3881278.9204121195	100
507801.41976551455	3881278.3872742127	100
507800.48118900403	3881277.84307012	50
507799.58817796444	3881277.3210847555	50
507798.6404748009	3881276.7879627906	50
507797.6654492977	3881276.2215481834	50
507796.7086480074	3881275.666239082	50
507795.7700614264	3881275.1331252377	50
507794.8223483043	3881274.611093433	50
507793.8564297444	3881274.0557768135	50
507792.8722772187	3881273.5004446683	50
507791.9245827698	3881272.9562336486	50
507790.97691672156	3881272.378753447	50
507790.0109976924	3881271.823437241	50
507789.01775627246	3881271.2348284223	50
507787.9698036505	3881270.657262609	50
507786.9218508956	3881270.0796969137	50
507785.8647715802	3881269.513213295	50
507784.8077111298	3881268.924550278	50
507783.7871087679	3881268.3470083713	50
507782.757398838	3881267.7583690155	50
507781.7185908301	3881267.1475424524	50
507780.68889012514	3881266.5478135725	100
507779.6774136566	3881265.9591901726	100
507778.63857677026	3881265.3816332435	100
507777.5906323042	3881264.792978873	100
507776.53357076587	3881264.2043168247	100
507775.47652806697	3881263.593475381	100
507774.41947573936	3881262.9937238195	100
507773.3533253025	3881262.371785068	100
507772.2233751253	3881261.727612357	100
507771.12074715726	3881261.1167324483	100
507770.08193761273	3881260.5059072226	100
507769.0157865881	3881259.8839689814	100
507767.9770051889	3881259.2398747215	100
507766.9199518639	3881258.6401240393	100
507765.8628889232	3881258.051463238	100
507764.79672785004	3881257.4406152554	100
507763.7305666338	3881256.8297674004	100
507762.6461903297	3881256.19672458	100
507761.5526969317	3881255.563674104	100
507760.44098842656	3881254.9084286764	100
507759.3383777761	3881254.2753706863	100
507758.26310834475	3881253.653425934	100
507757.21516121074	3881253.064773926	100
507756.15812538133	3881252.442844984	100
507755.0828555139	3881251.8209006106	100
507754.00755712105	3881251.232225642	100
507752.92316055746	3881250.6213635067	100
507751.82965635654	3881249.99940397	100
507750.7361425507	3881249.3885343233	100
507749.6426475064	3881248.7554852907	100
507748.5126939584	3881248.111315545	100
507747.4191891546	3881247.4893565425	100
507746.3256747512	3881246.8784874287	100
507745.213926294	3881246.2676029126	100
507744.1113040903	3881245.645636542	100
507743.0269250892	3881245.012596077	100
507741.9060781202	3881244.3795246826	100
507740.8125724167	3881243.7575664786	100
507739.70084209234	3881243.1245031212	100
507738.5526437912	3881242.4914088584	100
507737.4044736456	3881241.8250454618	100
507736.265439165	3881241.1365104513	100
507735.08993667935	3881240.447944554	100
507733.932639631	3881239.7926636008	100
507732.8300064384	3881239.181788365	100
507731.7273730955	3881238.5709132645	100
507730.5974170177	3881237.9267457607	100
507729.4674702071	3881237.2714886395	100
507728.36487412214	3881236.616254912	100
507727.28050237685	3881235.972126578	100
507726.18700408936	3881235.339080385	100
507725.0843792616	3881234.7171163354	100
507723.9726467415	3881234.0840549143	100
507722.8791291518	3881233.4731886405	100
507721.7764944519	3881232.8623147537	100
507720.66472380015	3881232.2736127777	100
507719.5256774427	3881231.596169638	100
507718.3957102172	3881230.96309342	100
507717.28399560024	3881230.3078533043	100
507716.1540374744	3881229.6636876073	100
507715.04230371595	3881229.0306272865	100
507713.8849849494	3881228.39752842	100
507712.7458999636	3881227.7644451717	100
507711.61595060857	3881227.109190284	100
507710.47687471006	3881226.4650175627	100
507709.3560325982	3881225.820860449	100
507708.2989997382	3881225.187847349	100
507707.488012206	3881224.688120186	100
