298443.9957	4137763.521
298444.6212	4137764.3
298445.241	4137765.084
298445.8609	4137765.868
298446.4807	4137766.652
298447.1006	4137767.436
298447.7205	4137768.221
298448.3404	4137769.005
298448.9602	4137769.789
298449.5801	4137770.573
298450.2	4137771.357
298450.8199	4137772.141
298451.4398	4137772.925
298452.0597	4137773.709
298452.6796	4137774.493
298453.2991	4137775.278
298453.9174	4137776.063
298454.5357	4137776.848
298455.154	4137777.634
298455.7723	4137778.419
298456.3906	4137779.204
298457.0089	4137779.99
298457.6271	4137780.775
298458.2447	4137781.561
298458.8623	4137782.347
298459.4799	4137783.133
298460.0975	4137783.919
298460.7151	4137784.705
298461.3327	4137785.491
298461.9503	4137786.276
298462.5679	4137787.062
298463.1856	4137787.848
298463.8032	4137788.634
298464.4208	4137789.42
298465.0382	4137790.206
298465.6554	4137790.992
298466.2725	4137791.779
298466.8896	4137792.565
298467.5067	4137793.351
298468.1238	4137794.137
298468.741	4137794.924
298469.3581	4137795.71
298469.9752	4137796.496
298470.5923	4137797.283
298471.21	4137798.068
298471.8281	4137798.854
298472.4462	4137799.639
298473.0643	4137800.425
298473.6823	4137801.211
298474.3004	4137801.996
298474.9185	4137802.782
298475.5366	4137803.567
298476.1544	4137804.353
298476.7719	4137805.139
298477.3897	4137805.925
298478.0077	4137806.71
298478.6258	4137807.496
298479.2438	4137808.282
298479.8619	4137809.067
298480.4799	4137809.853
298481.098	4137810.638
298481.716	4137811.424
298482.3341	4137812.21
298482.9521	4137812.995
298483.5702	4137813.781
298484.1882	4137814.566
298484.8062	4137815.352
298485.4243	4137816.138
298486.0423	4137816.923
298486.6604	4137817.709
298487.2784	4137818.494
298487.8965	4137819.28
298488.5145	4137820.066
298489.1325	4137820.851
298489.7505	4137821.637
298490.3685	4137822.422
298490.9869	4137823.208
298491.6055	4137823.993
298492.2241	4137824.778
298492.8427	4137825.563
298493.4613	4137826.348
298494.0799	4137827.133
298494.6985	4137827.918
298495.3171	4137828.704
298495.9357	4137829.489
298496.5543	4137830.274
298497.1729	4137831.059
298497.7914	4137831.844
298498.41	4137832.629
298499.0286	4137833.414
298499.6472	4137834.199
298500.2658	4137834.984
298500.8844	4137835.77
298501.503	4137836.555
298502.1215	4137837.34
298502.7403	4137838.125
298503.36	4137838.909
298503.9797	4137839.693
298504.5994	4137840.477
298505.2191	4137841.262
298505.8388	4137842.046
298506.4585	4137842.83
298507.0782	4137843.614
298507.6979	4137844.398
298508.3177	4137845.183
298508.9374	4137845.967
298509.5571	4137846.751
298510.1768	4137847.535
298510.7965	4137848.319
298511.4163	4137849.104
298512.036	4137849.888
298512.6557	4137850.672
298513.2754	4137851.456
298513.8952	4137852.24
298514.5149	4137853.025
298515.1347	4137853.809
298515.7544	4137854.593
298516.3742	4137855.377
298516.9939	4137856.162
298517.6137	4137856.946
298518.2334	4137857.73
298518.8532	4137858.514
298519.4729	4137859.298
298520.0927	4137860.083
298520.7124	4137860.867
298521.3322	4137861.651
298521.9519	4137862.435
298522.5717	4137863.219
298523.1887	4137864.006
298523.8042	4137864.793
298524.4198	4137865.581
298525.0354	4137866.368
