302517.7693	4123814.724	50
302518.2545	4123815.598	50
302518.74	4123816.473	50
302519.2259	4123817.347	50
302519.7119	4123818.221	50
302520.1978	4123819.095	50
302520.6837	4123819.969	50
302521.1696	4123820.843	50
302521.6556	4123821.717	50
302522.1415	4123822.591	50
302522.6274	4123823.465	50
302523.1133	4123824.339	50
302523.5995	4123825.212	50
302524.0857	4123826.086	50
302524.5719	4123826.96	50
302525.0577	4123827.834	50
302525.5435	4123828.708	50
302526.0292	4123829.582	50
302526.5152	4123830.456	50
302527.0011	4123831.33	50
302527.487	4123832.204	50
302527.973	4123833.078	50
302528.4589	4123833.952	50
302528.9448	4123834.826	50
302529.4307	4123835.7	50
302529.9167	4123836.574	50
302530.4026	4123837.448	50
302530.8885	4123838.322	50
302531.3744	4123839.196	50
302531.8604	4123840.07	50
302532.3465	4123840.944	50
302532.8327	4123841.818	50
302533.3189	4123842.692	50
302533.8048	4123843.566	50
302534.2908	4123844.44	50
302534.7767	4123845.314	50
302535.2626	4123846.188	50
302535.7485	4123847.062	50
302536.2345	4123847.936	50
302536.7203	4123848.81	50
302537.2063	4123849.684	50
302537.692	4123850.558	50
302538.1767	4123851.433	50
302538.6626	4123852.307	50
302539.1476	4123853.181	50
302539.6323	4123854.056	50
302540.1176	4123854.93	50
302540.6029	4123855.805	50
302541.0876	4123856.679	50
302541.5733	4123857.553	50
302542.0581	4123858.428	50
302542.5433	4123859.302	50
302543.0293	4123860.176	50
302543.5139	4123861.051	50
302543.9988	4123861.926	50
302544.4843	4123862.8	50
302544.9697	4123863.674	50
302545.4523	4123864.55	50
302545.9403	4123865.423	50
302546.4334	4123866.293	50
302546.9265	4123867.163	50
302547.4196	4123868.033	50
302547.9127	4123868.903	50
302548.4058	4123869.773	50
302548.8989	4123870.643	50
302549.392	4123871.513	50
302549.8851	4123872.383	50
302550.3782	4123873.253	50
302550.8713	4123874.123	50
302551.3644	4123874.993	50
302551.8577	4123875.862	50
302552.3511	4123876.732	50
302552.8445	4123877.602	50
302553.3376	4123878.472	50
302553.8307	4123879.342	50
302554.3238	4123880.212	50
302554.8169	4123881.082	50
302555.31	4123881.952	50
302555.8031	4123882.822	50
302556.2964	4123883.692	50
302556.7896	4123884.562	50
302557.2829	4123885.432	50
302557.776	4123886.301	50
302558.2691	4123887.171	50
302558.7622	4123888.041	50
302559.255	4123888.912	50
302559.7408	4123889.786	50
302560.2265	4123890.66	50
302560.7122	4123891.534	50
302561.1981	4123892.408	50
302561.6839	4123893.282	50
302562.1678	4123894.157	50
302562.6458	4123895.035	50
302563.1238	4123895.914	50
302563.6019	4123896.792	50
