166021.4431793313	0.0	70
507499.8680590739	3881223.4276596424	70
507499.8680590739	3881223.4276596424	50
507499.8680590739	3881223.4276596424	50
507499.8680590739	3881223.4276596424	50
507499.8680590739	3881223.4276596424	50
507499.8680590739	3881223.4276596424	50
507499.8680590739	3881223.4276596424	50
507499.8680590739	3881223.4276596424	50
507499.8680590739	3881223.4276596424	50
507499.8680590739	3881223.4276596424	50
507499.8680590739	3881223.4276596424	50
507499.8680590739	3881223.4276596424	50
507499.8680590739	3881223.4276596424	50
507499.8680590739	3881223.4276596424	50
507499.8680590739	3881223.4276596424	50
507499.8680590739	3881223.4276596424	50
507499.8680590739	3881223.4276596424	50
507499.8680590739	3881223.4276596424	50
507499.8680590739	3881223.4276596424	50
507499.8680590739	3881223.4276596424	50
507499.8680590739	3881223.4276596424	50
507499.8680590739	3881223.4276596424	50
507499.8680590739	3881223.4276596424	50
507499.8680590739	3881223.4276596424	50
507499.8680590739	3881223.4276596424	50
507499.8680590739	3881223.4276596424	50
507499.8680590739	3881223.4276596424	50
507499.8680590739	3881223.4276596424	50
507499.8680590739	3881223.4276596424	50
507499.8680590739	3881223.4276596424	50
507499.8680590739	3881223.4276596424	50
507499.8680590739	3881223.4276596424	50
507499.8680590739	3881223.4276596424	50
507499.8680590739	3881223.4276596424	50
507499.8680590739	3881223.4276596424	50
507499.8680590739	3881223.4276596424	50
507499.8680590739	3881223.4276596424	50
507499.8680590739	3881223.4276596424	50
507499.8680590739	3881223.4276596424	50
507499.8680590739	3881223.4276596424	50
507499.8680590739	3881223.4276596424	50
507499.8680590739	3881223.4276596424	50
507499.8680590739	3881223.4276596424	50
507499.8680590739	3881223.4276596424	50
507499.8680590739	3881223.4276596424	50
507499.8680590739	3881223.4276596424	50
507499.8680590739	3881223.4276596424	50
507499.8680590739	3881223.4276596424	50
507499.8680590739	3881223.4276596424	50
507499.8680682233	3881223.416569884	50
507499.8680682233	3881223.416569884	50
507499.8771851982	3881223.4165774058	50
507499.8771851982	3881223.4165774058	50
507499.8771851982	3881223.4165774058	50
507499.88631132006	3881223.405495168	50
507499.89544659376	3881223.383323172	50
507499.89544659376	3881223.383323172	50
507499.9137079941	3881223.350068941	50
507499.9137079941	3881223.350068941	50
507499.9137079941	3881223.350068941	50
507499.9319693923	3881223.316814706	50
507499.9593660669	3881223.261388479	50
507499.9593660669	3881223.261388479	50
507499.9593660669	3881223.261388479	50
507499.98676273716	3881223.205962251	50
507500.02329468663	3881223.1283640275	50
507500.02329468663	3881223.1283640275	50
507500.02329468663	3881223.1283640275	50
507500.0598174848	3881223.061855561	50
507500.0872324602	3881222.9842498167	50
507500.0872324602	3881222.9842498167	50
507500.12376440916	3881222.9066515933	50
507500.12376440916	3881222.9066515933	50
507500.12376440916	3881222.9066515933	50
507500.1603055084	3881222.8179636123	50
507500.1968283088	3881222.751455147	50
507500.1968283088	3881222.751455147	50
507500.1968283088	3881222.751455147	50
507500.2333602619	3881222.6738569243	50
507500.2607660878	3881222.6073409375	50
507500.2607660878	3881222.6073409375	50
507500.28816276416	3881222.5519147106	50
507500.28816276416	3881222.5519147106	50
507500.30644246744	3881222.496480961	50
507500.28816276416	3881222.5519147106	50
507500.3338299922	3881222.452144493	50
507500.3338299922	3881222.452144493	50
507500.35210969596	3881222.396710743	50
507500.35210969596	3881222.396710743	50
507500.35210969596	3881222.396710743	50
507500.37037109764	3881222.3634565114	50
507500.37037109764	3881222.3634565114	50
507500.3886416518	3881222.319112521	50
507500.4160383275	3881222.2636862947	50
507500.4160383275	3881222.2636862947	50
507500.43430888205	3881222.2193423044	50
507500.43430888205	3881222.2193423044	50
507500.4617055607	3881222.1639160765	50
507500.4617055607	3881222.1639160765	50
507500.4617055607	3881222.1639160765	50
507500.48911138973	3881222.0974000916	50
507500.48911138973	3881222.0974000916	50
507500.5165172215	3881222.030884106	50
507500.5165172215	3881222.030884106	50
507500.5530491756	3881221.953285884	50
507500.5895811349	3881221.8756876634	50
507500.5895811349	3881221.8756876634	50
507500.62612224283	3881221.7869996848	50
507500.5895811349	3881221.8756876634	50
507500.6626633538	3881221.6983117033	50
507500.62612224283	3881221.7869996848	50
507500.6626633538	3881221.6983117033	50
507500.69921361346	3881221.598533965	50
507500.69921361346	3881221.598533965	50
507500.7448808531	3881221.4987637494	50
507500.7814311145	3881221.3989860117	50
507500.7814311145	3881221.3989860117	50
507500.82709835604	3881221.2992157964	50
507500.82709835604	3881221.2992157964	50
507500.82709835604	3881221.2992157964	50
507500.8727655962	3881221.1994455815	50
507500.90932501317	3881221.088578085	50
507500.90932501317	3881221.088578085	50
507500.9549922553	3881220.9888078705	50
507500.9549922553	3881220.9888078705	50
507500.9549922553	3881220.9888078705	50
507501.0006503477	3881220.900127415	50
507501.0006503477	3881220.900127415	50
507501.0372006143	3881220.8003496784	50
507501.0372006143	3881220.8003496784	50
507501.0828587108	3881220.7116692234	50
507501.0828587108	3881220.7116692234	50
507501.11939982814	3881220.622981244	50
507501.11939982814	3881220.622981244	50
507501.1559409462	3881220.5342932674	50
507501.2015990452	3881220.445612813	50
507501.2015990452	3881220.445612813	50
507501.2015990452	3881220.445612813	50
507501.23814016476	3881220.3569248347	50
507501.27469043847	3881220.2571471008	50
507501.23814016476	3881220.3569248347	50
507501.27469043847	3881220.2571471008	50
507501.32035768876	3881220.1573768873	50
507501.32035768876	3881220.1573768873	50
507501.35690796183	3881220.0575991515	50
507501.35690796183	3881220.0575991515	50
507501.4025843676	3881219.946739181	50
507501.4025843676	3881219.946739181	50
507501.39297322335	3881220.5455786292	50
507501.4386496248	3881220.4347186587	50
507501.4386496248	3881220.4347186587	50
507501.4751999004	3881220.3349409215	50
507501.4751999004	3881220.3349409215	50
507501.5208671525	3881220.2351707113	50
507501.5208671525	3881220.2351707113	50
507501.56654355937	3881220.1243107417	50
507501.56654355937	3881220.1243107417	50
507501.56654355937	3881220.1243107417	50
507501.61221081356	3881220.0245405305	50
507501.61221081356	3881220.0245405305	50
507501.65788722027	3881219.9136805604	50
507501.7035636304	3881219.8028205913	50
507501.65788722027	3881219.9136805604	50
507501.7035636304	3881219.8028205913	50
507501.7401139091	3881219.7030428573	50
507501.7401139091	3881219.7030428573	50
507501.7857811696	3881219.603272647	50
507501.7857811696	3881219.603272647	50
507501.83143927704	3881219.5145921963	50
507501.83143927704	3881219.5145921963	50
507501.8679895606	3881219.414814461	50
507501.8679895606	3881219.414814461	50
507501.9045306885	3881219.3261264875	50
507501.9045306885	3881219.3261264875	50
507501.95019795035	3881219.22635628	50
507501.9958560636	3881219.1376758283	50
507501.95019795035	3881219.22635628	50
507501.9958560636	3881219.1376758283	50
507502.04151417536	3881219.048995378	50
507502.04151417536	3881219.048995378	50
507502.078046159	3881218.971397163	50
507502.11458729306	3881218.8827091902	50
507502.078046159	3881218.971397163	50
507502.11458729306	3881218.8827091902	50
507502.1602454073	3881218.7940287394	50
507502.19678654516	3881218.7053407673	50
507502.1602454073	3881218.7940287394	50
507502.19678654516	3881218.7053407673	50
507502.2424355088	3881218.627750077	50
507502.2880936279	3881218.539069627	50
507502.2880936279	3881218.539069627	50
507502.3337608979	3881218.4392994195	50
507502.3337608979	3881218.4392994195	50
507502.3337608979	3881218.4392994195	50
507502.3794190165	3881218.3506189724	50
507502.43420327076	3881218.25085629	50
507502.43420327076	3881218.25085629	50
507502.4798796964	3881218.1399963247	50
507502.43420327076	3881218.25085629	50
507502.53467310563	3881218.0291438843	50
507502.53467310563	3881218.0291438843	50
507502.59858349664	3881217.9182989686	50
507502.59858349664	3881217.9182989686	50
507502.59858349664	3881217.9182989686	50
507502.6533860591	3881217.7963567693	50
507502.6533860591	3881217.7963567693	50
507502.717305606	3881217.6744220974	50
507502.717305606	3881217.6744220974	50
507502.79034213535	3881217.552494949	50
507502.79034213535	3881217.552494949	50
507502.85427083645	3881217.419470517	50
507502.85427083645	3881217.419470517	50
507502.92730736965	3881217.2975433706	50
507502.92730736965	3881217.2975433706	50
507502.9912269214	3881217.1756086983	50
507503.0551464772	3881217.053674027	50
507503.0551464772	3881217.053674027	50
507503.1190660323	3881216.9317393578	50
507503.0551464772	3881217.053674027	50
507503.1190660323	3881216.9317393578	50
507503.192102573	3881216.809812212	50
507503.25601298054	3881216.6989673013	50
507503.192102573	3881216.809812212	50
507503.25601298054	3881216.6989673013	50
507503.3108064079	3881216.588114865	50
507503.3108064079	3881216.588114865	50
507503.3747168161	3881216.4772699554	50
507503.3747168161	3881216.4772699554	50
507503.42950109026	3881216.3775072787	50
507503.42950109026	3881216.3775072787	50
507503.4842853656	3881216.277744604	50
507503.4842853656	3881216.277744604	50
507503.5390696468	3881216.1779819275	50
507503.5390696468	3881216.1779819275	50
507503.59385392454	3881216.0782192526	50
507503.6395120672	3881215.9895388116	50
507503.59385392454	3881216.0782192526	50
507503.6395120672	3881215.9895388116	50
507503.6851702131	3881215.9008583697	50
507503.6851702131	3881215.9008583697	50
507503.7308192035	3881215.823267687	50
507503.7308192035	3881215.823267687	50
507503.7764681947	3881215.745677004	50
507503.7764681947	3881215.745677004	50
507503.8130002063	3881215.668078797	50
507503.8130002063	3881215.668078797	50
507503.85864919896	3881215.590488115	50
507503.904307349	3881215.5018076748	50
507503.904307349	3881215.5018076748	50
507503.9499563432	3881215.424216993	50
507503.9499563432	3881215.424216993	50
507503.9499563432	3881215.424216993	50
507504.0047314756	3881215.3355440795	50
507504.0047314756	3881215.3355440795	50
507504.05038962833	3881215.246863641	50
507504.05038962833	3881215.246863641	50
507504.1051739196	3881215.147100968	50
507504.1051739196	3881215.147100968	50
507504.15996736434	3881215.0362485377	50
507504.15996736434	3881215.0362485377	50
507504.2147516557	3881214.9364858666	50
507504.2147516557	3881214.9364858666	50
507504.2786620912	3881214.8256409625	50
507504.2786620912	3881214.8256409625	50
507504.3425725235	3881214.7147960607	50
507504.3973751286	3881214.5928538726	50
507504.3425725235	3881214.7147960607	50
507504.3973751286	3881214.5928538726	50
507504.4612947213	3881214.470919213	50
507504.52520515834	3881214.36007431	50
507504.52520515834	3881214.36007431	50
507504.52520515834	3881214.36007431	50
507504.5891339095	3881214.2270498914	50
507504.6530535073	3881214.105115233	50
507504.6530535073	3881214.105115233	50
507504.72609009116	3881213.9831881006	50
507504.72609009116	3881213.9831881006	50
507504.7900096902	3881213.8612534436	50
507504.7900096902	3881213.8612534436	50
507504.7900096902	3881213.8612534436	50
507504.8539384487	3881213.7282290263	50
507504.8539384487	3881213.7282290263	50
507504.926975036	3881213.606301895	50
507504.926975036	3881213.606301895	50
507505.0000116275	3881213.4843747653	50
507505.07305737666	3881213.351357877	50
507505.0000116275	3881213.4843747653	50
507505.07305737666	3881213.351357877	50
507505.13697698474	3881213.229423222	50
507505.13697698474	3881213.229423222	50
507505.21002273797	3881213.0964063355	50
507505.21002273797	3881213.0964063355	50
507505.2739423497	3881212.9744716804	50
507505.2739423497	3881212.9744716804	50
507505.34698810696	3881212.8414547956	50
507505.34698810696	3881212.8414547956	50
507505.42002471024	3881212.719527668	50
507505.49307046935	3881212.586510783	50
507505.42002471024	3881212.719527668	50
507505.55699009076	3881212.4645761303	50
507505.49307046935	3881212.586510783	50
507505.55699009076	3881212.4645761303	50
507505.6300358563	3881212.3315592473	50
507505.6300358563	3881212.3315592473	50
507505.70308162156	3881212.1985423644	50
507505.70308162156	3881212.1985423644	50
507505.77612739126	3881212.0655254824	50
507505.8491731631	3881211.9325086013	50
507505.8491731631	3881211.9325086013	50
507505.8491731631	3881211.9325086013	50
507505.9222189348	3881211.7994917193	50
507505.995264711	3881211.66647484	50
507505.9222189348	3881211.7994917193	50
507505.995264711	3881211.66647484	50
507506.06831048924	3881211.533457961	50
507506.14134711033	3881211.411530841	50
507506.06831048924	3881211.533457961	50
507506.14134711033	3881211.411530841	50
507506.2143928928	3881211.278513962	50
507506.27832168783	3881211.1454895567	50
507506.27832168783	3881211.1454895567	50
507506.3513674744	3881211.0124726794	50
507506.27832168783	3881211.1454895567	50
507506.4244132631	3881210.8794558025	50
507506.3513674744	3881211.0124726794	50
507506.49745905166	3881210.746438927	50
507506.49745905166	3881210.746438927	50
507506.5613878592	3881210.613414523	50
507506.5613878592	3881210.613414523	50
507506.5613878592	3881210.613414523	50
507506.6344244966	3881210.491487407	50
507506.6344244966	3881210.491487407	50
507506.6983441457	3881210.369552762	50
507506.6983441457	3881210.369552762	50
507506.7622729542	3881210.2365283594	50
507506.7622729542	3881210.2365283594	50
507506.8261926091	3881210.1145937154	50
507506.8261926091	3881210.1145937154	50
507506.8901122634	3881209.992659074	50
507506.8901122634	3881209.992659074	50
507506.9540319217	3881209.870724431	50
507507.0179515794	3881209.748789789	50
507507.0179515794	3881209.748789789	50
507507.0179515794	3881209.748789789	50
507507.08187124116	3881209.626855147	50
507507.1457909046	3881209.504920506	50
507507.08187124116	3881209.626855147	50
507507.1457909046	3881209.504920506	50
507507.20971056976	3881209.3829858657	50
507507.2736302343	3881209.261051225	50
507507.20971056976	3881209.3829858657	50
507507.32843291137	3881209.1391090564	50
507507.32843291137	3881209.1391090564	50
507507.32843291137	3881209.1391090564	50
507507.39235258155	3881209.017174417	50
507507.39235258155	3881209.017174417	50
507507.44715526165	3881208.895232249	50
507507.44715526165	3881208.895232249	50
507507.5110749374	3881208.7732976098	50
507507.5658776206	3881208.6513554435	50
507507.5110749374	3881208.7732976098	50
507507.5658776206	3881208.6513554435	50
507507.62068030523	3881208.5294132754	50
507507.62068030523	3881208.5294132754	50
507507.68459082476	3881208.4185683974	50
507507.68459082476	3881208.4185683974	50
507507.7485013435	3881208.30772352	50
507507.80329487595	3881208.1968711126	50
507507.7485013435	3881208.30772352	50
507507.86720539996	3881208.086026235	50
507507.80329487595	3881208.1968711126	50
507507.86720539996	3881208.086026235	50
507507.92200809205	3881207.96408407	50
507507.92200809205	3881207.96408407	50
507507.9859186169	3881207.853239194	50
507508.04071215494	3881207.742386788	50
507507.9859186169	3881207.853239194	50
507508.09550569433	3881207.6315343827	50
507508.09550569433	3881207.6315343827	50
507508.159425383	3881207.509599749	50
507508.159425383	3881207.509599749	50
507508.159425383	3881207.509599749	50
507508.2142189253	3881207.398747344	50
507508.2142189253	3881207.398747344	50
507508.2690124666	3881207.2878949395	50
507508.2690124666	3881207.2878949395	50
507508.3238060115	3881207.1770425364	50
507508.37859955546	3881207.066190132	50
507508.37859955546	3881207.066190132	50
507508.37859955546	3881207.066190132	50
507508.4333839433	3881206.9664274873	50
507508.47906049836	3881206.855567552	50
507508.47906049836	3881206.855567552	50
507508.5156200653	3881206.7447000896	50
507508.47906049836	3881206.855567552	50
507508.5612874625	3881206.644929916	50
507508.5612874625	3881206.644929916	50
507508.59783786896	3881206.5451522106	50
507508.59783786896	3881206.5451522106	50
507508.59783786896	3881206.5451522106	50
507508.6343882762	3881206.4453745065	50
507508.6343882762	3881206.4453745065	50
507508.6709386866	3881206.3455968024	50
507508.70749825554	3881206.2347293394	50
507508.70749825554	3881206.2347293394	50
507508.70749825554	3881206.2347293394	50
507508.7440486676	3881206.1349516357	50
507508.7440486676	3881206.1349516357	50
507508.78060823824	3881206.0240841745	50
507508.8171586496	3881205.924306469	50
507508.8171586496	3881205.924306469	50
507508.8171586496	3881205.924306469	50
507508.84460122953	3881205.8134314762	50
507508.8720438124	3881205.702556484	50
507508.8720438124	3881205.702556484	50
507508.8720438124	3881205.702556484	50
507508.8994863936	3881205.5916814916	50
507508.8994863936	3881205.5916814916	50
507508.9178119826	3881205.4807989686	50
507508.9361375721	3881205.369916445	50
507508.9178119826	3881205.4807989686	50
507508.9361375721	3881205.369916445	50
507508.9544631644	3881205.2590339216	50
507508.97278875473	3881205.1481513996	50
507508.97278875473	3881205.1481513996	50
507508.97278875473	3881205.1481513996	50
507508.9819973522	3881205.0372613436	50
507508.9819973522	3881205.0372613436	50
507508.9911967872	3881204.937461048	50
507508.9911967872	3881204.937461048	50
507509.00952238095	3881204.8265785263	50
507509.00952238095	3881204.8265785263	50
507509.0096048251	3881204.7267707	50
507509.0096048251	3881204.7267707	50
507509.01880426303	3881204.626970405	50
507509.0188958678	3881204.51607282	50
507509.0188958678	3881204.51607282	50
507509.0188958678	3881204.51607282	50
507509.01897831203	3881204.4162649936	50
507509.0190607563	3881204.3164571677	50
507509.0190607563	3881204.3164571677	50
507509.0191432006	3881204.216649342	50
507509.0190607563	3881204.3164571677	50
507509.0010008169	3881204.105736695	50
507509.0010008169	3881204.105736695	50
507509.0010008169	3881204.105736695	50
507509.0010832609	3881204.005928869	50
507509.0010832609	3881204.005928869	50
507508.9829317161	3881203.9061059807	50
507508.97389716544	3881203.8062906237	50
507508.97389716544	3881203.8062906237	50
507508.9648626145	3881203.706475267	50
507508.9648626145	3881203.706475267	50
507508.94670190604	3881203.6177421375	50
507508.94670190604	3881203.6177421375	50
507508.92855035985	3881203.517919249	50
507508.92855035985	3881203.517919249	50
507508.9103988155	3881203.418096361	50
507508.9103988155	3881203.418096361	50
507508.8922381059	3881203.3293632334	50
507508.8922381059	3881203.3293632334	50
507508.86496956344	3881203.229532814	50
507508.86496956344	3881203.229532814	50
507508.83769186004	3881203.140792154	50
507508.83769186004	3881203.140792154	50
507508.83769186004	3881203.140792154	50
507508.81954030937	3881203.0409692675	50
507508.81954030937	3881203.0409692675	50
507508.79227176524	3881202.9411388487	50
507508.7649940603	3881202.8523981883	50
507508.7649940603	3881202.8523981883	50
507508.7649940603	3881202.8523981883	50
507508.73771635484	3881202.7636575294	50
507508.7013216508	3881202.6749093393	50
507508.7013216508	3881202.6749093393	50
507508.7013216508	3881202.6749093393	50
507508.67405310425	3881202.5750789214	50
507508.63766755885	3881202.4752409733	50
507508.63766755885	3881202.4752409733	50
507508.601291175	3881202.3643132667	50
507508.601291175	3881202.3643132667	50
507508.5649147902	3881202.253385561	50
507508.601291175	3881202.3643132667	50
507508.5285384045	3881202.142457855	50
507508.5285384045	3881202.142457855	50
507508.5285384045	3881202.142457855	50
507508.49216201564	3881202.0315301497	50
507508.44665947196	3881201.9316846714	50
507508.44665947196	3881201.9316846714	50
507508.44665947196	3881201.9316846714	50
507508.4194000777	3881201.820764496	50
507508.38301452884	3881201.7209265493	50
507508.38301452884	3881201.7209265493	50
507508.38301452884	3881201.7209265493	50
507508.35574597586	3881201.6210961323	50
507508.35574597586	3881201.6210961323	50
507508.3284774223	3881201.521265717	50
507508.3284774223	3881201.521265717	50
507508.31032586505	3881201.4214428295	50
507508.31032586505	3881201.4214428295	50
507508.28305730806	3881201.3216124144	50
507508.2558711909	3881201.121974172	50
507508.2558711909	3881201.121974172	50
507508.2558711909	3881201.121974172	50
507508.2377104702	3881201.0332410443	50
507508.2286667489	3881200.944515446	50
507508.2286667489	3881200.944515446	50
507508.2286667489	3881200.944515446	50
507508.2196230274	3881200.8557898495	50
507508.2105884629	3881200.755974493	50
507508.2105884629	3881200.755974493	50
507508.2105884629	3881200.755974493	50
507508.19242774334	3881200.6672413647	50
507508.19242774334	3881200.6672413647	50
507508.18338402355	3881200.578515768	50
507508.18338402355	3881200.578515768	50
507508.1744227361	3881200.389982344	50
507508.1653881706	3881200.2901669894	50
507508.1653881706	3881200.2901669894	50
507508.1653881706	3881200.2901669894	50
507508.16547060537	3881200.1903591636	50
507508.16547060537	3881200.1903591636	50
507508.1746700407	3881200.0905588693	50
507508.17475247564	3881199.9907510425	50
507508.1746700407	3881200.0905588693	50
507508.1839427495	3881199.9020405067	50
507508.1839427495	3881199.9020405067	50
507508.1839427495	3881199.9020405067	50
507508.1840251845	3881199.802232681	50
507508.1840251845	3881199.802232681	50
507508.1932246158	3881199.7024323856	50
507508.19331621035	3881199.591534801	50
507508.19331621035	3881199.591534801	50
507508.19331621035	3881199.591534801	50
507508.2116326431	3881199.4917420363	50
507508.22083207965	3881199.39194174	50
507508.2116326431	3881199.4917420363	50
507508.22083207965	3881199.39194174	50
507508.2300315141	3881199.2921414454	50
507508.2300315141	3881199.2921414454	50
507508.2483479479	3881199.19234868	50
507508.2483479479	3881199.19234868	50
507508.26666438207	3881199.092555915	50
507508.26666438207	3881199.092555915	50
507508.29409781605	3881198.9927706793	50
507508.29409781605	3881198.9927706793	50
507508.3215404125	3881198.8818956856	50
507508.3398568458	3881198.7821029215	50
507508.3215404125	3881198.8818956856	50
507508.3398568458	3881198.7821029215	50
507508.3672902838	3881198.682317687	50
507508.39472372236	3881198.5825324515	50
507508.39472372236	3881198.5825324515	50
507508.39472372236	3881198.5825324515	50
507508.4312833166	3881198.471664989	50
507508.4312833166	3881198.471664989	50
507508.4587167565	3881198.371879755	50
507508.49526719475	3881198.272102051	50
507508.49526719475	3881198.272102051	50
507508.49526719475	3881198.272102051	50
507508.5409437963	3881198.1612421195	50
507508.5774942363	3881198.0614644163	50
507508.5774942363	3881198.0614644163	50
507508.6231708398	3881197.950604485	50
507508.6231708398	3881197.950604485	50
507508.66884744214	3881197.839744553	50
507508.66884744214	3881197.839744553	50
507508.7145240455	3881197.728884623	50
507508.66884744214	3881197.839744553	50
507508.769308493	3881197.6291219806	50
507508.769308493	3881197.6291219806	50
507508.769308493	3881197.6291219806	50
507508.8332191027	3881197.5182771124	50
507508.888021871	3881197.3963349555	50
507508.888021871	3881197.3963349555	50
507508.9428246407	3881197.274392798	50
507508.888021871	3881197.3963349555	50
507509.0706641896	3881197.0305235465	50
507509.0706641896	3881197.0305235465	50
507509.0706641896	3881197.0305235465	50
507509.14370096923	3881196.908596453	50
507509.2167377485	3881196.7866693595	50
507509.2167377485	3881196.7866693595	50
507509.2167377485	3881196.7866693595	50
507509.28977453196	3881196.6647422663	50
507509.3719283193	3881196.542822705	50
507509.3719283193	3881196.542822705	50
507509.4449559459	3881196.431985372	50
507509.4449559459	3881196.431985372	50
507509.5179835719	3881196.32114804	50
507509.5179835719	3881196.32114804	50
507509.59100204095	3881196.2214004663	50
507509.59100204095	3881196.2214004663	50
507509.654903507	3881196.121645362	50
507509.654903507	3881196.121645362	50
507509.654903507	3881196.121645362	50
507509.7096879767	3881196.021882727	50
507509.77357112267	3881195.9443071387	50
507509.7096879767	3881196.021882727	50
507509.77357112267	3881195.9443071387	50
507509.8283464287	3881195.8556342637	50
507509.8283464287	3881195.8556342637	50
507509.8739864102	3881195.7891333723	50
507509.8739864102	3881195.7891333723	50
507509.9287525612	3881195.711550255	50
507509.9287525612	3881195.711550255	50
507509.9743925442	3881195.6450493634	50
507509.9743925442	3881195.6450493634	50
507510.0291403689	3881195.589645763	50
507510.07478035556	3881195.523144872	50
507510.07478035556	3881195.523144872	50
507510.12041117874	3881195.4677337403	50
507510.12041117874	3881195.4677337403	50
507510.1569250018	3881195.4123150776	50
507510.1569250018	3881195.4123150776	50
507510.20255582605	3881195.3569039446	50
507510.20255582605	3881195.3569039446	50
507510.2390604882	3881195.3125750404	50
507510.2390604882	3881195.3125750404	50
507510.2390604882	3881195.3125750404	50
507510.2755743103	3881195.257156378	50
507510.2755743103	3881195.257156378	50
507510.31207897316	3881195.2128274743	50
507510.31207897316	3881195.2128274743	50
507510.33946662856	3881195.168491037	50
507510.33946662856	3881195.168491037	50
507510.3759712921	3881195.124162132	50
507510.3942419447	3881195.079818164	50
507510.3942419447	3881195.079818164	50
507510.4216204434	3881195.0465714848	50
507510.4216204434	3881195.0465714848	50
507510.4216204434	3881195.0465714848	50
507510.4398819366	3881195.0133172753	50
507510.4398819366	3881195.0133172753	50
507510.46725127107	3881194.9911603546	50
507510.4763865989	3881194.968988372	50
507510.4763865989	3881194.968988372	50
507510.4946389325	3881194.946823919	50
507510.4946389325	3881194.946823919	50
507510.5128912639	3881194.9246594673	50
507510.4946389325	3881194.946823919	50
507510.5128912639	3881194.9246594673	50
507510.53115275997	3881194.891405258	50
507510.54940508923	3881194.869240805	50
507510.54940508923	3881194.869240805	50
507510.54940508923	3881194.869240805	50
507510.5767835891	3881194.8359941286	50
507510.60416208685	3881194.80274745	50
507510.60416208685	3881194.80274745	50
507510.6315497472	3881194.7584110145	50
507510.6315497472	3881194.7584110145	50
507510.6315497472	3881194.7584110145	50
507510.6680635763	3881194.702992354	50
507510.6680635763	3881194.702992354	50
507510.71369440714	3881194.6475812243	50
507510.75932523864	3881194.5921700965	50
507510.75932523864	3881194.5921700965	50
507510.75932523864	3881194.5921700965	50
507510.8140822394	3881194.5256767417	50
507510.8688392387	3881194.4591833893	50
507510.8688392387	3881194.4591833893	50
507510.8688392387	3881194.4591833893	50
507510.91447923484	3881194.392682502	50
507510.96922707744	3881194.337278908	50
507510.96922707744	3881194.337278908	50
507511.014857912	3881194.2818677803	50
507511.014857912	3881194.2818677803	50
507511.014857912	3881194.2818677803	50
507511.0696057513	3881194.226464187	50
507511.11522742634	3881194.182142818	50
507511.11522742634	3881194.182142818	50
507511.1608490996	3881194.1378214494	50
507511.1608490996	3881194.1378214494	50
507511.20647077315	3881194.093500083	50
507511.1608490996	3881194.1378214494	50
507511.2520924496	3881194.0491787144	50
507511.2520924496	3881194.0491787144	50
507511.28859711974	3881194.004849814	50
507511.2520924496	3881194.0491787144	50
507511.28859711974	3881194.004849814	50
507511.3342187969	3881193.9605284473	50
507511.3342187969	3881193.9605284473	50
507511.37071430456	3881193.9272893053	50
507511.4163268169	3881193.8940576967	50
507511.4163268169	3881193.8940576967	50
507511.4163268169	3881193.8940576967	50
507511.4528314908	3881193.8497287957	50
507511.4893269969	3881193.8164896555	50
507511.4893269969	3881193.8164896555	50
507511.4893269969	3881193.8164896555	50
507511.53493951255	3881193.7832580474	50
507511.53493951255	3881193.7832580474	50
507511.5714350216	3881193.7500189054	50
507511.60793053324	3881193.7167797647	50
507511.60793053324	3881193.7167797647	50
507511.6352998768	3881193.6946228496	50
507511.60793053324	3881193.7167797647	50
507511.6352998768	3881193.6946228496	50
507511.6717953866	3881193.6613837085	50
507511.70828173053	3881193.6392343263	50
507511.70828173053	3881193.6392343263	50
507511.70828173053	3881193.6392343263	50
507511.7447772431	3881193.6059951847	50
507511.7447772431	3881193.6059951847	50
507511.7903897584	3881193.5727635794	50
507511.7903897584	3881193.5727635794	50
507511.8360022764	3881193.539531973	50
507511.8360022764	3881193.539531973	50
507511.8816239563	3881193.495210609	50
507511.8816239563	3881193.495210609	50
507511.9454796489	3881193.450904311	50
507511.9454796489	3881193.450904311	50
507512.0093353397	3881193.406598015	50
507512.0093353397	3881193.406598015	50
507512.09143420774	3881193.35121703	50
507512.09143420774	3881193.35121703	50
507512.1735330767	3881193.2958360445	50
507512.1735330767	3881193.2958360445	50
507512.2556319467	3881193.2404550584	50
507512.34684782295	3881193.18508161	50
507512.34684782295	3881193.18508161	50
507512.34684782295	3881193.18508161	50
507512.4380637003	3881193.1297081606	50
507512.4380637003	3881193.1297081606	50
507512.52016257105	3881193.0743271788	50
507512.61136928573	3881193.0300434907	50
507512.61136928573	3881193.0300434907	50
507512.6934589959	3881192.9857522678	50
507512.61136928573	3881193.0300434907	50
507512.6934589959	3881192.9857522678	50
507512.7846657123	3881192.9414685806	50
507512.86675542407	3881192.8971773614	50
507512.86675542407	3881192.8971773614	50
507512.9488359715	3881192.8639758974	50
507512.86675542407	3881192.8971773614	50
507512.9488359715	3881192.8639758974	50
507513.03091651713	3881192.8307744376	50
507513.1129970657	3881192.797572977	50
507513.1129970657	3881192.797572977	50
507513.1129970657	3881192.797572977	50
507513.19507761486	3881192.764371518	50
507513.2771581623	3881192.731170058	50
507513.2771581623	3881192.731170058	50
507513.2771581623	3881192.731170058	50
507513.359229547	3881192.709058359	50
507513.359229547	3881192.709058359	50
507513.441300932	3881192.6869466603	50
507513.441300932	3881192.6869466603	50
507513.5233814834	3881192.6537452037	50
507513.5233814834	3881192.6537452037	50
507513.6054528693	3881192.631633507	50
507513.68753342185	3881192.5984320506	50
507513.68753342185	3881192.5984320506	50
507513.76048779825	3881192.5763128186	50
507513.76048779825	3881192.5763128186	50
507513.76048779825	3881192.5763128186	50
507513.84256835177	3881192.5431113658	50
507513.84256835177	3881192.5431113658	50
507513.91552273365	3881192.520992136	50
507513.91552273365	3881192.520992136	50
507513.97936927417	3881192.4877756108	50
507513.97936927417	3881192.4877756108	50
507514.0523328234	3881192.454566624	50
507514.12528720876	3881192.4324473953	50
507514.12528720876	3881192.4324473953	50
507514.12528720876	3881192.4324473953	50
507514.18912458397	3881192.410320631	50
507514.18912458397	3881192.410320631	50
507514.27120514057	3881192.3771191807	50
507514.27120514057	3881192.3771191807	50
507514.3441686917	3881192.343910196	50
507514.3441686917	3881192.343910196	50
507514.41712307645	3881192.3217909695	50
507514.41712307645	3881192.3217909695	50
507514.4992036301	3881192.2885895213	50
507514.4992036301	3881192.2885895213	50
507514.5812841889	3881192.2553880746	50
507514.5812841889	3881192.2553880746	50
507514.66336474835	3881192.2221866287	50
507514.66336474835	3881192.2221866287	50
507514.74544530845	3881192.1889851834	50
507514.83665204287	3881192.1447015177	50
507514.83665204287	3881192.1447015177	50
507514.83665204287	3881192.1447015177	50
507514.92785877816	3881192.1004178505	50
507515.01906551205	3881192.0561341867	50
507515.01906551205	3881192.0561341867	50
507515.11027224915	3881192.011850524	50
507515.11027224915	3881192.011850524	50
507515.11027224915	3881192.011850524	50
507515.2014789872	3881191.9675668594	50
507515.2014789872	3881191.9675668594	50
507515.29269489646	3881191.9121934404	50
507515.3839108022	3881191.8568200218	50
507515.3839108022	3881191.8568200218	50
507515.4751267114	3881191.8014466027	50
507515.3839108022	3881191.8568200218	50
507515.57545962837	3881191.746080725	50
507515.57545962837	3881191.746080725	50
507515.6666755375	3881191.690707307	50
507515.6666755375	3881191.690707307	50
507515.7578914501	3881191.635333892	50
507515.7578914501	3881191.635333892	50
507515.7578914501	3881191.635333892	50
507515.83999952575	3881191.568863181	50
507515.83999952575	3881191.568863181	50
507515.9220984337	3881191.5134822307	50
507516.0041973427	3881191.458101279	50
507515.9220984337	3881191.5134822307	50
507516.0041973427	3881191.458101279	50
507516.0862962527	3881191.4027203294	50
507516.1592781543	3881191.347331844	50
507516.1592781543	3881191.347331844	50
507516.23226005916	3881191.2919433545	50
507516.1592781543	3881191.347331844	50
507516.23226005916	3881191.2919433545	50
507516.3052419649	3881191.2365548704	50
507516.3782238692	3881191.181166384	50
507516.3782238692	3881191.181166384	50
507516.3782238692	3881191.181166384	50
507516.4512057767	3881191.1257778998	50
507516.4512057767	3881191.1257778998	50
507516.533313862	3881191.059307195	50
507516.533313862	3881191.059307195	50
507516.62454812333	3881190.9817542722	50
507516.62454812333	3881190.9817542722	50
507516.70666538103	3881190.9041938116	50
507516.70666538103	3881190.9041938116	50
507516.7978996477	3881190.82664089	50
507516.7978996477	3881190.82664089	50
507516.8891430859	3881190.7379982118	50
507516.980386526	3881190.6493555335	50
507516.980386526	3881190.6493555335	50
507516.980386526	3881190.6493555335	50
507517.0716299655	3881190.5607128562	50
507517.0716299655	3881190.5607128562	50
507517.16287340905	3881190.4720701827	50
507517.16287340905	3881190.4720701827	50
507517.24499984644	3881190.3834199663	50
507517.3271262854	3881190.294769753	50
507517.24499984644	3881190.3834199663	50
507517.3271262854	3881190.294769753	50
507517.40013571776	3881190.2061120025	50
507517.40013571776	3881190.2061120025	50
507517.4731359785	3881190.128544009	50
507517.4731359785	3881190.128544009	50
507517.5461362428	3881190.050976016	50
507517.5461362428	3881190.050976016	50
507517.6100194999	3881189.973400485	50
507517.6739119268	3881189.8847351954	50
507517.6739119268	3881189.8847351954	50
507517.73779518617	3881189.807159665	50
507517.73779518617	3881189.807159665	50
507517.73779518617	3881189.807159665	50
507517.79256143793	3881189.7295765956	50
507517.79256143793	3881189.7295765956	50
507517.8564538683	3881189.6409113077	50
507517.8564538683	3881189.6409113077	50
507517.92033713096	3881189.5633357787	50
507517.92033713096	3881189.5633357787	50
507517.9751033835	3881189.485752709	50
507518.0298788083	3881189.3970798836	50
507518.0298788083	3881189.3970798836	50
507518.08464506274	3881189.319496816	50
507518.08464506274	3881189.319496816	50
507518.13942049426	3881189.2308239904	50
507518.13942049426	3881189.2308239904	50
507518.13942049426	3881189.2308239904	50
507518.1941867506	3881189.1532409224	50
507518.1941867506	3881189.1532409224	50
507518.24896217964	3881189.0645680972	50
507518.3037376097	3881188.975895272	50
507518.3037376097	3881188.975895272	50
507518.35850387363	3881188.898312206	50
507518.35850387363	3881188.898312206	50
507518.35850387363	3881188.898312206	50
507518.41327930574	3881188.8096393817	50
507518.4589469012	3881188.7098692595	50
507518.4589469012	3881188.7098692595	50
507518.5137223377	3881188.621196435	50
507518.5137223377	3881188.621196435	50
507518.5593899352	3881188.521426315	50
507518.5593899352	3881188.521426315	50
507518.5593899352	3881188.521426315	50
507518.61416537385	3881188.432753492	50
507518.61416537385	3881188.432753492	50
507518.6689408136	3881188.3440806675	50
507518.6689408136	3881188.3440806675	50
507518.71460841416	3881188.2443105476	50
507518.7602668434	3881188.155630186	50
507518.71460841416	3881188.2443105476	50
507518.7602668434	3881188.155630186	50
507518.81504228624	3881188.0669573634	50
507518.86069154495	3881187.9893667586	50
507518.81504228624	3881188.0669573634	50
507518.89722379396	3881187.9117686157	50
507518.89722379396	3881187.9117686157	50
507518.89722379396	3881187.9117686157	50
507518.9337560459	3881187.834170471	50
507518.9337560459	3881187.834170471	50
507518.9702882961	3881187.756572328	50
507519.00681137666	3881187.6900639418	50
507519.00681137666	3881187.6900639418	50
507519.00681137666	3881187.6900639418	50
507519.03421744466	3881187.6235480155	50
507519.03421744466	3881187.6235480155	50
507519.0707496966	3881187.5459498707	50
507519.1072727787	3881187.479441486	50
507519.1072727787	3881187.479441486	50
507519.14380503184	3881187.401843343	50
507519.14380503184	3881187.401843343	50
507519.14380503184	3881187.401843343	50
507519.1712294473	3881187.3131478997	50
507519.1712294473	3881187.3131478997	50
507519.253429316	3881187.135779639	50
507519.299106102	3881187.024919763	50
507519.299106102	3881187.024919763	50
507519.299106102	3881187.024919763	50
507519.34478288906	3881186.9140598867	50
507519.34478288906	3881186.9140598867	50
507519.39957669354	3881186.803207553	50
507519.39957669354	3881186.803207553	50
507519.4543796678	3881186.6812654613	50
507519.4543796678	3881186.6812654613	50
507519.5091918168	3881186.54823361	50
507519.5731209817	3881186.4152093027	50
507519.5731209817	3881186.4152093027	50
507519.6370501461	3881186.2821849952	50
507519.5731209817	3881186.4152093027	50
507519.6370501461	3881186.2821849952	50
507519.7009793124	3881186.149160688	50
507519.7009793124	3881186.149160688	50
507519.75579147285	3881186.0161288395	50
507519.75579147285	3881186.0161288395	50
507519.81972064276	3881185.8831045334	50
507519.81972064276	3881185.8831045334	50
507519.8836498168	3881185.7500802265	50
507519.8836498168	3881185.7500802265	50
507519.92933579115	3881185.6281305947	50
507519.98414795566	3881185.495098748	50
507519.98414795566	3881185.495098748	50
507520.02982475876	3881185.3842388755	50
507519.98414795566	3881185.495098748	50
507520.07550156297	3881185.2733790046	50
507520.07550156297	3881185.2733790046	50
507520.1302953838	3881185.162526674	50
507520.1302953838	3881185.162526674	50
507520.17596301634	3881185.0627565617	50
507520.17596301634	3881185.0627565617	50
507520.17596301634	3881185.0627565617	50
507520.22163982387	3881184.9518966903	50
507520.2672982866	3881184.863216336	50
507520.2672982866	3881184.863216336	50
507520.2672982866	3881184.863216336	50
507520.3129659221	3881184.7634462235	50
507520.3586243844	3881184.6747658704	50
507520.3586243844	3881184.6747658704	50
507520.3586243844	3881184.6747658704	50
507520.3951750103	3881184.574988216	50
507520.4408334743	3881184.4863078617	50
507520.4408334743	3881184.4863078617	50
507520.4865011159	3881184.3865377493	50
507520.4865011159	3881184.3865377493	50
507520.4865011159	3881184.3865377493	50
507520.53217793064	3881184.2756778793	50
507520.53217793064	3881184.2756778793	50
507520.5778547511	3881184.16481801	50
507520.5778547511	3881184.16481801	50
507520.68746076437	3881183.9209338417	50
507520.68746076437	3881183.9209338417	50
507520.7422729479	3881183.787902	50
507520.80621132493	3881183.6437879438	50
507520.80621132493	3881183.6437879438	50
507520.8701405291	3881183.5107636442	50
507520.8701405291	3881183.5107636442	50
507520.8701405291	3881183.5107636442	50
507520.9340789101	3881183.3666495876	50
507521.007125131	3881183.2336328328	50
507521.007125131	3881183.2336328328	50
507521.007125131	3881183.2336328328	50
507521.0710635161	3881183.0895187776	50
507521.13500190084	3881182.945404723	50
507521.0710635161	3881183.0895187776	50
507521.19894029	3881182.801290668	50
507521.13500190084	3881182.945404723	50
507521.19894029	3881182.801290668	50
507521.2719865192	3881182.668273916	50
507521.2719865192	3881182.668273916	50
507521.335915737	3881182.535249621	50
507521.39984495443	3881182.4022253263	50
507521.39984495443	3881182.4022253263	50
507521.4637741783	3881182.2692010324	50
507521.4637741783	3881182.2692010324	50
507521.52770339936	3881182.136176739	50
507521.52770339936	3881182.136176739	50
507521.52770339936	3881182.136176739	50
507521.59164180036	3881181.9920626883	50
507521.6555710253	3881181.8590383953	50
507521.6555710253	3881181.8590383953	50
507521.6555710253	3881181.8590383953	50
507521.7195002544	3881181.7260141023	50
507521.783438659	3881181.581900053	50
507521.7195002544	3881181.7260141023	50
507521.783438659	3881181.581900053	50
507521.8473770679	3881181.437786003	50
507521.9113154766	3881181.293671955	50
507521.9113154766	3881181.293671955	50
507521.9113154766	3881181.293671955	50
507521.98438008304	3881181.138475692	50
507521.98438008304	3881181.138475692	50
507522.048318496	3881180.994361643	50
507522.048318496	3881180.994361643	50
507522.11225691554	3881180.850247595	50
507522.11225691554	3881180.850247595	50
507522.15797047346	3881180.6950287037	50
507522.21280105086	3881180.539817354	50
507522.21280105086	3881180.539817354	50
507522.21280105086	3881180.539817354	50
507522.26762245584	3881180.395695763	50
507522.31333601865	3881180.24047687	50
507522.26762245584	3881180.395695763	50
507522.3590495831	3881180.0852579796	50
507522.3590495831	3881180.0852579796	50
507522.3590495831	3881180.0852579796	50
507522.3956461328	3881179.930031543	50
507522.3956461328	3881179.930031543	50
507522.4322426815	3881179.774805106	50
507522.4597130382	3881179.630660885	50
507522.4597130382	3881179.630660885	50
507522.4871833933	3881179.4865166633	50
507522.4597130382	3881179.630660885	50
507522.4871833933	3881179.4865166633	50
507522.51465374936	3881179.342372442	50
507522.51465374936	3881179.342372442	50
507522.5421241063	3881179.1982282195	50
507522.560477447	3881179.054076454	50
507522.5421241063	3881179.1982282195	50
507522.57883078366	3881178.909924688	50
507522.57883078366	3881178.909924688	50
507522.5880671035	3881178.765765377	50
507522.57883078366	3881178.909924688	50
507522.5880671035	3881178.765765377	50
507522.60642962274	3881178.6105238544	50
507522.60642962274	3881178.6105238544	50
507522.6156842973	3881178.444185028	50
507522.61582195206	3881178.2778386557	50
507522.61582195206	3881178.2778386557	50
507522.61582195206	3881178.2778386557	50
507522.61596878374	3881178.1004025266	50
507522.61596878374	3881178.1004025266	50
507522.6161247924	3881177.911876641	50
507522.6161247924	3881177.911876641	50
507522.6071637803	3881177.7233432094	50
507522.6071637803	3881177.7233432094	50
507522.5890857447	3881177.534802234	50
507522.5890857447	3881177.534802234	50
507522.58012473164	3881177.3462688033	50
507522.5529388549	3881177.146630525	50
507522.5529388549	3881177.146630525	50
507522.5529388549	3881177.146630525	50
507522.52574379544	3881176.958082005	50
507522.52574379544	3881176.958082005	50
507522.4894408923	3881176.7584361834	50
507522.4894408923	3881176.7584361834	50
507522.44402096333	3881176.5587828164	50
507522.4077088801	3881176.370226753	50
507522.44402096333	3881176.5587828164	50
507522.35316274845	3881176.1816556007	50
507522.35316274845	3881176.1816556007	50
507522.35316274845	3881176.1816556007	50
507522.3077244627	3881176.004181751	50
507522.2440521299	3881175.8266928135	50
507522.2440521299	3881175.8266928135	50
507522.18948763865	3881175.660301179	50
507522.18948763865	3881175.660301179	50
507522.11668910185	3881175.493894456	50
507522.18948763865	3881175.660301179	50
507522.11668910185	3881175.493894456	50
507522.05299840454	3881175.338585037	50
507522.05299840454	3881175.338585037	50
507521.9801906841	3881175.183268073	50
507521.9801906841	3881175.183268073	50
507521.9073829658	3881175.027951111	50
507521.834566062	3881174.883723907	50
507521.9073829658	3881175.027951111	50
507521.75263213686	3881174.73948916	50
507521.75263213686	3881174.73948916	50
507521.75263213686	3881174.73948916	50
507521.5978721247	3881174.46211697	50
507521.515929014	3881174.3289719834	50
507521.5978721247	3881174.46211697	50
507521.515929014	3881174.3289719834	50
507521.43398590095	3881174.1958269975	50
507521.43398590095	3881174.1958269975	50
507521.35203361	3881174.0737717696	50
507521.35203361	3881174.0737717696	50
507521.2700813169	3881173.9517165436	50
507521.2700813169	3881173.9517165436	50
507521.18812902155	3881173.8296613167	50
507521.18812902155	3881173.8296613167	50
507521.1061675489	3881173.71869585	50
507521.01508905174	3881173.607722842	50
507521.01508905174	3881173.607722842	50
507521.01508905174	3881173.607722842	50
507520.933127575	3881173.4967573765	50
507520.84203989635	3881173.396874127	50
507520.933127575	3881173.4967573765	50
507520.84203989635	3881173.396874127	50
507520.7600692408	3881173.296998421	50
507520.7600692408	3881173.296998421	50
507520.6689815583	3881173.197115173	50
507520.6689815583	3881173.197115173	50
507520.58700172923	3881173.1083292263	50
507520.58700172923	3881173.1083292263	50
507520.50502189394	3881173.01954328	50
507520.50502189394	3881173.01954328	50
507520.4230420571	3881172.9307573372	50
507520.4230420571	3881172.9307573372	50
507520.34105304437	3881172.8530611517	50
507520.34105304437	3881172.8530611517	50
507520.2499470046	3881172.775357423	50
507520.2499470046	3881172.775357423	50
507520.1770750148	3881172.697668781	50
507520.095076824	3881172.6310623554	50
507520.095076824	3881172.6310623554	50
507520.0221956603	3881172.564463472	50
507520.0221956603	3881172.564463472	50
507519.94019746716	3881172.4978570477	50
507519.94019746716	3881172.4978570477	50
507519.94019746716	3881172.4978570477	50
507519.86730712524	3881172.4423479233	50
507519.86730712524	3881172.4423479233	50
507519.79441678245	3881172.3868388003	50
507519.79441678245	3881172.3868388003	50
507519.7215264411	3881172.331329678	50
507519.6577531227	3881172.2758280965	50
507519.7215264411	3881172.331329678	50
507519.60308765876	3881172.2314238166	50
507519.6577531227	3881172.2758280965	50
507519.5484221943	3881172.187019536	50
507519.5484221943	3881172.187019536	50
507519.5484221943	3881172.187019536	50
507519.4937475516	3881172.1537050125	50
507519.43908208614	3881172.1093007335	50
507519.43908208614	3881172.1093007335	50
507519.3844074471	3881172.0759862126	50
507519.43908208614	3881172.1093007335	50
507519.32974198065	3881172.0315819327	50
507519.3844074471	3881172.0759862126	50
507519.28419353784	3881171.987185196	50
507519.32974198065	3881172.0315819327	50
507519.28419353784	3881171.987185196	50
507519.22952806804	3881171.9427809166	50
507519.22952806804	3881171.9427809166	50
507519.17486260005	3881171.8983766385	50
507519.1110801049	3881171.8539648205	50
507519.1110801049	3881171.8539648205	50
507519.0473067794	3881171.7984632435	50
507519.0473067794	3881171.7984632435	50
507518.96529939974	3881171.7429465847	50
507518.96529939974	3881171.7429465847	50
507518.8833011915	3881171.67634017	50
507518.96529939974	3881171.7429465847	50
507518.8833011915	3881171.67634017	50
507518.7921859552	3881171.6097262152	50
507518.7921859552	3881171.6097262152	50
507518.6919628628	3881171.5320149637	50
507518.6919628628	3881171.5320149637	50
507518.5917397711	3881171.4543037144	50
507518.5917397711	3881171.4543037144	50
507518.49151667295	3881171.376592463	50
507518.49151667295	3881171.376592463	50
507518.3912844059	3881171.3099709717	50
507518.3912844059	3881171.3099709717	50
507518.30017833406	3881171.2322672633	50
507518.30017833406	3881171.2322672633	50
507518.20905391744	3881171.176743074	50
507518.12705569854	3881171.110136665	50
507518.20905391744	3881171.176743074	50
507518.05416533444	3881171.054627557	50
507518.05416533444	3881171.054627557	50
507518.05416533444	3881171.054627557	50
507517.9812658004	3881171.0102082044	50
507517.9812658004	3881171.0102082044	50
507517.91749246215	3881170.954706637	50
507517.91749246215	3881170.954706637	50
507517.85370995424	3881170.9102948266	50
507517.85370995424	3881170.9102948266	50
507517.78992744343	3881170.8658830174	50
507517.78992744343	3881170.8658830174	50
507517.7261449343	3881170.821471209	50
507517.7261449343	3881170.821471209	50
507517.6714794499	3881170.777066939	50
507517.6714794499	3881170.777066939	50
507517.6076969372	3881170.7326551313	50
507517.6076969372	3881170.7326551313	50
507517.5439144263	3881170.6882433244	50
507517.48013191234	3881170.6438315166	50
507517.48013191234	3881170.6438315166	50
507517.4163494001	3881170.5994197093	50
507517.4163494001	3881170.5994197093	50
507517.34345902764	3881170.5439106054	50
507517.34345902764	3881170.5439106054	50
507517.2705594838	3881170.499491261	50
507517.2705594838	3881170.499491261	50
507517.18855208386	3881170.44397462	50
507517.18855208386	3881170.44397462	50
507517.1156617087	3881170.3884655163	50
507517.1156617087	3881170.3884655163	50
507517.1156617087	3881170.3884655163	50
507517.0336543045	3881170.332948878	50
507516.96076392755	3881170.277439777	50
507516.96076392755	3881170.277439777	50
507516.87875652144	3881170.221923139	50
507516.96076392755	3881170.277439777	50
507516.7967491166	3881170.1664065016	50
507516.7967491166	3881170.1664065016	50
507516.7967491166	3881170.1664065016	50
507516.71474170854	3881170.1108898637	50
507516.71474170854	3881170.1108898637	50
507516.6236172733	3881170.0553656886	50
507516.6236172733	3881170.0553656886	50
507516.53250200424	3881169.988751756	50
507516.53250200424	3881169.988751756	50
507516.44138673146	3881169.922137827	50
507516.3411452641	3881169.866606116	50
507516.44138673146	3881169.922137827	50
507516.3411452641	3881169.866606116	50
507516.2409221316	3881169.7888948913	50
507516.2409221316	3881169.7888948913	50
507516.13157279725	3881169.7222658866	50
507516.13157279725	3881169.7222658866	50
507516.0131064371	3881169.6556293466	50
507516.0131064371	3881169.6556293466	50
507515.9037662683	3881169.5779105877	50
507515.9037662683	3881169.5779105877	50
507515.7852999023	3881169.5112740505	50
507515.7852999023	3881169.5112740505	50
507515.6668335369	3881169.4446375147	50
507515.6668335369	3881169.4446375147	50
507515.4390178231	3881169.3113719844	50
507515.32055145025	3881169.2447354533	50
507515.4390178231	3881169.3113719844	50
507515.20208507567	3881169.1780989226	50
507515.20208507567	3881169.1780989226	50
507515.20208507567	3881169.1780989226	50
507515.092735731	3881169.1114699314	50
507515.092735731	3881169.1114699314	50
507514.98338638013	3881169.0448409417	50
507514.98338638013	3881169.0448409417	50
507514.8740278647	3881168.989301711	50
507514.8740278647	3881168.989301711	50
507514.7646785108	3881168.922672724	50
507514.7646785108	3881168.922672724	50
507514.66443701985	3881168.867141031	50
507514.66443701985	3881168.867141031	50
507514.5550876652	3881168.800512047	50
507514.5550876652	3881168.800512047	50
507514.4548461717	3881168.744980358	50
507514.3546046793	3881168.6894486696	50
507514.4548461717	3881168.744980358	50
507514.3546046793	3881168.6894486696	50
507514.25436318095	3881168.633916982	50
507514.25436318095	3881168.633916982	50
507514.1541308504	3881168.567295538	50
507514.1541308504	3881168.567295538	50
507514.0538801877	3881168.522853612	50
507514.0538801877	3881168.522853612	50
507513.9627648844	3881168.4562397054	50
507513.8625233812	3881168.4007080225	50
507513.8625233812	3881168.4007080225	50
507513.8625233812	3881168.4007080225	50
507513.76228188135	3881168.3451763424	50
507513.76228188135	3881168.3451763424	50
507513.66204037797	3881168.2896446604	50
507513.56179887103	3881168.234112981	50
507513.56179887103	3881168.234112981	50
507513.56179887103	3881168.234112981	50
507513.4615573675	3881168.178581303	50
507513.36132502614	3881168.1119598676	50
507513.36132502614	3881168.1119598676	50
507513.2519664874	3881168.056420657	50
507513.2519664874	3881168.056420657	50
507513.1426171126	3881167.989791689	50
507513.1426171126	3881167.989791689	50
507513.0241507058	3881167.923155188	50
507513.0241507058	3881167.923155188	50
507513.0241507058	3881167.923155188	50
507512.9056842948	3881167.856518688	50
507512.9056842948	3881167.856518688	50
507512.7872178868	3881167.78988219	50
507512.65963444405	3881167.723238159	50
507512.65963444405	3881167.723238159	50
507512.65963444405	3881167.723238159	50
507512.54116802785	3881167.6566016637	50
507512.42271077674	3881167.5788754127	50
507512.54116802785	3881167.6566016637	50
507512.42271077674	3881167.5788754127	50
507512.3042443616	3881167.5122389207	50
507512.1857779401	3881167.4456024305	50
507512.3042443616	3881167.5122389207	50
507512.0673115191	3881167.3789659417	50
507512.1857779401	3881167.4456024305	50
507512.0673115191	3881167.3789659417	50
507511.9488450941	3881167.312329454	50
507511.9488450941	3881167.312329454	50
507511.830378672	3881167.2456929693	50
507511.830378672	3881167.2456929693	50
507511.71191224584	3881167.1790564843	50
507511.71191224584	3881167.1790564843	50
507511.5843379478	3881167.1013227105	50
507511.5843379478	3881167.1013227105	50
507511.4658623546	3881167.0457759886	50
507511.33827889175	3881166.979131975	50
507511.4658623546	3881167.0457759886	50
507511.2198124585	3881166.9124954976	50
507511.2198124585	3881166.9124954976	50
507511.2198124585	3881166.9124954976	50
507511.10134602356	3881166.845859022	50
507510.98288874957	3881166.76813279	50
507511.10134602356	3881166.845859022	50
507510.98288874957	3881166.76813279	50
507510.8553052769	3881166.7014887836	50
507510.7368388389	3881166.634852312	50
507510.7368388389	3881166.634852312	50
507510.6092645272	3881166.5571185523	50
507510.7368388389	3881166.634852312	50
507510.6092645272	3881166.5571185523	50
507510.4816810512	3881166.490474552	50
507510.4816810512	3881166.490474552	50
507510.354097571	3881166.4238305534	50
507510.354097571	3881166.4238305534	50
507510.21740622097	3881166.3460892653	50
507510.21740622097	3881166.3460892653	50
507510.0807057069	3881166.27943774	50
507510.0807057069	3881166.27943774	50
507509.9531313846	3881166.2017039894	50
507509.8073229932	3881166.1239551767	50
507509.9531313846	3881166.2017039894	50
507509.6706224728	3881166.057303657	50
507509.6706224728	3881166.057303657	50
507509.5339311092	3881165.97956238	50
507509.5339311092	3881165.97956238	50
507509.3881318737	3881165.8907238166	50
507509.3881318737	3881165.8907238166	50
507509.24232347246	3881165.812975013	50
507509.24232347246	3881165.812975013	50
507509.09651507105	3881165.735226213	50
507509.09651507105	3881165.735226213	50
507508.9507158274	3881165.646387657	50
507508.9507158274	3881165.646387657	50
507508.79579038796	3881165.5686313305	50
507508.79579038796	3881165.5686313305	50
507508.79579038796	3881165.5686313305	50
507508.6499911387	3881165.479792777	50
507508.50419188663	3881165.390954229	50
507508.50419188663	3881165.390954229	50
507508.3583834698	3881165.31320544	50
507508.3583834698	3881165.31320544	50
507508.2125842122	3881165.224366896	50
507508.2125842122	3881165.224366896	50
507508.0667757879	3881165.1466181115	50
507508.0667757879	3881165.1466181115	50
507508.0667757879	3881165.1466181115	50
507507.9209765248	3881165.0577795715	50
507507.7842851335	3881164.980038323	50
507507.7842851335	3881164.980038323	50
507507.6384858649	3881164.891199787	50
507507.6384858649	3881164.891199787	50
507507.6384858649	3881164.891199787	50
507507.4926865912	3881164.802361254	50
507507.346887317	3881164.7135227234	50
507507.346887317	3881164.7135227234	50
507507.2010788818	3881164.6357739544	50
507507.2010788818	3881164.6357739544	50
507507.2010788818	3881164.6357739544	50
507507.0552795997	3881164.5469354284	50
507507.0552795997	3881164.5469354284	50
507506.90947115934	3881164.4691866627	50
507506.90947115934	3881164.4691866627	50
507506.60874639207	3881164.302591853	50
507506.60874639207	3881164.302591853	50
507506.4538300693	3881164.2137458087	50
507506.4538300693	3881164.2137458087	50
507506.29890458175	3881164.1359895235	50
507506.29890458175	3881164.1359895235	50
507506.1531052852	3881164.047151013	50
507506.1531052852	3881164.047151013	50
507506.00730598345	3881163.9583125035	50
507506.00730598345	3881163.9583125035	50
507505.85238964664	3881163.8694664706	50
507505.85238964664	3881163.8694664706	50
507505.70659949543	3881163.769538209	50
507505.56079103105	3881163.6917894646	50
507505.70659949543	3881163.769538209	50
507505.56079103105	3881163.6917894646	50
507505.4058746853	3881163.6029434386	50
507505.4058746853	3881163.6029434386	50
507505.2509491785	3881163.5251871725	50
507505.2509491785	3881163.5251871725	50
507504.9411073146	3881163.3585848897	50
507504.7861909548	3881163.2697388744	50
507504.9411073146	3881163.3585848897	50
507504.63127459434	3881163.1808928605	50
507504.63127459434	3881163.1808928605	50
507504.63127459434	3881163.1808928605	50
507504.4763582308	3881163.0920468513	50
507504.4763582308	3881163.0920468513	50
507504.3214418643	3881163.0032008435	50
507504.3214418643	3881163.0032008435	50
507504.16652549244	3881162.914354838	50
507504.0116091198	3881162.825508836	50
507504.16652549244	3881162.914354838	50
507504.0116091198	3881162.825508836	50
507503.8566927419	3881162.7366628363	50
507503.8566927419	3881162.7366628363	50
507503.69265932514	3881162.647809313	50
507503.69265932514	3881162.647809313	50
507503.53774294344	3881162.5589633193	50
507503.37370952265	3881162.4701098027	50
507503.37370952265	3881162.4701098027	50
507503.21879313246	3881162.381263813	50
507503.37370952265	3881162.4701098027	50
507503.06386758847	3881162.3035075855	50
507503.21879313246	3881162.381263813	50
507503.06386758847	3881162.3035075855	50
507502.9089603453	3881162.203571844	50
507502.9089603453	3881162.203571844	50
507502.763151832	3881162.1258231453	50
507502.763151832	3881162.1258231453	50
507502.60823543	3881162.036977167	50
507502.60823543	3881162.036977167	50
507502.45331902726	3881161.9481311897	50
507502.45331902726	3881161.9481311897	50
507502.2984026192	3881161.859285218	50
507502.2984026192	3881161.859285218	50
507502.1526032471	3881161.7704467704	50
507502.1526032471	3881161.7704467704	50
507501.9976868331	3881161.6816008016	50
507501.84277042066	3881161.5927548376	50
507501.9976868331	3881161.6816008016	50
507501.84277042066	3881161.5927548376	50
507501.6969618838	3881161.5150061557	50
507501.5420454656	3881161.426160197	50
507501.6969618838	3881161.5150061557	50
507501.39624607924	3881161.337321762	50
507501.5420454656	3881161.426160197	50
507501.39624607924	3881161.337321762	50
507501.24132049957	3881161.2595655643	50
507501.086404068	3881161.1707196124	50
507501.086404068	3881161.1707196124	50
507501.086404068	3881161.1707196124	50
507500.940604673	3881161.0818811846	50
507500.940604673	3881161.0818811846	50
507500.7948052752	3881160.99304276	50
507500.7948052752	3881160.99304276	50
507500.63988883473	3881160.904196816	50
507500.4940802812	3881160.826448154	50
507500.4940802812	3881160.826448154	50
507500.4940802812	3881160.826448154	50
507500.33915468515	3881160.7486919714	50
507500.33915468515	3881160.7486919714	50
507500.1842290888	3881160.6709357933	50
507500.1842290888	3881160.6709357933	50
507500.02930348745	3881160.593179616	50
507500.02930348745	3881160.593179616	50
507499.87437788583	3881160.5154234427	50
507499.87437788583	3881160.5154234427	50
507499.5645175258	3881160.3710008613	50
507499.5645175258	3881160.3710008613	50
507499.4187089522	3881160.2932522167	50
507499.2637833402	3881160.215496052	50
507499.2637833402	3881160.215496052	50
507499.11797476164	3881160.137747414	50
507499.11797476164	3881160.137747414	50
507499.11797476164	3881160.137747414	50
507498.9630491444	3881160.0599912545	50
507498.9630491444	3881160.0599912545	50
507498.8172405608	3881159.982242621	50
507498.8172405608	3881159.982242621	50
507498.6714319769	3881159.9044939876	50
507498.6714319769	3881159.9044939876	50
507498.51649720443	3881159.837827594	50
507498.51649720443	3881159.837827594	50
507498.3706886134	3881159.7600789675	50
507498.3706886134	3881159.7600789675	50
507498.2339970609	3881159.6823378606	50
507498.0881884673	3881159.6045892383	50
507498.0881884673	3881159.6045892383	50
507497.9423798688	3881159.5268406165	50
507497.9423798688	3881159.5268406165	50
507497.7965621236	3881159.4601817573	50
507497.7965621236	3881159.4601817573	50
507497.65987056174	3881159.382440659	50
507497.65987056174	3881159.382440659	50
507497.5140619584	3881159.3046920463	50
507497.5140619584	3881159.3046920463	50
507497.37736124103	3881159.2380407117	50
507497.37736124103	3881159.2380407117	50
507497.24066967226	3881159.16029962	50
507497.24066967226	3881159.16029962	50
507497.10397810116	3881159.0825585327	50
507497.10397810116	3881159.0825585327	50
507496.95816034265	3881159.0158996857	50
507497.10397810116	3881159.0825585327	50
507496.81235172745	3881158.9381510825	50
507496.81235172745	3881158.9381510825	50
507496.81235172745	3881158.9381510825	50
507496.67566014704	3881158.860410001	50
507496.5389685666	3881158.7826689202	50
507496.5389685666	3881158.7826689202	50
507496.39315994404	3881158.7049203254	50
507496.39315994404	3881158.7049203254	50
507496.39315994404	3881158.7049203254	50
507496.25646835886	3881158.6271792497	50
507496.11065972917	3881158.5494306586	50
507496.11065972917	3881158.5494306586	50
507495.9557340593	3881158.4716745517	50
507495.9557340593	3881158.4716745517	50
507495.9557340593	3881158.4716745517	50
507495.809934571	3881158.3828362077	50
507495.809934571	3881158.3828362077	50
507495.6550088934	3881158.305080107	50
507495.6550088934	3881158.305080107	50
507495.3360496359	3881158.1384706357	50
507495.3360496359	3881158.1384706357	50
507495.17201605544	3881158.049617268	50
507495.17201605544	3881158.049617268	50
507495.0079733262	3881157.9718536614	50
507495.0079733262	3881157.9718536614	50
507494.84393973724	3881157.8830003	50
507494.67990614736	3881157.79414694	50
507494.67990614736	3881157.79414694	50
507494.50675551355	3881157.705286067	50
507494.50675551355	3881157.705286067	50
507494.3336140165	3881157.6053354396	50
507494.3336140165	3881157.6053354396	50
507494.3336140165	3881157.6053354396	50
507494.16046337335	3881157.5164745743	50
507494.16046337335	3881157.5164745743	50
507493.9782048302	3881157.4165164405	50
507493.9782048302	3881157.4165164405	50
507493.8050633218	3881157.3165658223	50
507493.8050633218	3881157.3165658223	50
507493.6319218119	3881157.2166152084	50
507493.6319218119	3881157.2166152084	50
507493.4587802959	3881157.1166645987	50
507493.285629635	3881157.02780375	50
507493.4587802959	3881157.1166645987	50
507493.285629635	3881157.02780375	50
507493.1033710724	3881156.927845632	50
507493.1033710724	3881156.927845632	50
507492.9302295451	3881156.8278950313	50
507492.9302295451	3881156.8278950313	50
507492.7479618318	3881156.7390266783	50
507492.7479618318	3881156.7390266783	50
507492.56570325524	3881156.63906857	50
507492.39256171655	3881156.539117981	50
507492.39256171655	3881156.539117981	50
507492.2102939945	3881156.450249638	50
507492.2102939945	3881156.450249638	50
507492.0280445482	3881156.3392017833	50
507492.0280445482	3881156.3392017833	50
507492.0280445482	3881156.3392017833	50
507491.8548938585	3881156.2503409632	50
507491.6726352623	3881156.150382873	50
507491.6726352623	3881156.150382873	50
507491.49037666444	3881156.0504247877	50
507491.49037666444	3881156.0504247877	50
507491.3081180579	3881155.950466705	50
507491.3081180579	3881155.950466705	50
507491.12585945206	3881155.8505086266	50
507491.12585945206	3881155.8505086266	50
507490.95270874427	3881155.761647823	50
507490.95270874427	3881155.761647823	50
507490.59729941585	3881155.5728289527	50
507490.59729941585	3881155.5728289527	50
507490.59729941585	3881155.5728289527	50
507490.41503165703	3881155.483960648	50
507490.2418809353	3881155.3950998564	50
507490.2418809353	3881155.3950998564	50
507490.06873934745	3881155.2951493114	50
507490.06873934745	3881155.2951493114	50
507489.8955886211	3881155.206288527	50
507489.8955886211	3881155.206288527	50
507489.7224378891	3881155.1174277477	50
507489.7224378891	3881155.1174277477	50
507489.55841333367	3881155.017484723	50
507489.55841333367	3881155.017484723	50
507489.38526259706	3881154.9286239473	50
507489.38526259706	3881154.9286239473	50
507489.21211185475	3881154.839763177	50
507489.38526259706	3881154.9286239473	50
507489.03896110906	3881154.75090241	50
507489.21211185475	3881154.839763177	50
507489.03896110906	3881154.75090241	50
507488.86581036233	3881154.6620416446	50
507488.6926596099	3881154.573180885	50
507488.86581036233	3881154.6620416446	50
507488.5195088541	3881154.4843201265	50
507488.6926596099	3881154.573180885	50
507488.5195088541	3881154.4843201265	50
507488.3463489621	3881154.4065491282	50
507488.17319820204	3881154.317688378	50
507488.17319820204	3881154.317688378	50
507488.17319820204	3881154.317688378	50
507488.0000474386	3881154.22882763	50
507488.0000474386	3881154.22882763	50
507487.826887535	3881154.151056644	50
507487.826887535	3881154.151056644	50
507487.6537367627	3881154.0621959027	50
507487.4805768553	3881153.9844249217	50
507487.4805768553	3881153.9844249217	50
507487.4805768553	3881153.9844249217	50
507487.2982998958	3881153.906646435	50
507486.95199833286	3881153.7289249776	50
507486.95199833286	3881153.7289249776	50
507486.7879645888	3881153.6400717604	50
507486.7879645888	3881153.6400717604	50
507486.7879645888	3881153.6400717604	50
507486.61481379665	3881153.551211041	50
507486.4507800484	3881153.4623578307	50
507486.61481379665	3881153.551211041	50
507486.4507800484	3881153.4623578307	50
507486.2776292496	3881153.3734971145	50
507486.2776292496	3881153.3734971145	50
507486.11359549256	3881153.284643912	50
507486.11359549256	3881153.284643912	50
507485.94955260475	3881153.2068804684	50
507485.94955260475	3881153.2068804684	50
507485.7855279735	3881153.1069375128	50
507485.63060212054	3881153.029181584	50
507485.63060212054	3881153.029181584	50
507485.4756853988	3881152.940335899	50
507485.4756853988	3881152.940335899	50
507485.4756853988	3881152.940335899	50
507485.3298765859	3881152.862587482	50
507485.3298765859	3881152.862587482	50
507485.1840677729	3881152.7848390667	50
507485.1840677729	3881152.7848390667	50
507485.04737600306	3881152.7070981604	50
507485.04737600306	3881152.7070981604	50
507484.9106751	3881152.640447015	50
507484.78310036927	3881152.5627136184	50
507484.78310036927	3881152.5627136184	50
507484.66463355406	3881152.4960774886	50
507484.66463355406	3881152.4960774886	50
507484.66463355406	3881152.4960774886	50
507484.537049691	3881152.429433855	50
507484.41857373965	3881152.3738874854	50
507484.537049691	3881152.429433855	50
507484.3092239677	3881152.3072588677	50
507484.3092239677	3881152.3072588677	50
507484.3092239677	3881152.3072588677	50
507484.1998650596	3881152.251720008	50
507484.1998650596	3881152.251720008	50
507484.0905152846	3881152.1850913926	50
507483.99027342227	3881152.129560041	50
507484.0905152846	3881152.1850913926	50
507483.99027342227	3881152.129560041	50
507483.89002242906	3881152.085118447	50
507483.7897805644	3881152.029587099	50
507483.7897805644	3881152.029587099	50
507483.7897805644	3881152.029587099	50
507483.70776366204	3881151.9851605194	50
507483.61662971234	3881151.9407264353	50
507483.70776366204	3881151.9851605194	50
507483.61662971234	3881151.9407264353	50
507483.5346036791	3881151.907389614	50
507483.4617038256	3881151.862970541	50
507483.5346036791	3881151.907389614	50
507483.4617038256	3881151.862970541	50
507483.3887948354	3881151.829641228	50
507483.32501202263	3881151.785229663	50
507483.3887948354	3881151.829641228	50
507483.26122008264	3881151.7519078543	50
507483.26122008264	3881151.7519078543	50
507483.26122008264	3881151.7519078543	50
507483.19742813986	3881151.718586047	50
507483.14274411695	3881151.6963615012	50
507483.14274411695	3881151.6963615012	50
507483.14274411695	3881151.6963615012	50
507483.08806922246	3881151.663047201	50
507483.0425022435	3881151.640830161	50
507483.0425022435	3881151.640830161	50
507482.9878182197	3881151.6186056184	50
507482.9878182197	3881151.6186056184	50
507482.9878182197	3881151.6186056184	50
507482.9422512426	3881151.596388579	50
507482.9422512426	3881151.596388579	50
507482.9058104382	3881151.563089288	50
507482.86935137905	3881151.551969512	50
507482.86935137905	3881151.551969512	50
507482.83290144586	3881151.529759978	50
507482.86935137905	3881151.551969512	50
507482.83290144586	3881151.529759978	50
507482.80555943114	3881151.5186477075	50
507482.7782265493	3881151.496445679	50
507482.7782265493	3881151.496445679	50
507482.7782265493	3881151.496445679	50
507482.7508845343	3881151.4853334078	50
507482.73265956866	3881151.474228641	50
507482.73265956866	3881151.474228641	50
507482.71443460294	3881151.4631238743	50
507482.71443460294	3881151.4631238743	50
507482.6962005089	3881151.4631088655	50
507482.6962005089	3881151.4631088655	50
507482.6962005089	3881151.4631088655	50
507482.68708346196	3881151.4631013614	50
507482.68708346196	3881151.4631013614	50
507482.67797554313	3881151.4520040993	50
507482.67797554313	3881151.4520040993	50
507482.67797554313	3881151.4520040993	50
507482.67797554313	3881151.4520040993	50
507482.67797554313	3881151.4520040993	50
507482.67797554313	3881151.4520040993	50
507482.67797554313	3881151.4520040993	50
507482.67796641495	3881151.463093857	50
507482.67796641495	3881151.463093857	50
507482.67796641495	3881151.463093857	50
507482.67796641495	3881151.463093857	50
507482.67796641495	3881151.463093857	50
507482.67796641495	3881151.463093857	50
507482.67796641495	3881151.463093857	50
507482.68708346196	3881151.4631013614	50
507482.68708346196	3881151.4631013614	50
507482.68708346196	3881151.4631013614	50
507482.68708346196	3881151.4631013614	50
507482.68708346196	3881151.4631013614	50
507482.68708346196	3881151.4631013614	50
507482.68708346196	3881151.4631013614	50
507482.68708346196	3881151.4631013614	50
507482.68708346196	3881151.4631013614	50
507482.68708346196	3881151.4631013614	50
507482.67796641495	3881151.463093857	50
507482.67796641495	3881151.463093857	50
507482.67796641495	3881151.463093857	50
507482.67796641495	3881151.463093857	50
507482.67796641495	3881151.463093857	50
507482.67796641495	3881151.463093857	50
507482.67796641495	3881151.463093857	50
507482.67796641495	3881151.463093857	50
507482.67796641495	3881151.463093857	50
507482.67796641495	3881151.463093857	50
507482.67796641495	3881151.463093857	50
507482.67796641495	3881151.463093857	50
507482.67796641495	3881151.463093857	50
507482.67796641495	3881151.463093857	50
507482.67796641495	3881151.463093857	50
507482.67796641495	3881151.463093857	50
507482.67796641495	3881151.463093857	50
507482.67796641495	3881151.463093857	50
507482.67796641495	3881151.463093857	50
507482.67796641495	3881151.463093857	50
507482.67796641495	3881151.463093857	50
507482.67796641495	3881151.463093857	50
507482.67796641495	3881151.463093857	50
507482.67796641495	3881151.463093857	50
507482.67796641495	3881151.463093857	50
507482.67795728677	3881151.474183615	50
507482.67795728677	3881151.474183615	50
507482.67795728677	3881151.474183615	50
507482.67795728677	3881151.474183615	50
507482.67795728677	3881151.474183615	50
507482.67795728677	3881151.474183615	50
507482.67795728677	3881151.474183615	50
507482.67795728677	3881151.474183615	50
507482.67795728677	3881151.474183615	50
507482.67795728677	3881151.474183615	50
507482.67795728677	3881151.474183615	50
507482.67795728677	3881151.474183615	50
507482.67795728677	3881151.474183615	50
507482.67796641495	3881151.463093857	50
507482.67796641495	3881151.463093857	50
507482.67796641495	3881151.463093857	50
507482.67796641495	3881151.463093857	50
507482.67796641495	3881151.463093857	50
507482.67796641495	3881151.463093857	50
507482.67795728677	3881151.474183615	50
