507505.8953829316	3881215.1503652143	80
507505.8953829316	3881215.1503652143	80
507505.8953829316	3881215.1503652143	80
507505.8953829316	3881215.1503652143	80
507505.8953829316	3881215.1503652143	80
507505.8953829316	3881215.1503652143	80
507505.8953829316	3881215.1503652143	80
507505.8953829316	3881215.1503652143	80
507505.8953829316	3881215.1503652143	80
507505.8953829316	3881215.1503652143	80
507505.8953829316	3881215.1503652143	80
507505.8953829316	3881215.1503652143	80
507505.8953829316	3881215.1503652143	80
507505.8953829316	3881215.1503652143	80
507505.8953829316	3881215.1503652143	80
507505.8953829316	3881215.1503652143	80
507505.8953829316	3881215.1503652143	80
507505.8953829316	3881215.1503652143	80
507505.8953829316	3881215.1503652143	80
507505.8953829316	3881215.1503652143	80
507505.8953829316	3881215.1503652143	80
507505.8953829316	3881215.1503652143	80
507505.8953829316	3881215.1503652143	80
507505.8953829316	3881215.1503652143	80
507505.8953829316	3881215.1503652143	80
507505.8953829316	3881215.1503652143	80
507505.8953829316	3881215.1503652143	80
507505.8953829316	3881215.1503652143	80
507505.8953829316	3881215.1503652143	80
507505.8953829316	3881215.1503652143	80
507505.8862659457	3881215.150357685	80
507505.8862659457	3881215.150357685	80
507505.8862659457	3881215.150357685	80
507505.8862659457	3881215.150357685	80
507505.8862659457	3881215.150357685	80
507505.8862659457	3881215.150357685	80
507505.8862659457	3881215.150357685	80
507505.8862659457	3881215.150357685	80
507505.8862659457	3881215.150357685	80
507505.8862659457	3881215.150357685	80
507505.8862659457	3881215.150357685	80
507505.8862659457	3881215.150357685	80
507505.8862659457	3881215.150357685	80
507505.8862659457	3881215.150357685	80
507505.8953829316	3881215.1503652143	80
507505.8953829316	3881215.1503652143	80
507505.8953829316	3881215.1503652143	80
507505.8953829316	3881215.1503652143	80
507505.8953829316	3881215.1503652143	80
507505.8953829316	3881215.1503652143	80
507505.8953829316	3881215.1503652143	80
507505.8953829316	3881215.1503652143	80
507505.8953829316	3881215.1503652143	80
507505.8953829316	3881215.1503652143	80
507505.8953829316	3881215.1503652143	80
507505.8953829316	3881215.1503652143	80
507505.8953920896	3881215.139275456	80
507505.8953920896	3881215.139275456	80
507505.8953920896	3881215.139275456	80
507505.8953920896	3881215.139275456	80
507505.8953920896	3881215.139275456	80
507505.8953920896	3881215.139275456	80
507505.8953920896	3881215.139275456	80
507505.8953920896	3881215.139275456	80
507505.8953920896	3881215.139275456	80
507505.8953920896	3881215.139275456	80
507505.8953920896	3881215.139275456	80
507505.8953920896	3881215.139275456	80
507505.8953920896	3881215.139275456	80
507505.9045182312	3881215.128193224	80
507505.8953920896	3881215.139275456	80
507505.9136535307	3881215.10602124	80
507505.9136535307	3881215.10602124	80
507505.9227888303	3881215.083849248	80
507505.9227888303	3881215.083849248	80
507505.9410411137	3881215.061684788	80
507505.9410411137	3881215.061684788	80
507505.9410411137	3881215.061684788	80
507505.9593117132	3881215.017340812	80
507505.98669929896	3881214.973004365	80
507505.9593117132	3881215.017340812	80
507505.98669929896	3881214.973004365	80
507506.0140960385	3881214.917578157	80
507506.0140960385	3881214.917578157	80
507506.0506280831	3881214.839979962	80
507506.1236830136	3881214.6958733313	80
507506.1236830136	3881214.6958733313	80
507506.1236830136	3881214.6958733313	80
507506.1602333742	3881214.59609562	80
507506.1602333742	3881214.59609562	80
507506.205891564	3881214.507415197	80
507506.2424327678	3881214.4187272447	80
507506.205891564	3881214.507415197	80
507506.2424327678	3881214.4187272447	80
507506.2789648141	3881214.341129052	80
507506.2789648141	3881214.341129052	80
507506.31549686095	3881214.263530858	80
507506.31549686095	3881214.263530858	80
507506.3429027677	3881214.197014894	80
507506.3429027677	3881214.197014894	80
507506.3794348156	3881214.1194167	80
507506.4068407209	3881214.052900736	80
507506.4068407209	3881214.052900736	80
507506.4068407209	3881214.052900736	80
507506.44337277	3881213.975302543	80
507506.44337277	3881213.975302543	80
507506.489021807	3881213.897711879	80
507506.489021807	3881213.897711879	80
507506.534680001	3881213.8090314586	80
507506.534680001	3881213.8090314586	80
507506.5803473571	3881213.7092612777	80
507506.6351408582	3881213.598408869	80
507506.6351408582	3881213.598408869	80
507506.6351408582	3881213.598408869	80
507506.6990696614	3881213.465384472	80
507506.7629984664	3881213.3323600767	80
507506.7629984664	3881213.3323600767	80
507506.8269364347	3881213.188245924	80
507506.7629984664	3881213.3323600767	80
507506.8269364347	3881213.188245924	80
507506.9091175357	3881213.033057069	80
507506.9091175357	3881213.033057069	80
507506.9912986395	3881212.8778682174	80
507506.9912986395	3881212.8778682174	80
507507.06436275766	3881212.722671837	80
507507.1374177213	3881212.578565215	80
507507.1374177213	3881212.578565215	80
507507.21048184665	3881212.423368836	80
507507.21048184665	3881212.423368836	80
507507.21048184665	3881212.423368836	80
507507.2835368126	3881212.279262216	80
507507.3565917832	3881212.135155595	80
507507.3565917832	3881212.135155595	80
507507.3565917832	3881212.135155595	80
507507.4205297669	3881211.9910414456	80
507507.4935755821	3881211.8580245846	80
507507.4935755821	3881211.8580245846	80
507507.4935755821	3881211.8580245846	80
507507.55751357233	3881211.7139104377	80
507507.62145156215	3881211.569796289	80
507507.62145156215	3881211.569796289	80
507507.62145156215	3881211.569796289	80
507507.68538039865	3881211.4367719	80
507507.7584262198	3881211.3037550417	80
507507.7584262198	3881211.3037550417	80
507507.7584262198	3881211.3037550417	80
507507.8314720455	3881211.170738184	80
507507.9045270336	3881211.026631569	80
507507.9045270336	3881211.026631569	80
507507.9045270336	3881211.026631569	80
507507.9684558734	3881210.893607183	80
507507.9684558734	3881210.893607183	80
507508.04151086585	3881210.749500569	80
507508.0689534333	3881210.638625575	80
507508.0689534333	3881210.638625575	80
507508.0689534333	3881210.638625575	80
507508.1420084295	3881210.494518962	80
507508.1420084295	3881210.494518962	80
507508.2150542672	3881210.361502108	80
507508.2881092656	3881210.217395496	80
507508.2150542672	3881210.361502108	80
507508.2881092656	3881210.217395496	80
507508.37028125726	3881210.073296415	80
507508.4342101128	3881209.9402720304	80
507508.37028125726	3881210.073296415	80
507508.4342101128	3881209.9402720304	80
507508.5163821094	3881209.7961729527	80
507508.5163821094	3881209.7961729527	80
507508.589437117	3881209.652066343	80
507508.589437117	3881209.652066343	80
507508.6624921293	3881209.507959735	80
507508.6624921293	3881209.507959735	80
507508.7355471439	3881209.363853127	80
507508.7355471439	3881209.363853127	80
507508.8086021585	3881209.219746519	80
507508.8816571777	3881209.075639913	80
507508.8816571777	3881209.075639913	80
507508.8816571777	3881209.075639913	80
507508.96382918913	3881208.9315408375	80
507508.96382918913	3881208.9315408375	80
507509.0368933725	3881208.776344473	80
507509.0368933725	3881208.776344473	80
507509.1190653891	3881208.632245399	80
507509.1190653891	3881208.632245399	80
507509.192120418	3881208.4881387954	80
507509.192120418	3881208.4881387954	80
507509.2651754491	3881208.344032192	80
507509.2651754491	3881208.344032192	80
507509.3382396423	3881208.188835829	80
507509.3382396423	3881208.188835829	80
507509.42041166895	3881208.0447367593	80
507509.42041166895	3881208.0447367593	80
507509.4934667073	3881207.900630157	80
507509.4934667073	3881207.900630157	80
507509.5665309103	3881207.7454337976	80
507509.6395859509	3881207.601327197	80
507509.6395859509	3881207.601327197	80
507509.7217579877	3881207.457228128	80
507509.6395859509	3881207.601327197	80
507509.7217579877	3881207.457228128	80
507509.7948221981	3881207.3020317713	80
507509.7948221981	3881207.3020317713	80
507509.86787724594	3881207.157925172	80
507509.86787724594	3881207.157925172	80
507509.9409414613	3881207.0027288166	80
507509.9409414613	3881207.0027288166	80
507510.0231135081	3881206.858629752	80
507510.0231135081	3881206.858629752	80
507510.0961685655	3881206.7145231534	80
507510.0961685655	3881206.7145231534	80
507510.1692236228	3881206.570416559	80
507510.1692236228	3881206.570416559	80
507510.2422786848	3881206.426309962	80
507510.2422786848	3881206.426309962	80
507510.31533374905	3881206.282203368	80
507510.31533374905	3881206.282203368	80
507510.38837965	3881206.149186531	80
507510.38837965	3881206.149186531	80
507510.4614255553	3881206.0161696966	80
507510.525345304	3881205.894235086	80
507510.4614255553	3881206.0161696966	80
507510.5892742203	3881205.761210719	80
507510.5892742203	3881205.761210719	80
507510.5892742203	3881205.761210719	80
507510.6531939724	3881205.6392761096	80
507510.6531939724	3881205.6392761096	80
507510.7171045649	3881205.528431261	80
507510.7171045649	3881205.528431261	80
507510.7718981631	3881205.417578877	80
507510.7718981631	3881205.417578877	80
507510.826691765	3881205.3067264943	80
507510.826691765	3881205.3067264943	80
507510.88149453216	3881205.184784354	80
507510.88149453216	3881205.184784354	80
507510.9454051282	3881205.073939506	80
507510.9454051282	3881205.073939506	80
507511.000198732	3881204.963087124	80
507511.0550015059	3881204.8411449846	80
507511.0550015059	3881204.8411449846	80
507511.0550015059	3881204.8411449846	80
507511.1189121065	3881204.730300137	80
507511.1189121065	3881204.730300137	80
507511.1828318753	3881204.608365533	80
507511.1828318753	3881204.608365533	80
507511.2376438135	3881204.475333636	80
507511.2376438135	3881204.475333636	80
507511.3015635834	3881204.353399032	80
507511.3015635834	3881204.353399032	80
507511.3654833572	3881204.231464429	80
507511.3654833572	3881204.231464429	80
507511.4294031329	3881204.109529826	80
507511.49332291016	3881203.987595223	80
507511.49332291016	3881203.987595223	80
507511.55725185166	3881203.8545708633	80
507511.55725185166	3881203.8545708633	80
507511.55725185166	3881203.8545708633	80
507511.6211716324	3881203.732636261	80
507511.6211716324	3881203.732636261	80
507511.69421757286	3881203.599619436	80
507511.69421757286	3881203.599619436	80
507511.76727268274	3881203.455512853	80
507511.76727268274	3881203.455512853	80
507511.831210797	3881203.311398737	80
507511.831210797	3881203.311398737	80
507511.9133829071	3881203.1672996897	80
507511.9133829071	3881203.1672996897	80
507511.9864380239	3881203.023193109	80
507511.9864380239	3881203.023193109	80
507512.0594931431	3881202.879086527	80
507512.0594931431	3881202.879086527	80
507512.1325482622	3881202.734979949	80
507512.2056033859	3881202.590873369	80
507512.2056033859	3881202.590873369	80
507512.2056033859	3881202.590873369	80
507512.278658512	3881202.4467667895	80
507512.278658512	3881202.4467667895	80
507512.3517228038	3881202.2915704553	80
507512.3517228038	3881202.2915704553	80
507512.4247779345	3881202.1474638777	80
507512.4247779345	3881202.1474638777	80
507512.5069592304	3881201.992275077	80
507512.5069592304	3881201.992275077	80
507512.5800235297	3881201.837078742	80
507512.5800235297	3881201.837078742	80
507512.6530878338	3881201.681882409	80
507512.6530878338	3881201.681882409	80
507512.7261521405	3881201.526686076	80
507512.7261521405	3881201.526686076	80
507512.8083334471	3881201.371497279	80
507512.8813885901	3881201.2273907056	80
507512.8813885901	3881201.2273907056	80
507512.8813885901	3881201.2273907056	80
507512.94532674	3881201.083276597	80
507512.94532674	3881201.083276597	80
507513.01838188985	3881200.9391700258	80
507513.01838188985	3881200.9391700258	80
507513.091427873	3881200.806153212	80
507513.091427873	3881200.806153212	80
507513.1553660292	3881200.662039104	80
507513.1553660292	3881200.662039104	80
507513.21928585146	3881200.540104515	80
507513.2832148446	3881200.407080167	80
507513.2832148446	3881200.407080167	80
507513.2832148446	3881200.407080167	80
507513.3471346704	3881200.2851455775	80
507513.3471346704	3881200.2851455775	80
507513.4019375015	3881200.163203452	80
507513.4658573328	3881200.041268865	80
507513.4658573328	3881200.041268865	80
507513.4658573328	3881200.041268865	80
507513.5206601647	3881199.91932674	80
507513.5206601647	3881199.91932674	80
507513.584579997	3881199.7973921546	80
507513.584579997	3881199.7973921546	80
507513.6393828342	3881199.6754500302	80
507513.71241966914	3881199.553522981	80
507513.71241966914	3881199.553522981	80
507513.71241966914	3881199.553522981	80
507513.77634867874	3881199.420498636	80
507513.77634867874	3881199.420498636	80
507513.84939468745	3881199.2874818295	80
507513.84939468745	3881199.2874818295	80
507513.9224498637	3881199.143375265	80
507513.9224498637	3881199.143375265	80
507513.99550504447	3881198.999268701	80
507513.99550504447	3881198.999268701	80
507514.0776863932	3881198.844079917	80
507514.0776863932	3881198.844079917	80
507514.159867747	3881198.688891133	80
507514.159867747	3881198.688891133	80
507514.24204910354	3881198.533702349	80
507514.24204910354	3881198.533702349	80
507514.3333566316	3881198.3674313454	80
507514.4155379917	3881198.212242563	80
507514.4155379917	3881198.212242563	80
507514.4155379917	3881198.212242563	80
507514.5068455285	3881198.045971561	80
507514.5068455285	3881198.045971561	80
507514.58902689215	3881197.890782782	80
507514.58902689215	3881197.890782782	80
507514.6803344353	3881197.7245117817	80
507514.6803344353	3881197.7245117817	80
507514.7625249758	3881197.558233245	80
507514.7625249758	3881197.558233245	80
507514.8538233567	3881197.403052004	80
507514.8538233567	3881197.403052004	80
507514.9360047344	3881197.247863228	80
507514.9360047344	3881197.247863228	80
507515.0181861172	3881197.0926744514	80
507515.0181861172	3881197.0926744514	80
507515.1003675005	3881196.937485676	80
507515.1003675005	3881196.937485676	80
507515.1825397197	3881196.793386661	80
507515.1825397197	3881196.793386661	80
507515.2647119415	3881196.649287645	80
507515.2647119415	3881196.649287645	80
507515.3468933353	3881196.494098872	80
507515.3468933353	3881196.494098872	80
507515.4290655624	3881196.349999859	80
507515.5112469617	3881196.194811087	80
507515.5112469617	3881196.194811087	80
507515.5112469617	3881196.194811087	80
507515.5934283615	3881196.039622316	80
507515.5934283615	3881196.039622316	80
507515.6664835936	3881195.895515766	80
507515.6664835936	3881195.895515766	80
507515.74866500107	3881195.740326997	80
507515.74866500107	3881195.740326997	80
507515.8308372414	3881195.596227987	80
507515.8308372414	3881195.596227987	80
507515.9038924808	3881195.452121439	80
507515.9038924808	3881195.452121439	80
507515.9860647215	3881195.3080224297	80
507515.9860647215	3881195.3080224297	80
507516.0591199657	3881195.163915884	80
507516.0591199657	3881195.163915884	80
507516.1321752122	3881195.019809337	80
507516.1321752122	3881195.019809337	80
507516.1961042866	3881194.8867850113	80
507516.1961042866	3881194.8867850113	80
507516.2600425333	3881194.742670927	80
507516.2600425333	3881194.742670927	80
507516.38790986	3881194.46553252	80
507516.4609651149	3881194.3214259753	80
507516.38790986	3881194.46553252	80
507516.4609651149	3881194.3214259753	80
507516.5249033698	3881194.177311892	80
507516.5888416245	3881194.0331978113	80
507516.5888416245	3881194.0331978113	80
507516.5888416245	3881194.0331978113	80
507516.66188771743	3881193.900181028	80
507516.66188771743	3881193.900181028	80
507516.7349338125	3881193.767164245	80
507516.79886290216	3881193.634139922	80
507516.79886290216	3881193.634139922	80
507516.8627919937	3881193.501115601	80
507516.8627919937	3881193.501115601	80
507516.9358380949	3881193.368098819	80
507516.9358380949	3881193.368098819	80
507516.9358380949	3881193.368098819	80
507516.99975802354	3881193.2461642576	80
507516.99975802354	3881193.2461642576	80
507517.0636871208	3881193.1131399376	80
507517.0636871208	3881193.1131399376	80
507517.1276070505	3881192.9912053766	80
507517.1276070505	3881192.9912053766	80
507517.2006348141	3881192.8803681135	80
507517.2006348141	3881192.8803681135	80
507517.2554377389	3881192.758426015	80
507517.2554377389	3881192.758426015	80
507517.3193576738	3881192.636491455	80
507517.3193576738	3881192.636491455	80
507517.383277608	3881192.514556896	80
507517.383277608	3881192.514556896	80
507517.4563145528	3881192.392629877	80
507517.5202344953	3881192.27069532	80
507517.4563145528	3881192.392629877	80
507517.5202344953	3881192.27069532	80
507517.5841544348	3881192.1487607607	80
507517.5841544348	3881192.1487607607	80
507517.65720055735	3881192.015743986	80
507517.65720055735	3881192.015743986	80
507517.7211296728	3881191.882719671	80
507517.7211296728	3881191.882719671	80
507517.7941757994	3881191.749702897	80
507517.7941757994	3881191.749702897	80
507517.8580957463	3881191.627768341	80
507517.8580957463	3881191.627768341	80
507517.9311510496	3881191.48366181	80
507517.9950710001	3881191.361727255	80
507517.9950710001	3881191.361727255	80
507517.9950710001	3881191.361727255	80
507518.06811713503	3881191.228710484	80
507518.06811713503	3881191.228710484	80
507518.1411632721	3881191.0956937126	80
507518.2142094089	3881190.962676942	80
507518.2142094089	3881190.962676942	80
507518.2872555502	3881190.829660172	80
507518.2872555502	3881190.829660172	80
507518.2872555502	3881190.829660172	80
507518.36030169367	3881190.696643403	80
507518.4333386638	3881190.5747163934	80
507518.36030169367	3881190.696643403	80
507518.50638481136	3881190.441699624	80
507518.4333386638	3881190.5747163934	80
507518.50638481136	3881190.441699624	80
507518.6342339199	3881190.186740766	80
507518.7072800735	3881190.0537239993	80
507518.7072800735	3881190.0537239993	80
507518.7072800735	3881190.0537239993	80
507518.78031705343	3881189.9317969927	30
507518.78031705343	3881189.9317969927	30
507518.85336321127	3881189.798780227	30
507518.85336321127	3881189.798780227	30
507518.91728318593	3881189.676845679	30
507518.91728318593	3881189.676845679	30
507518.9903293478	3881189.543828915	30
507518.9903293478	3881189.543828915	30
507519.0724925213	3881189.410819693	30
507519.0724925213	3881189.410819693	30
507519.1364216756	3881189.277795389	30
507519.1364216756	3881189.277795389	30
507519.20945867215	3881189.155868385	30
507519.20945867215	3881189.155868385	30
507519.2825048424	3881189.022851624	30
507519.2825048424	3881189.022851624	30
507519.3555510103	3881188.8898348617	30
507519.3555510103	3881188.8898348617	30
507519.4285880128	3881188.76790786	30
507519.4285880128	3881188.76790786	30
507519.4925080048	3881188.645973316	30
507519.4925080048	3881188.645973316	30
507519.565554181	3881188.512956557	30
507519.565554181	3881188.512956557	30
507519.62948335113	3881188.379932256	30
507519.62948335113	3881188.379932256	30
507519.7025203568	3881188.2580052577	30
507519.7025203568	3881188.2580052577	30
507519.7664403559	3881188.1360707134	30
507519.7664403559	3881188.1360707134	30
507519.8212525185	3881188.003038873	30
507519.8212525185	3881188.003038873	30
507519.9490925229	3881187.759169791	30
507520.0039046927	3881187.62613795	30
507520.0039046927	3881187.62613795	30
507520.0587076889	3881187.504195868	30
507520.0039046927	3881187.62613795	30
507520.0587076889	3881187.504195868	30
507520.1226276958	3881187.382261328	30
507520.1226276958	3881187.382261328	30
507520.1774215175	3881187.271409005	30
507520.1774215175	3881187.271409005	30
507520.24134152994	3881187.149474466	30
507520.2961353568	3881187.038622143	30
507520.2961353568	3881187.038622143	30
507520.3600461947	3881186.927777364	30
507520.3600461947	3881186.927777364	30
507520.4148400243	3881186.8169250414	30
507520.4148400243	3881186.8169250414	30
507520.469633853	3881186.7060727193	30
507520.469633853	3881186.7060727193	30
507520.5335446953	3881186.5952279423	30
507520.5335446953	3881186.5952279423	30
507520.5335446953	3881186.5952279423	30
507520.5974555438	3881186.484383164	30
507520.5974555438	3881186.484383164	30
507520.6522493767	3881186.373530844	30
507520.6522493767	3881186.373530844	30
507520.71615104994	3881186.273775824	30
507520.71615104994	3881186.273775824	30
507520.7709448856	3881186.1629235046	30
507520.7709448856	3881186.1629235046	30
507520.82573872246	3881186.052071185	30
507520.82573872246	3881186.052071185	30
507520.8896495784	3881185.94122641	30
507520.8896495784	3881185.94122641	30
507520.9353264049	3881185.830366548	30
507520.9353264049	3881185.830366548	30
507521.0540311015	3881185.608669455	30
507521.0540311015	3881185.608669455	30
507521.10882494977	3881185.497817136	30
507521.10882494977	3881185.497817136	30
507521.1727358084	3881185.386972363	30
507521.1727358084	3881185.386972363	30
507521.2366466708	3881185.2761275903	30
507521.2366466708	3881185.2761275903	30
507521.30055753246	3881185.1652828185	30
507521.30055753246	3881185.1652828185	30
507521.3644775724	3881185.043348289	30
507521.3644775724	3881185.043348289	30
507521.4283976163	3881184.921413759	30
507521.4283976163	3881184.921413759	30
507521.49231765966	3881184.799479229	30
507521.49231765966	3881184.799479229	30
507521.55623770936	3881184.677544702	30
507521.55623770936	3881184.677544702	30
507521.62015775614	3881184.555610172	30
507521.62015775614	3881184.555610172	30
507521.684086984	3881184.422585886	30
507521.684086984	3881184.422585886	30
507521.7571240489	3881184.300658904	30
507521.7571240489	3881184.300658904	30
507521.82105328055	3881184.16763462	30
507521.82105328055	3881184.16763462	30
507521.89409952896	3881184.03461788	30
507521.96713659976	3881183.9126908975	30
507521.89409952896	3881184.03461788	30
507522.0310658373	3881183.7796666143	30
507522.0310658373	3881183.7796666143	30
507522.0310658373	3881183.7796666143	30
507522.1041120895	3881183.6466498766	30
507522.1041120895	3881183.6466498766	30
507522.241096765	3881183.3695191	30
507522.241096765	3881183.3695191	30
507522.305035188	3881183.22540506	30
507522.305035188	3881183.22540506	30
507522.368964433	3881183.092380779	30
507522.368964433	3881183.092380779	30
507522.442010698	3881182.959364044	30
507522.442010698	3881182.959364044	30
507522.5150661456	3881182.815257551	30
507522.5150661456	3881182.815257551	30
507522.57900457457	3881182.671143514	30
507522.57900457457	3881182.671143514	30
507522.6429338296	3881182.5381192346	30
507522.6886382295	3881182.393990108	30
507522.6886382295	3881182.393990108	30
507522.7434596475	3881182.2498685257	30
507522.7434596475	3881182.2498685257	30
507522.7434596475	3881182.2498685257	30
507522.7982810696	3881182.105746944	30
507522.7982810696	3881182.105746944	30
507522.8896807014	3881181.828578449	30
507522.8896807014	3881181.828578449	30
507522.9262680938	3881181.684441776	30
507522.9262680938	3881181.684441776	30
507522.9628463064	3881181.551394861	30
507522.9628463064	3881181.551394861	30
507522.9994337011	3881181.407258192	30
507522.9994337011	3881181.407258192	30
507523.0360119159	3881181.274211276	30
507523.0360119159	3881181.274211276	30
507523.0634731138	3881181.141156817	30
507523.0634731138	3881181.141156817	30
507523.0909343151	3881181.008102358	30
507523.0909343151	3881181.008102358	30
507523.1183955146	3881180.8750478993	30
507523.1183955146	3881180.8750478993	30
507523.1367396969	3881180.741985894	30
507523.1367396969	3881180.741985894	30
507523.1550838797	3881180.6089238897	30
507523.1550838797	3881180.6089238897	30
507523.15519402607	3881180.475846792	30
507523.173529033	3881180.353874546	30
507523.173529033	3881180.353874546	30
507523.173529033	3881180.353874546	30
507523.1736391797	3881180.22079745	30
507523.1736391797	3881180.22079745	30
507523.1828663428	3881180.087727899	30
507523.1828663428	3881180.087727899	30
507523.1829764896	3881179.9546508016	30
507523.1829764896	3881179.9546508016	30
507523.1830866364	3881179.821573705	30
507523.1740797662	3881179.688489063	30
507523.1740797662	3881179.688489063	30
507523.16507289343	3881179.555404419	30
507523.16507289343	3881179.555404419	30
507523.14694899856	3881179.42231223	30
507523.14694899856	3881179.42231223	30
507523.1379421251	3881179.289227588	30
507523.1379421251	3881179.289227588	30
507523.0925864965	3881179.011945906	30
507523.0925864965	3881179.011945906	30
507523.0925864965	3881179.011945906	30
507523.0381138424	3881178.734656677	30
507523.0381138424	3881178.734656677	30
507522.992648064	3881178.5904520936	30
507522.992648064	3881178.5904520936	30
507522.95629930455	3881178.446255056	30
507522.95629930455	3881178.446255056	30
507522.9108243425	3881178.313140229	30
507522.9108243425	3881178.313140229	30
507522.8653585599	3881178.168935647	30
507522.8198835951	3881178.0358208218	30
507522.8198835951	3881178.0358208218	30
507522.7744086312	3881177.902705996	30
507522.7744086312	3881177.902705996	30
507522.71069962136	3881177.76957608	30
507522.7744086312	3881177.902705996	30
507522.71069962136	3881177.76957608	30
507522.6561076333	3881177.63645371	30
507522.59239861753	3881177.503323795	30
507522.59239861753	3881177.503323795	30
507522.5286804264	3881177.38128364	30
507522.5286804264	3881177.38128364	30
507522.4467373659	3881177.248138635	30
507522.4467373659	3881177.248138635	30
507522.4467373659	3881177.248138635	30
507522.3739021469	3881177.126090933	30
507522.2919499087	3881177.004035689	30
507522.3739021469	3881177.126090933	30
507522.2099976636	3881176.881980444	30
507522.2919499087	3881177.004035689	30
507522.2099976636	3881176.881980444	30
507522.12803623866	3881176.771014959	30
507521.96411338286	3881176.5490839896	30
507521.96411338286	3881176.5490839896	30
507521.87302575214	3881176.44920072	30
507521.87302575214	3881176.44920072	30
507521.87302575214	3881176.44920072	30
507521.78193812177	3881176.3493174496	30
507521.6908596641	3881176.238344423	30
507521.6908596641	3881176.238344423	30
507521.59978120425	3881176.127371397	30
507521.59978120425	3881176.127371397	30
507521.49957654	3881176.027480586	30
507521.49957654	3881176.027480586	30
507521.49957654	3881176.027480586	30
507521.399381055	3881175.91650002	30
507521.399381055	3881175.91650002	30
507521.29006854206	3881175.805511909	30
507521.1898638733	3881175.705621101	30
507521.1898638733	3881175.705621101	30
507521.0805421789	3881175.605722751	30
507521.0805421789	3881175.605722751	30
507520.9712296583	3881175.494734644	30
507521.0805421789	3881175.605722751	30
507520.9712296583	3881175.494734644	30
507520.8710158065	3881175.405933599	30
507520.8710158065	3881175.405933599	30
507520.76169410266	3881175.306035252	30
507520.76169410266	3881175.306035252	30
507520.6523724012	3881175.2061369065	30
507520.6523724012	3881175.2061369065	30
507520.533933671	3881175.106231019	30
507520.533933671	3881175.106231019	30
507520.4246027867	3881175.0174224353	30
507520.31528107566	3881174.917524095	30
507520.4246027867	3881175.0174224353	30
507520.31528107566	3881174.917524095	30
507520.2059501869	3881174.8287155135	30
507520.0966284712	3881174.728817175	30
507520.0966284712	3881174.728817175	30
507519.9872975781	3881174.640008596	30
507519.9872975781	3881174.640008596	30
507519.8688588333	3881174.5401027175	30
507519.8688588333	3881174.5401027175	30
507519.7595279334	3881174.451294142	30
507519.7595279334	3881174.451294142	30
507519.7595279334	3881174.451294142	30
507519.65020621056	3881174.351395808	30
507519.65020621056	3881174.351395808	30
507519.5317582815	3881174.262579693	30
507519.5317582815	3881174.262579693	30
507519.4224273796	3881174.1737711215	30
507519.30397944606	3881174.0849550073	30
507519.30397944606	3881174.0849550073	30
507519.17641448753	3881173.996131355	30
507519.17641448753	3881173.996131355	30
507519.17641448753	3881173.996131355	30
507519.05795737775	3881173.9184050015	30
507519.05795737775	3881173.9184050015	30
507518.9395094396	3881173.829588895	30
507518.9395094396	3881173.829588895	30
507518.811944474	3881173.740765247	30
507518.811944474	3881173.740765247	30
507518.68437033246	3881173.663031359	30
507518.556805362	3881173.574207714	30
507518.556805362	3881173.574207714	30
507518.556805362	3881173.574207714	30
507518.42011419055	3881173.496466288	30
507518.42011419055	3881173.496466288	30
507518.2925492128	3881173.407642646	30
507518.2925492128	3881173.407642646	30
507518.1558672093	3881173.3188114655	30
507518.1558672093	3881173.3188114655	30
507518.0191852031	3881173.229980289	30
507518.0191852031	3881173.229980289	30
507517.882503192	3881173.141149113	30
507517.882503192	3881173.141149113	30
507517.7458303527	3881173.041228181	30
507517.7458303527	3881173.041228181	30
507517.6091483384	3881172.952397008	30
507517.46334929526	3881172.8635583	30
507517.46334929526	3881172.8635583	30
507517.46334929526	3881172.8635583	30
507517.3266672732	3881172.7747271312	30
507517.3266672732	3881172.7747271312	80
507517.1899852507	3881172.685895966	80
507517.1899852507	3881172.685895966	80
507517.0533032233	3881172.5970648015	80
507517.0533032233	3881172.5970648015	80
507516.9166211955	3881172.508233641	80
507516.9166211955	3881172.508233641	80
507516.7890470205	3881172.43049978	80
507516.7890470205	3881172.43049978	80
507516.6523649877	3881172.341668622	80
507516.6523649877	3881172.341668622	80
507516.53390783473	3881172.263942304	80
507516.53390783473	3881172.263942304	80
507516.41545067984	3881172.1862159874	80
507516.41545067984	3881172.1862159874	80
507516.2969935206	3881172.1084896703	80
507516.1785363616	3881172.030763357	80
507516.2969935206	3881172.1084896703	80
507516.1785363616	3881172.030763357	80
507516.0691870597	3881171.9641343416	80
507516.0691870597	3881171.9641343416	80
507515.9598469217	3881171.8864155705	80
507515.9598469217	3881171.8864155705	80
507515.8596146412	3881171.819794097	80
507515.7502745043	3881171.742075327	80
507515.8596146412	3881171.819794097	80
507515.7502745043	3881171.742075327	80
507515.6500513881	3881171.6643640967	80
507515.6500513881	3881171.6643640967	80
507515.5498282749	3881171.586652869	80
507515.5498282749	3881171.586652869	80
507515.4404881279	3881171.508934101	80
507515.4404881279	3881171.508934101	80
507515.3311479836	3881171.431215338	80
507515.3311479836	3881171.431215338	80
507515.2218078329	3881171.353496576	80
507515.2218078329	3881171.353496576	80
507515.1124676849	3881171.2757778126	80
507515.1124676849	3881171.2757778126	80
507515.00313669926	3881171.186969296	80
507515.00313669926	3881171.186969296	80
507514.8846795196	3881171.1092429976	80
507514.8846795196	3881171.1092429976	80
507514.7753485297	3881171.020434482	80
507514.7753485297	3881171.020434482	80
507514.647783484	3881170.931610893	80
507514.647783484	3881170.931610893	80
507514.5293354663	3881170.842794842	80
507514.5293354663	3881170.842794842	80
507514.4108966097	3881170.742889037	80
507514.2833498926	3881170.631885937	80
507514.4108966097	3881170.742889037	80
507514.2833498926	3881170.631885937	80
507514.1557940045	3881170.531972597	80
507514.1557940045	3881170.531972597	80
507514.0282381113	3881170.432059258	80
507514.0282381113	3881170.432059258	80
507513.9006822176	3881170.332145921	80
507513.9006822176	3881170.332145921	80
507513.7640092924	3881170.23222505	80
507513.7640092924	3881170.23222505	80
507513.64557042177	3881170.132319254	80
507513.64557042177	3881170.132319254	80
507513.50889749074	3881170.0323983855	80
507513.50889749074	3881170.0323983855	80
507513.39045861247	3881169.932492593	80
507513.39045861247	3881169.932492593	80
507513.26290270704	3881169.832579266	80
507513.26290270704	3881169.832579266	80
507513.14446382574	3881169.732673475	80
507513.14446382574	3881169.732673475	80
507513.026034106	3881169.621677931	80
507513.026034106	3881169.621677931	80
507512.9075952193	3881169.521772144	80
507512.9075952193	3881169.521772144	80
507512.7891563301	3881169.421866359	80
507512.7891563301	3881169.421866359	80
507512.6616004086	3881169.321953039	80
507512.6616004086	3881169.321953039	80
507512.55227854376	3881169.222054793	80
507512.55227854376	3881169.222054793	80
507512.4338396468	3881169.122149013	80
507512.4338396468	3881169.122149013	80
507512.3154007471	3881169.0222432334	80
507512.3154007471	3881169.0222432334	80
507512.1969618425	3881168.922337456	80
507512.1969618425	3881168.922337456	80
507512.0785321029	3881168.811341922	80
507512.0785321029	3881168.811341922	80
507511.96921022783	3881168.711443684	80
507511.96921022783	3881168.711443684	80
507511.7414494355	3881168.511639675	80
507511.6230105179	3881168.411733905	80
507511.7414494355	3881168.511639675	80
507511.495463734	3881168.300730844	80
507511.6230105179	3881168.411733905	80
507511.495463734	3881168.300730844	80
507511.3861418464	3881168.200832612	80
507511.3861418464	3881168.200832612	80
507511.25858589006	3881168.100919312	80
507511.25858589006	3881168.100919312	80
507511.1401561283	3881167.989923792	80
507511.1401561283	3881167.989923792	80
507511.01260016864	3881167.890010496	80
507511.01260016864	3881167.890010496	80
507510.88504420384	3881167.790097202	80
507510.88504420384	3881167.790097202	80
507510.7483712073	3881167.6901763775	80
507510.6116982077	3881167.590255553	80
507510.6116982077	3881167.590255553	80
507510.6116982077	3881167.590255553	80
507510.47503436846	3881167.479244974	80
507510.47503436846	3881167.479244974	80
507510.3383613604	3881167.3793241535	80
507510.3383613604	3881167.3793241535	80
507510.2016883517	3881167.279403337	80
507510.2016883517	3881167.279403337	80
507510.0558983082	3881167.179474989	80
507510.0558983082	3881167.179474989	80
507509.91922529327	3881167.079554177	80
507509.91922529327	3881167.079554177	80
507509.7825431106	3881166.990723123	80
507509.7825431106	3881166.990723123	80
507509.6458609276	3881166.901892071	80
507509.6458609276	3881166.901892071	80
507509.5091787396	3881166.813061024	80
507509.5091787396	3881166.813061024	80
507509.3816044237	3881166.735327266	80
507509.3816044237	3881166.735327266	80
507509.2540392652	3881166.646503753	80
507509.0080076479	3881166.491043781	80
507509.0080076479	3881166.491043781	80
507509.0080076479	3881166.491043781	80
507508.8895503535	3881166.413317563	80
507508.8895503535	3881166.413317563	80
507508.771093057	3881166.3355913465	80
507508.771093057	3881166.3355913465	80
507508.66175279126	3881166.257872663	80
507508.66175279126	3881166.257872663	80
507508.5341692948	3881166.1912286766	80
507508.5341692948	3881166.1912286766	80
507508.4157119924	3881166.113502464	80
507508.4157119924	3881166.113502464	80
507508.2972546903	3881166.035776255	80
507508.2972546903	3881166.035776255	80
507508.1788065421	3881165.946960288	80
507508.1788065421	3881165.946960288	80
507508.0603492336	3881165.86923408	80
507508.0603492336	3881165.86923408	80
507507.93277488975	3881165.791500345	80
507507.93277488975	3881165.791500345	80
507507.8052097016	3881165.7026768513	80
507507.8052097016	3881165.7026768513	80
507507.67764451326	3881165.613853362	80
507507.67764451326	3881165.613853362	80
507507.5409531292	3881165.536112101	80
507507.5409531292	3881165.536112101	80
507507.4042709025	3881165.4472810826	80
507507.4042709025	3881165.4472810826	80
507507.267588673	3881165.358450067	80
507507.267588673	3881165.358450067	80
507507.1309064409	3881165.269619056	80
507506.9942242061	3881165.180788045	80
507507.1309064409	3881165.269619056	80
507506.9942242061	3881165.180788045	80
507506.8575419663	3881165.091957035	80
507506.8575419663	3881165.091957035	80
507506.7208597262	3881165.00312603	80
507506.5841774811	3881164.914295025	80
507506.5841774811	3881164.914295025	80
507506.44749523565	3881164.825464021	80
507506.5841774811	3881164.914295025	80
507506.44749523565	3881164.825464021	80
507506.31993002177	3881164.736640552	80
507506.31993002177	3881164.736640552	80
507506.1832477711	3881164.647809553	80
507506.1832477711	3881164.647809553	80
507506.04656551534	3881164.5589785553	80
507506.04656551534	3881164.5589785553	80
507505.9098832593	3881164.4701475617	80
507505.9098832593	3881164.4701475617	80
507505.7732010006	3881164.381316569	80
507505.7732010006	3881164.381316569	80
507505.63650958176	3881164.303575336	80
507505.4998273179	3881164.214744348	80
507505.63650958176	3881164.303575336	80
507505.4998273179	3881164.214744348	80
507505.363145049	3881164.125913362	80
507505.363145049	3881164.125913362	80
507505.22645362286	3881164.048172136	80
507505.22645362286	3881164.048172136	80
507505.0988883838	3881163.959348683	80
507505.0988883838	3881163.959348683	80
507504.9622061096	3881163.870517703	80
507504.9622061096	3881163.870517703	80
507504.8346317112	3881163.7927840105	80
507504.7070664672	3881163.703960561	80
507504.7070664672	3881163.703960561	80
507504.7070664672	3881163.703960561	80
507504.5794920621	3881163.626226872	80
507504.5794920621	3881163.626226872	80
507504.4519176594	3881163.548493184	80
507504.4519176594	3881163.548493184	80
507504.3152353703	3881163.459662215	80
507504.3152353703	3881163.459662215	80
507504.1876609608	3881163.381928532	80
507504.1876609608	3881163.381928532	80
507504.06008655136	3881163.304194849	80
507503.9325121351	3881163.226461171	80
507504.06008655136	3881163.304194849	80
507503.9325121351	3881163.226461171	80
507503.804937719	3881163.148727493	80
507503.804937719	3881163.148727493	80
507503.6773633008	3881163.070993817	80
507503.6773633008	3881163.070993817	80
507503.5406718444	3881162.993252616	80
507503.5406718444	3881162.993252616	80
507503.4130974193	3881162.915518944	80
507503.4130974193	3881162.915518944	80
507503.2764059584	3881162.837777747	80
507503.2764059584	3881162.837777747	80
507503.1397144927	3881162.760036553	80
507503.1397144927	3881162.760036553	80
507503.0121400656	3881162.6823028848	80
507503.0121400656	3881162.6823028848	80
507502.884565634	3881162.604569221	80
507502.884565634	3881162.604569221	80
507502.756982044	3881162.537925315	80
507502.6294076082	3881162.4601916526	80
507502.756982044	3881162.537925315	80
507502.6294076082	3881162.4601916526	80
507502.5018240167	3881162.393547752	80
507502.3742495767	3881162.315814093	80
507502.3742495767	3881162.315814093	80
507502.2466659789	3881162.249170195	80
507502.3742495767	3881162.315814093	80
507502.2466659789	3881162.249170195	80
507502.1190823816	3881162.1825262974	80
507501.9914987824	3881162.115882404	80
507501.9914987824	3881162.115882404	80
507501.9914987824	3881162.115882404	80
507501.8639243342	3881162.038148755	80
507501.8639243342	3881162.038148755	80
507501.7363407288	3881161.9715048624	80
507501.7363407288	3881161.9715048624	80
507501.6178741632	3881161.904868498	80
507501.6178741632	3881161.904868498	80
507501.4902905564	3881161.838224611	80
507501.4902905564	3881161.838224611	80
507501.3718239826	3881161.771588249	80
507501.3718239826	3881161.771588249	80
507501.2442403722	3881161.704944365	80
507501.2442403722	3881161.704944365	80
507501.1166567599	3881161.638300483	80
507501.1166567599	3881161.638300483	80
507500.98907314346	3881161.5716566015	80
507500.98907314346	3881161.5716566015	80
507500.87060656486	3881161.505020248	80
507500.87060656486	3881161.505020248	80
507500.7430229493	3881161.438376371	80
507500.7430229493	3881161.438376371	80
507500.6154393297	3881161.3717324953	80
507500.6154393297	3881161.3717324953	80
507500.4969727434	3881161.305096145	80
507500.4969727434	3881161.305096145	80
507500.369398271	3881161.227362516	80
507500.369398271	3881161.227362516	80
507500.2418146457	3881161.160718646	80
507500.1142310161	3881161.094074777	80
507500.1142310161	3881161.094074777	80
507500.1142310161	3881161.094074777	80
507499.9775394995	3881161.0163336312	80
507499.9775394995	3881161.0163336312	80
507499.8499558683	3881160.949689767	80
507499.8499558683	3881160.949689767	80
507499.7223813855	3881160.8719561473	80
507499.7223813855	3881160.8719561473	80
507499.5856898623	3881160.794215007	80
507499.4489891869	3881160.7275636247	80
507499.4489891869	3881160.7275636247	80
507499.4489891869	3881160.7275636247	80
507499.3031806208	3881160.6498149657	80
507499.1664799365	3881160.583163588	80
507499.3031806208	3881160.6498149657	80
507499.02977925487	3881160.516512214	80
507499.02977925487	3881160.516512214	80
507499.02977925487	3881160.516512214	80
507498.88397068187	3881160.438763563	80
507498.747269996	3881160.372112192	80
507498.747269996	3881160.372112192	80
507498.747269996	3881160.372112192	80
507498.6105784569	3881160.2943710657	80
507498.6105784569	3881160.2943710657	80
507498.47387776687	3881160.2277197	80
507498.3463032621	3881160.149986097	80
507498.47387776687	3881160.2277197	80
507498.3463032621	3881160.149986097	80
507498.2187196045	3881160.083342257	80
507498.0820280566	3881160.0056011393	80
507498.0820280566	3881160.0056011393	80
507497.95444439736	3881159.938957301	80
507497.95444439736	3881159.938957301	80
507497.8268607362	3881159.872313466	80
507497.95444439736	3881159.938957301	80
507497.6992770709	3881159.805669632	80
507497.8268607362	3881159.872313466	80
507497.6992770709	3881159.805669632	80
507497.57170255366	3881159.727936042	80
507497.4441188868	3881159.66129221	80
507497.57170255366	3881159.727936042	80
507497.30741817865	3881159.594640864	80
507497.4441188868	3881159.66129221	80
507497.1798436551	3881159.5169072784	80
507497.30741817865	3881159.594640864	80
507497.04314294056	3881159.450255934	80
507497.1798436551	3881159.5169072784	80
507497.04314294056	3881159.450255934	80
507496.9155592659	3881159.3836121103	80
507496.797092629	3881159.3169758096	80
507496.9155592659	3881159.3836121103	80
507496.797092629	3881159.3169758096	80
507496.6695089484	3881159.2503319895	80
507496.6695089484	3881159.2503319895	80
507496.5419252682	3881159.183688172	80
507496.5419252682	3881159.183688172	80
507496.4143507324	3881159.1059545977	80
507496.4143507324	3881159.1059545977	80
507496.2867670482	3881159.039310784	80
507496.2867670482	3881159.039310784	80
507496.15918336	3881158.972666972	80
507496.15918336	3881158.972666972	80
507496.0315996745	3881158.9060231615	80
507496.0315996745	3881158.9060231615	80
507495.9040251304	3881158.828289596	80
507495.9040251304	3881158.828289596	80
507495.7764414387	3881158.761645788	80
507495.7764414387	3881158.761645788	80
507495.6488577428	3881158.695001984	80
507495.6488577428	3881158.695001984	80
507495.5212740474	3881158.62835818	80
507495.5212740474	3881158.62835818	80
507495.39369035006	3881158.56171438	80
507495.39369035006	3881158.56171438	80
507495.2661066509	3881158.495070579	80
507495.1385229475	3881158.4284267817	80
507495.1385229475	3881158.4284267817	80
507495.1385229475	3881158.4284267817	80
507495.001822204	3881158.3617754686	80
507494.8742384992	3881158.295131673	80
507494.8742384992	3881158.295131673	80
507494.8742384992	3881158.295131673	80
507494.7375377517	3881158.2284803633	80
507494.7375377517	3881158.2284803633	80
507494.6099540431	3881158.161836574	80
507494.6099540431	3881158.161836574	80
507494.4732624332	3881158.0840955097	80
507494.4732624332	3881158.0840955097	80
507494.33656167967	3881158.017444206	80
507494.33656167967	3881158.017444206	80
507494.2089779652	3881157.9508004207	80
507494.2089779652	3881157.9508004207	80
507494.0722772077	3881157.884149121	80
507494.0722772077	3881157.884149121	80
507493.935585589	3881157.806408066	80
507493.935585589	3881157.806408066	80
507493.8080018709	3881157.739764286	80
507493.6713011027	3881157.6731129927	80
507493.6713011027	3881157.6731129927	80
507493.6713011027	3881157.6731129927	80
507493.54372652347	3881157.59537946	80
507493.54372652347	3881157.59537946	80
507493.4070257535	3881157.52872817	80
507493.4070257535	3881157.52872817	80
507493.2794420253	3881157.462084398	80
507493.2794420253	3881157.462084398	80
507493.1518582975	3881157.395440629	80
507493.1518582975	3881157.395440629	80
507493.0242837053	3881157.317707103	80
507493.0242837053	3881157.317707103	80
507492.88758292736	3881157.251055821	80
507492.88758292736	3881157.251055821	80
507492.7691162356	3881157.184419572	80
507492.7691162356	3881157.184419572	80
507492.6415324956	3881157.117775809	80
507492.6415324956	3881157.117775809	80
507492.51395789743	3881157.0400422914	80
507492.51395789743	3881157.0400422914	80
507492.3863741559	3881156.9733985313	80
507492.3863741559	3881156.9733985313	80
507492.2587904124	3881156.906754774	80
507492.2587904124	3881156.906754774	80
507492.1312158057	3881156.829021262	80
507491.9945150162	3881156.7623699945	80
507492.1312158057	3881156.829021262	80
507491.8669312669	3881156.695726242	80
507491.8669312669	3881156.695726242	80
507491.8669312669	3881156.695726242	80
507491.7302396139	3881156.6179852206	80
507491.6026558607	3881156.551341472	80
507491.6026558607	3881156.551341472	80
507491.4659642033	3881156.4736004528	80
507491.4659642033	3881156.4736004528	80
507491.3292634012	3881156.406949195	80
507491.3292634012	3881156.406949195	80
507491.2016887819	3881156.329215696	80
507491.2016887819	3881156.329215696	80
507491.2016887819	3881156.329215696	80
507491.0649879781	3881156.2625644417	80
507490.9282963117	3881156.184823431	80
507491.0649879781	3881156.2625644417	80
507490.9282963117	3881156.184823431	80
507490.80072168587	3881156.1070899367	80
507490.80072168587	3881156.1070899367	80
507490.66402087576	3881156.040438688	80
507490.66402087576	3881156.040438688	80
507490.527329198	3881155.9626976848	80
507490.39063752256	3881155.884956684	80
507490.527329198	3881155.9626976848	80
507490.2539367061	3881155.818305441	80
507490.2539367061	3881155.818305441	80
507490.11724502617	3881155.740564443	80
507490.2539367061	3881155.818305441	80
507489.97143630055	3881155.662815936	80
507490.11724502617	3881155.740564443	80
507489.8347446136	3881155.585074942	80
507489.8347446136	3881155.585074942	80
507489.8347446136	3881155.585074942	80
507489.6889358831	3881155.507326437	80
507489.5522441936	3881155.429585448	80
507489.6889358831	3881155.507326437	80
507489.4155433642	3881155.36293422	80
507489.4155433642	3881155.36293422	80
507489.4155433642	3881155.36293422	80
507489.2788516679	3881155.2851932338	80
507489.1421599717	3881155.207452252	80
507489.1421599717	3881155.207452252	80
507489.1421599717	3881155.207452252	80
507488.9963512269	3881155.129703759	80
507488.9963512269	3881155.129703759	80
507488.8596595258	3881155.0519627808	80
507488.72296782245	3881154.9742218032	80
507488.8596595258	3881155.0519627808	80
507488.72296782245	3881154.9742218032	80
507488.5862669801	3881154.907570586	80
507488.4404582281	3881154.829822104	80
507488.4404582281	3881154.829822104	80
507488.4404582281	3881154.829822104	80
507488.3037665155	3881154.752081133	80
507488.1670656668	3881154.685429923	80
507488.1670656668	3881154.685429923	80
507488.0303739497	3881154.607688957	80
507488.0303739497	3881154.607688957	80
507487.88456518814	3881154.5299404818	80
507487.88456518814	3881154.5299404818	80
507487.7387564218	3881154.45219201	80
507487.7387564218	3881154.45219201	80
507487.6020646998	3881154.3744510496	80
507487.6020646998	3881154.3744510496	80
507487.4562650661	3881154.285612824	80
507487.4562650661	3881154.285612824	80
507487.4562650661	3881154.285612824	80
507487.3104562945	3881154.20786436	80
507487.1737645652	3881154.1301234057	80
507487.1737645652	3881154.1301234057	80
507487.0279557864	3881154.052374946	80
507487.0279557864	3881154.052374946	80
507487.0279557864	3881154.052374946	80
507486.8821470074	3881153.974626487	80
507486.7454644053	3881153.8857957823	80
507486.7454644053	3881153.8857957823	80
507486.7454644053	3881153.8857957823	80
507486.59053857374	3881153.8080398194	80
507486.59053857374	3881153.8080398194	80
507486.4447297871	3881153.730291368	80
507486.2989209956	3881153.652542919	80
507486.2989209956	3881153.652542919	80
507486.1439951586	3881153.5747869634	80
507486.1439951586	3881153.5747869634	80
507485.9981863644	3881153.497038519	80
507485.9981863644	3881153.497038519	80
507485.85238669865	3881153.40820032	80
507485.85238669865	3881153.40820032	80
507485.85238669865	3881153.40820032	80
507485.6974517206	3881153.341534129	80
507485.6974517206	3881153.341534129	80
507485.5516429165	3881153.263785691	80
507485.40583411226	3881153.186037258	80
507485.40583411226	3881153.186037258	80
507485.40583411226	3881153.186037258	80
507485.2509082574	3881153.108281317	80
507485.2509082574	3881153.108281317	80
507485.10509944806	3881153.030532888	80
507484.9592997685	3881152.941694704	80
507484.9592997685	3881152.941694704	80
507484.9592997685	3881152.941694704	80
507484.81349095167	3881152.8639462767	80
507484.81349095167	3881152.8639462767	80
507484.6585650885	3881152.786190348	80
507484.51276540296	3881152.6973521695	80
507484.51276540296	3881152.6973521695	80
507484.3578304007	3881152.6306860014	80
507484.51276540296	3881152.6973521695	80
507484.2120307074	3881152.541847828	80
507484.2120307074	3881152.541847828	80
507484.0662218778	3881152.464099415	80
507484.2120307074	3881152.541847828	80
507484.0662218778	3881152.464099415	80
507483.92953009234	3881152.386358512	80
507483.92953009234	3881152.386358512	80
507483.79282917606	3881152.319707367	80
507483.6561282578	3881152.253056226	80
507483.79282917606	3881152.319707367	80
507483.6561282578	3881152.253056226	80
507483.5285443843	3881152.18641259	80
507483.5285443843	3881152.18641259	80
507483.4009605089	3881152.119768959	80
507483.4009605089	3881152.119768959	80
507483.2824936763	3881152.0531328334	80
507483.2824936763	3881152.0531328334	80
507483.1640268465	3881151.986496712	80
507483.0546679276	3881151.930957853	80
507483.0546679276	3881151.930957853	80
507482.9453090119	3881151.875418997	80
507482.9453090119	3881151.875418997	80
507482.9453090119	3881151.875418997	80
507482.84506713744	3881151.819887648	80
507482.84506713744	3881151.819887648	80
507482.7448252664	3881151.764356299	80
507482.7448252664	3881151.764356299	80
507482.6445742624	3881151.7199147088	80
507482.6445742624	3881151.7199147088	80
507482.5534403048	3881151.6754806247	80
507482.46231547766	3881151.619956785	80
507482.5534403048	3881151.6754806247	80
507482.46231547766	3881151.619956785	80
507482.3711815157	3881151.575522703	80
507482.3711815157	3881151.575522703	80
507482.289164605	3881151.5310961273	80
507482.289164605	3881151.5310961273	80
507482.2071476912	3881151.4866695534	80
507482.1251216479	3881151.453332735	80
507482.1251216479	3881151.453332735	80
507482.1251216479	3881151.453332735	80
507482.0522126514	3881151.420003425	80
507482.0522126514	3881151.420003425	80
507481.9793127831	3881151.375584356	80
507481.9793127831	3881151.375584356	80
507481.9064037878	3881151.342255046	80
507481.8426118373	3881151.308933241	80
507481.8426118373	3881151.308933241	80
507481.8426118373	3881151.308933241	80
507481.7788198887	3881151.275611436	80
507481.7241358591	3881151.253386896	80
507481.7241358591	3881151.253386896	80
507481.7241358591	3881151.253386896	80
507481.6694609528	3881151.220072596	80
507481.6694609528	3881151.220072596	80
507481.61477692256	3881151.197848054	80
507481.5692099399	3881151.1756310174	80
507481.5692099399	3881151.1756310174	80
507481.5692099399	3881151.1756310174	80
507481.52364295465	3881151.153413981	80
507481.52364295465	3881151.153413981	80
507481.48719301936	3881151.1312044505	80
507481.48719301936	3881151.1312044505	80
507481.4507339537	3881151.1200846746	80
507481.4507339537	3881151.1200846746	80
507481.4234010682	3881151.097882648	80
507481.4234010682	3881151.097882648	80
507481.405176098	3881151.086777882	80
507481.3869511301	3881151.0756731145	80
507481.3869511301	3881151.0756731145	80
507481.3869511301	3881151.0756731145	80
507481.37783408223	3881151.0756656094	80
507481.368717032	3881151.075658106	80
507481.368717032	3881151.075658106	80
507481.368717032	3881151.075658106	80
507481.3687261599	3881151.06456835	80
507481.3687261599	3881151.06456835	80
507481.3687261599	3881151.06456835	80
507481.3687261599	3881151.06456835	80
507481.368717032	3881151.075658106	80
507481.368717032	3881151.075658106	80
507481.37783408223	3881151.0756656094	80
507481.37783408223	3881151.0756656094	80
507481.37783408223	3881151.0756656094	80
507481.37783408223	3881151.0756656094	80
507481.37783408223	3881151.0756656094	80
507481.37783408223	3881151.0756656094	80
507481.37783408223	3881151.0756656094	80
507481.37783408223	3881151.0756656094	80
507481.37783408223	3881151.0756656094	80
507481.37783408223	3881151.0756656094	80
507481.37783408223	3881151.0756656094	80
507481.37783408223	3881151.0756656094	80
507481.37783408223	3881151.0756656094	80
507481.37783408223	3881151.0756656094	80
507481.37783408223	3881151.0756656094	80
507481.37783408223	3881151.0756656094	80
507481.37783408223	3881151.0756656094	80
507481.37783408223	3881151.0756656094	80
507481.37783408223	3881151.0756656094	80
507481.37783408223	3881151.0756656094	80
507481.37783408223	3881151.0756656094	80
507481.37783408223	3881151.0756656094	80
507481.37783408223	3881151.0756656094	80
507481.37783408223	3881151.0756656094	80
507481.37783408223	3881151.0756656094	80
507481.37783408223	3881151.0756656094	80
507481.37783408223	3881151.0756656094	80
507481.37783408223	3881151.0756656094	80
507481.37783408223	3881151.0756656094	80
507481.37783408223	3881151.0756656094	80
507481.37783408223	3881151.0756656094	80
507481.37783408223	3881151.0756656094	80
507481.37783408223	3881151.0756656094	80
507481.37783408223	3881151.0756656094	80
507481.37783408223	3881151.0756656094	80
507481.37783408223	3881151.0756656094	80
507481.37783408223	3881151.0756656094	80
507481.37783408223	3881151.0756656094	80
507481.37783408223	3881151.0756656094	80
