166021.9431793313	5.0	80
507499.9150190048	3881225.02272763	80
507499.9150190048	3881225.02272763	80
507499.9150190048	3881225.02272763	80
507499.9150190048	3881225.02272763	80
507499.9150190048	3881225.02272763	80
507499.9150190048	3881225.02272763	80
507499.9150190048	3881225.02272763	80
507499.9150190048	3881225.02272763	80
507499.9150190048	3881225.02272763	80
507499.9150190048	3881225.02272763	80
507499.915009856	3881225.033817389	80
507499.915009856	3881225.033817389	80
507499.915009856	3881225.033817389	80
507499.915009856	3881225.033817389	80
507499.915009856	3881225.033817389	80
507499.915009856	3881225.033817389	80
507499.9150007072	3881225.044907148	80
507499.9150007072	3881225.044907148	80
507499.9150007072	3881225.044907148	80
507499.9150007072	3881225.044907148	80
507499.9150007072	3881225.044907148	80
507499.9150007072	3881225.044907148	80
507499.9150007072	3881225.044907148	80
507499.9150007072	3881225.044907148	80
507499.9150007072	3881225.044907148	80
507499.9150007072	3881225.044907148	80
507499.9150007072	3881225.044907148	80
507499.9150007072	3881225.044907148	80
507499.9150007072	3881225.044907148	80
507499.9150007072	3881225.044907148	80
507499.9149915584	3881225.055996906	80
507499.9149915584	3881225.055996906	80
507499.9149915584	3881225.055996906	80
507499.9149915584	3881225.055996906	80
507499.9149915584	3881225.055996906	80
507499.9149915584	3881225.055996906	80
507499.9149915584	3881225.055996906	80
507499.9149915584	3881225.055996906	80
507499.9149915584	3881225.055996906	80
507499.9149915584	3881225.055996906	80
507499.9149915584	3881225.055996906	80
507499.9149915584	3881225.055996906	80
507499.9149915584	3881225.055996906	80
507499.9240993901	3881225.0670941854	80
507499.9240993901	3881225.0670941854	80
507499.9240993901	3881225.0670941854	80
507499.9240993901	3881225.0670941854	80
507499.9240993901	3881225.0670941854	80
507499.9240993901	3881225.0670941854	80
507499.9240993901	3881225.0670941854	80
507499.9240993901	3881225.0670941854	80
507499.9240993901	3881225.0670941854	80
507499.9240993901	3881225.0670941854	80
507499.9240993901	3881225.0670941854	80
507499.9240993901	3881225.0670941854	80
507499.9240993901	3881225.0670941854	80
507499.9240993901	3881225.0670941854	80
507499.9240993901	3881225.0670941854	80
507499.9240993901	3881225.0670941854	80
507499.9240993901	3881225.0670941854	80
507499.9240902413	3881225.078183944	80
507499.9240902413	3881225.078183944	80
507499.9240902413	3881225.078183944	80
507499.9240902413	3881225.078183944	80
507499.9240902413	3881225.078183944	80
507499.9332072195	3881225.078191466	80
507499.9240902413	3881225.078183944	80
507499.9332072195	3881225.078191466	80
507499.9332072195	3881225.078191466	80
507499.9332072195	3881225.078191466	80
507499.9332163683	3881225.067101707	80
507499.9332163683	3881225.067101707	80
507499.9423424954	3881225.05601947	80
507499.9423424954	3881225.05601947	80
507499.95146862016	3881225.044937233	80
507499.95146862016	3881225.044937233	80
507499.9605947472	3881225.033854996	80
507499.9697300256	3881225.011683	80
507499.9697300256	3881225.011683	80
507499.9879822799	3881224.9895185255	80
507499.9879822799	3881224.9895185255	80
507499.9879822799	3881224.9895185255	80
507500.0062436832	3881224.9562642905	80
507500.0062436832	3881224.9562642905	80
507500.0153789617	3881224.9340922944	80
507500.0336403629	3881224.900838063	80
507500.0336403629	3881224.900838063	80
507500.0336403629	3881224.900838063	80
507500.05189261766	3881224.878673588	80
507500.07015402376	3881224.845419353	80
507500.07015402376	3881224.845419353	80
507500.07015402376	3881224.845419353	80
507500.0792893002	3881224.823247358	80
507500.0975507019	3881224.789993125	80
507500.0975507019	3881224.789993125	80
507500.0975507019	3881224.789993125	80
507500.1158121083	3881224.756738892	80
507500.1158121083	3881224.756738892	80
507500.1431904935	3881224.723492181	80
507500.1431904935	3881224.723492181	80
507500.1705871724	3881224.668065951	80
507500.1705871724	3881224.668065951	80
507500.1979747072	3881224.623729482	80
507500.1979747072	3881224.623729482	80
507500.2253805382	3881224.5572134936	80
507500.2618941992	3881224.501794788	80
507500.2618941992	3881224.501794788	80
507500.2984261616	3881224.424196562	80
507500.2984261616	3881224.424196562	80
507500.2984261616	3881224.424196562	80
507500.3440659518	3881224.357695618	80
507500.3440659518	3881224.357695618	80
507500.3805979155	3881224.280097393	80
507500.3805979155	3881224.280097393	80
507500.426237707	3881224.2135964506	80
507500.426237707	3881224.2135964506	80
507500.4627788214	3881224.1249084687	80
507500.4993107847	3881224.047310245	80
507500.4627788214	3881224.1249084687	80
507500.4993107847	3881224.047310245	80
507500.5449597279	3881223.969719544	80
507500.5814825451	3881223.903211081	80
507500.5814825451	3881223.903211081	80
507500.6180145079	3881223.825612857	80
507500.6180145079	3881223.825612857	80
507500.6180145079	3881223.825612857	80
507500.654546476	3881223.7480146345	80
507500.654546476	3881223.7480146345	80
507500.6910692927	3881223.68150617	80
507500.6910692927	3881223.68150617	80
507500.7276012619	3881223.6039079474	80
507500.7276012619	3881223.6039079474	80
507500.76412407967	3881223.537399483	80
507500.76412407967	3881223.537399483	80
507500.80065605015	3881223.459801261	80
507500.80065605015	3881223.459801261	80
507500.8371880166	3881223.38220304	80
507500.8371880166	3881223.38220304	80
507500.87371998833	3881223.304604818	80
507500.9193689384	3881223.22701412	80
507500.9193689384	3881223.22701412	80
507500.9559009115	3881223.149415897	80
507500.9559009115	3881223.149415897	80
507501.0015498631	3881223.0718251993	80
507501.0015498631	3881223.0718251993	80
507501.0472079679	3881222.9831447406	80
507501.0472079679	3881222.9831447406	80
507501.0472079679	3881222.9831447406	80
507501.1019830517	3881222.8944718055	80
507501.1019830517	3881222.8944718055	80
507501.1567672892	3881222.794709112	80
507501.2024253946	3881222.7060286566	80
507501.2024253946	3881222.7060286566	80
507501.2572096344	3881222.606265964	80
507501.2572096344	3881222.606265964	80
507501.2572096344	3881222.606265964	80
507501.311993873	3881222.506503272	80
507501.35765198135	3881222.417822816	80
507501.35765198135	3881222.417822816	80
507501.35765198135	3881222.417822816	80
507501.4124362269	3881222.318060124	80
507501.4581034879	3881222.218289911	80
507501.4581034879	3881222.218289911	80
507501.4581034879	3881222.218289911	80
507501.51287858025	3881222.129616978	80
507501.51287858025	3881222.129616978	80
507501.5676628245	3881222.0298542897	80
507501.5676628245	3881222.0298542897	80
507501.6133392418	3881221.918994316	80
507501.659015658	3881221.808134344	80
507501.659015658	3881221.808134344	80
507501.7137999057	3881221.708371655	80
507501.7137999057	3881221.708371655	80
507501.7685933104	3881221.597519208	80
507501.7685933104	3881221.597519208	80
507501.8233867119	3881221.48666676	80
507501.8233867119	3881221.48666676	80
507501.8233867119	3881221.48666676	80
507501.8781801146	3881221.375814312	80
507501.8781801146	3881221.375814312	80
507501.9329643674	3881221.2760516247	80
507501.9329643674	3881221.2760516247	80
507501.9877577774	3881221.165199177	80
507501.9877577774	3881221.165199177	80
507502.0516681663	3881221.054354255	80
507502.0516681663	3881221.054354255	80
507502.1064615744	3881220.9435018087	80
507502.1064615744	3881220.9435018087	80
507502.1703719687	3881220.832656888	80
507502.1703719687	3881220.832656888	80
507502.2251653795	3881220.721804443	80
507502.2251653795	3881220.721804443	80
507502.2890666274	3881220.62204928	80
507502.2890666274	3881220.62204928	80
507502.35297702375	3881220.511204361	80
507502.35297702375	3881220.511204361	80
507502.416887424	3881220.4003594406	80
507502.416887424	3881220.4003594406	80
507502.4807978235	3881220.2895145207	80
507502.4807978235	3881220.2895145207	80
507502.5447082246	3881220.178669601	80
507502.5447082246	3881220.178669601	80
507502.6086186295	3881220.0678246818	80
507502.6086186295	3881220.0678246818	80
507502.68164601934	3881219.956987289	80
507502.68164601934	3881219.956987289	80
507502.7455564251	3881219.846142371	80
507502.7455564251	3881219.846142371	80
507502.80945768487	3881219.746387212	80
507502.80945768487	3881219.746387212	80
507502.8733680937	3881219.635542296	80
507502.8733680937	3881219.635542296	80
507502.9372693516	3881219.535787139	80
507502.9372693516	3881219.535787139	80
507503.00117976585	3881219.424942221	80
507503.00117976585	3881219.424942221	80
507503.0559731953	3881219.314089783	80
507503.0559731953	3881219.314089783	80
507503.1198744598	3881219.214334626	80
507503.1198744598	3881219.214334626	80
507503.1746587416	3881219.114571946	80
507503.1746587416	3881219.114571946	80
507503.2385691593	3881219.003727031	80
507503.2933534436	3881218.903964352	80
507503.2933534436	3881218.903964352	80
507503.2933534436	3881218.903964352	80
507503.3481377267	3881218.804201672	80
507503.3481377267	3881218.804201672	80
507503.4029220111	3881218.704438993	80
507503.4029220111	3881218.704438993	80
507503.466823286	3881218.604683839	80
507503.5216075729	3881218.5049211616	80
507503.5216075729	3881218.5049211616	80
507503.5216075729	3881218.5049211616	80
507503.57640101423	3881218.394068724	80
507503.57640101423	3881218.394068724	80
507503.6403022909	3881218.294313572	80
507503.6403022909	3881218.294313572	80
507503.70421272	3881218.183468661	80
507503.76812315074	3881218.072623751	80
507503.76812315074	3881218.072623751	80
507503.8229166023	3881217.961771317	80
507503.8229166023	3881217.961771317	80
507503.88683618966	3881217.8398366496	80
507503.88683618966	3881217.8398366496	80
507503.88683618966	3881217.8398366496	80
507503.9507466273	3881217.72899174	80
507503.9507466273	3881217.72899174	80
507504.014666218	3881217.607057072	80
507504.014666218	3881217.607057072	80
507504.07857665885	3881217.496212164	80
507504.1424962528	3881217.3742774986	80
507504.1424962528	3881217.3742774986	80
507504.1424962528	3881217.3742774986	80
507504.19728971086	3881217.2634250647	80
507504.19728971086	3881217.2634250647	80
507504.2612093104	3881217.1414904	80
507504.2612093104	3881217.1414904	80
507504.3251197552	3881217.0306454943	80
507504.3251197552	3881217.0306454943	80
507504.3799132152	3881216.9197930633	80
507504.3799132152	3881216.9197930633	80
507504.44382366526	3881216.808948159	80
507504.44382366526	3881216.808948159	80
507504.4986079736	3881216.709185485	80
507504.4986079736	3881216.709185485	80
507504.55340144	3881216.5983330538	80
507504.55340144	3881216.5983330538	80
507504.6081765986	3881216.509660142	80
507504.6081765986	3881216.509660142	80
507504.6538439237	3881216.409889946	80
507504.6538439237	3881216.409889946	80
507504.7086190845	3881216.321217032	80
507504.7086190845	3881216.321217032	80
507504.7634033986	3881216.221454362	80
507504.7634033986	3881216.221454362	80
507504.8090615721	3881216.132773926	80
507504.8090615721	3881216.132773926	80
507504.8638458931	3881216.0330112553	80
507504.8638458931	3881216.0330112553	80
507504.91863021074	3881215.9332485856	80
507504.91863021074	3881215.9332485856	80
507504.98253151705	3881215.833493442	80
507504.98253151705	3881215.833493442	80
507505.0373158372	3881215.7337307744	80
507505.0373158372	3881215.7337307744	80
507505.1012263036	3881215.6228858735	80
507505.1012263036	3881215.6228858735	80
507505.1651276141	3881215.523130732	80
507505.1651276141	3881215.523130732	80
507505.2290380859	3881215.412285833	80
507505.29294855456	3881215.3014409337	80
507505.2290380859	3881215.412285833	80
507505.29294855456	3881215.3014409337	80
507505.3568590272	3881215.190596035	80
507505.420769499	3881215.079751136	80
507505.3568590272	3881215.190596035	80
507505.420769499	3881215.079751136	80
507505.4846799747	3881214.968906239	80
507505.4846799747	3881214.968906239	80
507505.5485904496	3881214.8580613416	80
507505.5485904496	3881214.8580613416	80
507505.61250092834	3881214.747216446	80
507505.61250092834	3881214.747216446	80
507505.6764114064	3881214.636371548	80
507505.6764114064	3881214.636371548	80
507505.7403218906	3881214.525526652	80
507505.7403218906	3881214.525526652	80
507505.8042323717	3881214.414681757	80
507505.8681520128	3881214.292747104	80
507505.8681520128	3881214.292747104	80
507505.8681520128	3881214.292747104	80
507505.93206249713	3881214.181902209	80
507505.93206249713	3881214.181902209	80
507505.9959821392	3881214.059967557	80
507505.9959821392	3881214.059967557	80
507506.0690096184	3881213.949130191	80
507506.0690096184	3881213.949130191	80
507506.1329201099	3881213.838285298	80
507506.1329201099	3881213.838285298	80
507506.1968306007	3881213.727440405	80
507506.26074109296	3881213.616595513	80
507506.26074109296	3881213.616595513	80
507506.26074109296	3881213.616595513	80
507506.3246515914	3881213.5057506217	80
507506.3246515914	3881213.5057506217	80
507506.37944509694	3881213.394898202	80
507506.37944509694	3881213.394898202	80
507506.4433555961	3881213.284053311	80
507506.5072752513	3881213.162118663	80
507506.4433555961	3881213.284053311	80
507506.5072752513	3881213.162118663	80
507506.56205960416	3881213.062356004	80
507506.56205960416	3881213.062356004	80
507506.62597011024	3881212.9515111153	80
507506.6898806132	3881212.840666226	80
507506.6898806132	3881212.840666226	80
507506.6898806132	3881212.840666226	80
507506.7446649723	3881212.740903568	80
507506.8085754782	3881212.63005868	80
507506.7446649723	3881212.740903568	80
507506.8724859856	3881212.519213792	80
507506.8085754782	3881212.63005868	80
507506.8724859856	3881212.519213792	80
507506.927279506	3881212.408361376	80
507506.927279506	3881212.408361376	80
507506.9911900188	3881212.297516491	80
507506.9911900188	3881212.297516491	80
507507.05510053306	3881212.186671604	80
507507.10989405535	3881212.0758191887	80
507507.10989405535	3881212.0758191887	80
507507.10989405535	3881212.0758191887	80
507507.1737954128	3881211.976064063	80
507507.1737954128	3881211.976064063	80
507507.22858894005	3881211.865211649	80
507507.22858894005	3881211.865211649	80
507507.2833733109	3881211.7654489945	80
507507.2833733109	3881211.7654489945	80
507507.3381576807	3881211.66568634	80
507507.3381576807	3881211.66568634	80
507507.3929512096	3881211.5548339286	80
507507.3929512096	3881211.5548339286	80
507507.43861859	3881211.455063744	80
507507.43861859	3881211.455063744	80
507507.49339380994	3881211.3663908495	80
507507.49339380994	3881211.3663908495	80
507507.5481781844	3881211.266628198	80
507507.5481781844	3881211.266628198	80
507507.5938455679	3881211.166858015	80
507507.5938455679	3881211.166858015	80
507507.6486207888	3881211.078185121	80
507507.6486207888	3881211.078185121	80
507507.6942790161	3881210.989504698	80
507507.73993724433	3881210.9008242767	80
507507.73993724433	3881210.9008242767	80
507507.73993724433	3881210.9008242767	80
507507.7855954757	3881210.812143854	80
507507.7855954757	3881210.812143854	80
507507.8403707006	3881210.72347096	80
507507.8860197731	3881210.6458802978	80
507507.8403707006	3881210.72347096	80
507507.8860197731	3881210.6458802978	80
507507.9316780072	3881210.557199877	80
507507.9773270812	3881210.4796092142	80
507507.9773270812	3881210.4796092142	80
507508.03210230765	3881210.3909363225	80
507508.03210230765	3881210.3909363225	80
507508.0868775375	3881210.3022634313	80
507508.03210230765	3881210.3909363225	80
507508.0868775375	3881210.3022634313	80
507508.1416619272	3881210.2025007815	80
507508.1964463157	3881210.102738133	80
507508.1964463157	3881210.102738133	80
507508.2603476989	3881210.0029830136	80
507508.2603476989	3881210.0029830136	80
507508.3242490857	3881209.903227896	80
507508.2603476989	3881210.0029830136	80
507508.3242490857	3881209.903227896	80
507508.3881596307	3881209.792383019	80
507508.3881596307	3881209.792383019	80
507508.4520701819	3881209.681538143	80
507508.4520701819	3881209.681538143	80
507508.51598073	3881209.570693268	80
507508.51598073	3881209.570693268	80
507508.5890174352	3881209.448766163	80
507508.652937146	3881209.326831531	80
507508.5890174352	3881209.448766163	80
507508.652937146	3881209.326831531	80
507508.7168477014	3881209.215986657	80
507508.7898935694	3881209.082969797	80
507508.7898935694	3881209.082969797	80
507508.7898935694	3881209.082969797	80
507508.8538041281	3881208.972124923	80
507508.8538041281	3881208.972124923	80
507508.9268408404	3881208.850197821	80
507508.9998775568	3881208.7282707226	80
507508.9268408404	3881208.850197821	80
507509.0637972805	3881208.606336092	80
507508.9998775568	3881208.7282707226	80
507509.0637972805	3881208.606336092	80
507509.1368339985	3881208.484408992	80
507509.1368339985	3881208.484408992	80
507509.2007537257	3881208.3624743633	80
507509.2007537257	3881208.3624743633	80
507509.2737996077	3881208.229457507	80
507509.2737996077	3881208.229457507	80
507509.33772850106	3881208.09643312	80
507509.33772850106	3881208.09643312	80
507509.4107652291	3881207.974506024	80
507509.4107652291	3881207.974506024	80
507509.4746758008	3881207.863661155	80
507509.4746758008	3881207.863661155	80
507509.54771253257	3881207.741734059	80
507509.54771253257	3881207.741734059	80
507509.6116322682	3881207.619799432	80
507509.6116322682	3881207.619799432	80
507509.6755520079	3881207.497864807	80
507509.6755520079	3881207.497864807	80
507509.7394717469	3881207.375930181	80
507509.80339149	3881207.253995558	80
507509.7394717469	3881207.375930181	80
507509.80339149	3881207.253995558	80
507509.8673112324	3881207.132060934	80
507509.9312218157	3881207.021216069	80
507509.8673112324	3881207.132060934	80
507509.9312218157	3881207.021216069	80
507509.9951324051	3881206.910371203	80
507509.9951324051	3881206.910371203	80
507510.0590429914	3881206.7995263385	80
507510.0590429914	3881206.7995263385	80
507510.11383658496	3881206.6886739433	80
507510.1777471743	3881206.57782908	80
507510.1777471743	3881206.57782908	80
507510.1777471743	3881206.57782908	80
507510.2416669288	3881206.4558944586	80
507510.3055775213	3881206.345049596	80
507510.3055775213	3881206.345049596	80
507510.3055775213	3881206.345049596	80
507510.3694972769	3881206.223114975	80
507510.3694972769	3881206.223114975	80
507510.4334078772	3881206.1122701135	80
507510.4334078772	3881206.1122701135	80
507510.4973276361	3881205.990335494	80
507510.5612473991	3881205.868400874	80
507510.4973276361	3881205.990335494	80
507510.5612473991	3881205.868400874	80
507510.6251579996	3881205.757556015	80
507510.6251579996	3881205.757556015	80
507510.6890869278	3881205.624531638	80
507510.6890869278	3881205.624531638	80
507510.7530066935	3881205.502597021	80
507510.7530066935	3881205.502597021	80
507510.82605262334	3881205.369580178	80
507510.82605262334	3881205.369580178	80
507510.8899723927	3881205.2476455607	80
507510.8899723927	3881205.2476455607	80
507510.9538921684	3881205.125710944	80
507510.9538921684	3881205.125710944	80
507511.0178119412	3881205.003776329	80
507511.081731718	3881204.881841713	80
507511.081731718	3881204.881841713	80
507511.081731718	3881204.881841713	80
507511.1456514943	3881204.7599070985	80
507511.1456514943	3881204.7599070985	80
507511.2004542735	3881204.637964952	80
507511.2004542735	3881204.637964952	80
507511.2643740553	3881204.5160303367	80
507511.2643740553	3881204.5160303367	80
507511.3191768399	3881204.394088191	80
507511.3191768399	3881204.394088191	80
507511.383096625	3881204.272153578	80
507511.383096625	3881204.272153578	80
507511.4378902476	3881204.161301192	80
507511.5018100336	3881204.0393665778	80
507511.5018100336	3881204.0393665778	80
507511.5018100336	3881204.0393665778	80
507511.5566036613	3881203.928514192	80
507511.5566036613	3881203.928514192	80
507511.6114064533	3881203.806572049	80
507511.66620008135	3881203.695719663	80
507511.66620008135	3881203.695719663	80
507511.730119876	3881203.5737850512	80
507511.730119876	3881203.5737850512	80
507511.7849135069	3881203.462932666	80
507511.7849135069	3881203.462932666	80
507511.8397071392	3881203.352080282	80
507511.7849135069	3881203.462932666	80
507511.8397071392	3881203.352080282	80
507511.8945007752	3881203.241227898	80
507511.8945007752	3881203.241227898	80
507511.9492944124	3881203.130375513	80
507511.9492944124	3881203.130375513	80
507512.0040880487	3881203.01952313	80
507512.0040880487	3881203.01952313	80
507512.0497646881	3881202.9086632137	80
507512.0497646881	3881202.9086632137	80
507512.1045583269	3881202.797810831	80
507512.1593428034	3881202.698048206	80
507512.1045583269	3881202.797810831	80
507512.20501944405	3881202.587188291	80
507512.20501944405	3881202.587188291	80
507512.20501944405	3881202.587188291	80
507512.2598130913	3881202.476335908	80
507512.2598130913	3881202.476335908	80
507512.3054805704	3881202.376565752	80
507512.3054805704	3881202.376565752	80
507512.3511480529	3881202.276795596	80
507512.3511480529	3881202.276795596	80
507512.396815534	3881202.17702544	80
507512.396815534	3881202.17702544	80
507512.4424830161	3881202.077255284	80
507512.4424830161	3881202.077255284	80
507512.4881505016	3881201.977485128	80
507512.5338179857	3881201.877714973	80
507512.4881505016	3881201.977485128	80
507512.5338179857	3881201.877714973	80
507512.5794854708	3881201.7779448167	80
507512.5794854708	3881201.7779448167	80
507512.63426996086	3881201.6781821945	80
507512.6799374481	3881201.578412041	80
507512.6799374481	3881201.578412041	80
507512.6799374481	3881201.578412041	80
507512.7347311049	3881201.467559661	80
507512.7347311049	3881201.467559661	80
507512.789524763	3881201.356707283	80
507512.789524763	3881201.356707283	80
507512.84431842016	3881201.245854905	80
507512.84431842016	3881201.245854905	80
507512.9082382478	3881201.123920303	80
507512.9082382478	3881201.123920303	80
507512.9630410724	3881201.001978168	80
507512.9630410724	3881201.001978168	80
507513.026960901	3881200.8800435658	80
507513.026960901	3881200.8800435658	80
507513.0908807336	3881200.7581089656	80
507513.0908807336	3881200.7581089656	80
507513.1547914031	3881200.647264124	80
507513.1547914031	3881200.647264124	80
507513.2187112391	3881200.525329524	80
507513.2187112391	3881200.525329524	80
507513.2735140714	3881200.403387389	80
507513.3374247433	3881200.29254255	80
507513.2735140714	3881200.403387389	80
507513.4013445841	3881200.170607952	80
507513.4013445841	3881200.170607952	80
507513.4013445841	3881200.170607952	80
507513.4652644245	3881200.0486733527	80
507513.4652644245	3881200.0486733527	80
507513.5291751034	3881199.937828515	80
507513.5930949494	3881199.8158939183	80
507513.5291751034	3881199.937828515	80
507513.5930949494	3881199.8158939183	80
507513.657014797	3881199.693959322	80
507513.657014797	3881199.693959322	80
507513.7209254785	3881199.583114484	80
507513.7209254785	3881199.583114484	80
507513.78484532953	3881199.461179889	80
507513.78484532953	3881199.461179889	80
507513.8487560142	3881199.3503350513	80
507513.8487560142	3881199.3503350513	80
507513.91267586855	3881199.228400457	80
507513.91267586855	3881199.228400457	80
507513.9765865564	3881199.117555621	80
507513.9765865564	3881199.117555621	80
507514.0313894097	3881198.995613493	80
507514.0313894097	3881198.995613493	80
507514.095309269	3881198.8736788994	80
507514.095309269	3881198.8736788994	80
507514.1592199615	3881198.762834065	80
507514.2140228171	3881198.6408919375	80
507514.2140228171	3881198.6408919375	80
507514.2140228171	3881198.6408919375	80
507514.277933515	3881198.530047104	80
507514.277933515	3881198.530047104	80
507514.3418533786	3881198.408112512	80
507514.3418533786	3881198.408112512	80
507514.4148810848	3881198.297275216	80
507514.4148810848	3881198.297275216	80
507514.4788101183	3881198.164250867	80
507514.4788101183	3881198.164250867	80
507514.54272999166	3881198.042316276	80
507514.54272999166	3881198.042316276	80
507514.6066498622	3881197.920381688	80
507514.6066498622	3881197.920381688	80
507514.6705789034	3881197.787357341	80
507514.74361578544	3881197.665430288	80
507514.6705789034	3881197.787357341	80
507514.74361578544	3881197.665430288	80
507514.8166526671	3881197.543503236	80
507514.8166526671	3881197.543503236	80
507514.88969872	3881197.410486427	80
507514.88969872	3881197.410486427	80
507514.9627447751	3881197.277469618	80
507514.9627447751	3881197.277469618	80
507515.0357908299	3881197.14445281	80
507515.0357908299	3881197.14445281	80
507515.1088460565	3881197.000346244	80
507515.1088460565	3881197.000346244	80
507515.19100912457	3881196.8673369735	80
507515.19100912457	3881196.8673369735	80
507515.26405518607	3881196.734320166	80
507515.26405518607	3881196.734320166	80
507515.3462182588	3881196.6013108985	80
507515.3462182588	3881196.6013108985	80
507515.419264327	3881196.468294093	80
507515.5014274044	3881196.335284825	80
507515.419264327	3881196.468294093	80
507515.5014274044	3881196.335284825	80
507515.57447347697	3881196.2022680216	80
507515.57447347697	3881196.2022680216	80
507515.6475195494	3881196.0692512193	80
507515.6475195494	3881196.0692512193	80
507515.7114486188	3881195.93622688	80
507515.7114486188	3881195.93622688	80
507515.7844855273	3881195.8142998335	80
507515.7844855273	3881195.8142998335	80
507515.85752244	3881195.692372792	80
507515.85752244	3881195.692372792	80
507515.930568523	3881195.559355991	80
507515.9944884295	3881195.437421412	80
507515.9944884295	3881195.437421412	80
507515.9944884295	3881195.437421412	80
507516.05840834	3881195.3154868335	80
507516.05840834	3881195.3154868335	80
507516.1223374184	3881195.182462496	80
507516.1223374184	3881195.182462496	80
507516.1862481638	3881195.071617678	80
507516.1862481638	3881195.071617678	80
507516.2410602396	3881194.938585804	80
507516.2410602396	3881194.938585804	80
507516.2958539773	3881194.827733448	80
507516.2958539773	3881194.827733448	80
507516.35065688513	3881194.705791333	80
507516.35065688513	3881194.705791333	80
507516.4054506279	3881194.594938978	80
507516.4054506279	3881194.594938978	80
507516.460244372	3881194.4840866216	80
507516.5059119371	3881194.384316487	80
507516.460244372	3881194.4840866216	80
507516.5607056813	3881194.273464133	80
507516.5059119371	3881194.384316487	80
507516.5607056813	3881194.273464133	80
507516.6154994269	3881194.1626117774	80
507516.6154994269	3881194.1626117774	80
507516.6611669977	3881194.062841644	80
507516.6611669977	3881194.062841644	80
507516.71595157887	3881193.963079049	80
507516.7616191494	3881193.8633089145	80
507516.7616191494	3881193.8633089145	80
507516.7616191494	3881193.8633089145	80
507516.807277554	3881193.774628541	80
507516.807277554	3881193.774628541	80
507516.852935957	3881193.685948165	80
507516.852935957	3881193.685948165	80
507516.8986035328	3881193.586178033	80
507516.8986035328	3881193.586178033	80
507516.9533789476	3881193.4975051978	80
507516.9533789476	3881193.4975051978	80
507516.9990465231	3881193.397735065	80
507516.9990465231	3881193.397735065	80
507517.05382194	3881193.3090622295	80
507517.05382194	3881193.3090622295	80
507517.0994895199	3881193.209292098	80
507517.0994895199	3881193.209292098	80
507517.1542649412	3881193.120619263	80
507517.1542649412	3881193.120619263	80
507517.199923351	3881193.0319388914	80
507517.199923351	3881193.0319388914	80
507517.2547079443	3881192.932176299	80
507517.3094925365	3881192.8324137065	80
507517.2547079443	3881192.932176299	80
507517.3642771298	3881192.732651115	80
507517.3094925365	3881192.8324137065	80
507517.3642771298	3881192.732651115	80
507517.4190617267	3881192.6328885234	80
507517.4190617267	3881192.6328885234	80
507517.4738554949	3881192.5220361752	80
507517.4738554949	3881192.5220361752	80
507517.528640092	3881192.4222735846	80
507517.5834246902	3881192.322510994	40
507517.5834246902	3881192.322510994	40
507517.5834246902	3881192.322510994	40
507517.6290831128	3881192.233830624	40
507517.6290831128	3881192.233830624	40
507517.6838677132	3881192.134068034	40
507517.6838677132	3881192.134068034	40
507517.729526133	3881192.045387664	40
507517.729526133	3881192.045387664	40
507517.77518455614	3881191.956707295	40
507517.77518455614	3881191.956707295	40
507517.8208338072	3881191.8791166833	40
507517.8208338072	3881191.8791166833	40
507517.8664922297	3881191.790436314	40
507517.8664922297	3881191.790436314	40
507517.90303364367	3881191.701748404	40
507517.90303364367	3881191.701748404	40
507517.9395567146	3881191.635240013	40
507517.9395567146	3881191.635240013	40
507517.9852059711	3881191.5576494033	40
507518.021738214	3881191.4800512535	40
507518.021738214	3881191.4800512535	40
507518.0582704576	3881191.402453104	40
507518.021738214	3881191.4800512535	40
507518.1039197138	3881191.324862494	40
507518.1039197138	3881191.324862494	40
507518.1039197138	3881191.324862494	40
507518.1495689709	3881191.2472718847	40
507518.1495689709	3881191.2472718847	40
507518.195218231	3881191.169681274	40
507518.195218231	3881191.169681274	40
507518.24087666295	3881191.081000908	40
507518.29565210827	3881190.992328079	40
507518.29565210827	3881190.992328079	40
507518.29565210827	3881190.992328079	40
507518.3504367235	3881190.892565493	40
507518.3504367235	3881190.892565493	40
507518.40521216864	3881190.803892668	40
507518.4599967885	3881190.7041300815	40
507518.4599967885	3881190.7041300815	40
507518.4599967885	3881190.7041300815	40
507518.5239075915	3881190.59328528	40
507518.5239075915	3881190.59328528	40
507518.5786922139	3881190.493522696	40
507518.64260302216	3881190.3826778936	40
507518.64260302216	3881190.3826778936	40
507518.64260302216	3881190.3826778936	40
507518.7065138296	3881190.271833093	40
507518.7065138296	3881190.271833093	40
507518.7704246409	3881190.160988292	40
507518.8252184381	3881190.050135952	40
507518.8252184381	3881190.050135952	40
507518.8252184381	3881190.050135952	40
507518.8891384219	3881189.9282013937	40
507518.8891384219	3881189.9282013937	40
507518.9621754234	3881189.8062743777	40
507518.9621754234	3881189.8062743777	40
507519.03521242685	3881189.68434736	40
507519.0991415905	3881189.551323045	40
507519.0991415905	3881189.551323045	40
507519.0991415905	3881189.551323045	40
507519.1721785978	3881189.4293960286	40
507519.24522477936	3881189.296379257	40
507519.24522477936	3881189.296379257	40
507519.3273879726	3881189.163370024	40
507519.3273879726	3881189.163370024	40
507519.40043415857	3881189.0303532537	40
507519.40043415857	3881189.0303532537	40
507519.40043415857	3881189.0303532537	40
507519.4734803466	3881188.8973364825	40
507519.4734803466	3881188.8973364825	40
507519.5556435515	3881188.7643272527	40
507519.5556435515	3881188.7643272527	40
507519.6378067564	3881188.631318024	40
507519.7108529512	3881188.498301255	40
507519.7108529512	3881188.498301255	40
507519.7108529512	3881188.498301255	40
507519.7930161631	3881188.365292027	40
507519.8751885505	3881188.2211930417	40
507519.8751885505	3881188.2211930417	40
507519.9482255788	3881188.0992660346	40
507519.9482255788	3881188.0992660346	40
507520.03038879554	3881187.966256808	40
507520.03038879554	3881187.966256808	40
507520.03038879554	3881187.966256808	40
507520.1125428436	3881187.844337341	40
507520.19470606727	3881187.7113281176	40
507520.1125428436	3881187.844337341	40
507520.19470606727	3881187.7113281176	40
507520.27686929103	3881187.5783188953	40
507520.27686929103	3881187.5783188953	40
507520.3590325195	3881187.445309673	40
507520.3590325195	3881187.445309673	40
507520.43207873433	3881187.3122929097	40
507520.43207873433	3881187.3122929097	40
507520.51424196747	3881187.1792836897	40
507520.51424196747	3881187.1792836897	40
507520.5963960268	3881187.057364228	40
507520.5963960268	3881187.057364228	40
507520.6785500906	3881186.935444766	40
507520.6785500906	3881186.935444766	40
507520.7607133308	3881186.802435548	40
507520.8428765733	3881186.6694263294	40
507520.8428765733	3881186.6694263294	40
507520.8428765733	3881186.6694263294	40
507520.9250398183	3881186.5364171136	40
507520.9250398183	3881186.5364171136	40
507521.0071938912	3881186.414497656	40
507521.0071938912	3881186.414497656	40
507521.08935713855	3881186.28148844	40
507521.08935713855	3881186.28148844	40
507521.1715203906	3881186.148479226	40
507521.1715203906	3881186.148479226	40
507521.2536928175	3881186.004380254	40
507521.2536928175	3881186.004380254	40
507521.3358560744	3881185.871371041	40
507521.3358560744	3881185.871371041	40
507521.4180193338	3881185.738361829	40
507521.5093087884	3881185.5942704026	40
507521.4180193338	3881185.738361829	40
507521.5093087884	3881185.5942704026	40
507521.5914720528	3881185.461261192	40
507521.67364449246	3881185.317162224	40
507521.5914720528	3881185.461261192	40
507521.67364449246	3881185.317162224	40
507521.7649339553	3881185.173070799	40
507521.7649339553	3881185.173070799	40
507521.8562234211	3881185.028979376	40
507521.8562234211	3881185.028979376	40
507521.9292696771	3881184.895962625	40
507522.0023159353	3881184.762945876	40
507521.9292696771	3881184.895962625	40
507522.0023159353	3881184.762945876	40
507522.0844883877	3881184.618846912	40
507522.0844883877	3881184.618846912	40
507522.1575438262	3881184.4747404046	40
507522.1575438262	3881184.4747404046	40
507522.2305900911	3881184.3417236567	40
507522.29452851246	3881184.197609607	40
507522.2305900911	3881184.3417236567	40
507522.29452851246	3881184.197609607	40
507522.3584669383	3881184.053495559	40
507522.3584669383	3881184.053495559	40
507522.4223961876	3881183.920471268	40
507522.4223961876	3881183.920471268	40
507522.4863254411	3881183.787446979	40
507522.4863254411	3881183.787446979	40
507522.5411376767	3881183.6544151446	40
507522.5411376767	3881183.6544151446	40
507522.5959499116	3881183.521383312	40
507522.5959499116	3881183.521383312	40
507522.6507529717	3881183.3994412376	40
507522.6507529717	3881183.3994412376	40
507522.69644818944	3881183.266401862	40
507522.69644818944	3881183.266401862	40
507522.7512604336	3881183.133370029	40
507522.7969464776	3881183.011420411	40
507522.7969464776	3881183.011420411	40
507522.7969464776	3881183.011420411	40
507522.8426417018	3881182.878381036	40
507522.8426417018	3881182.878381036	40
507522.88832774834	3881182.7564314185	40
507522.88832774834	3881182.7564314185	40
507522.92490595207	3881182.623384499	40
507522.92490595207	3881182.623384499	40
507522.9706011801	3881182.4903451246	40
507523.0071793861	3881182.3572982056	40
507523.0071793861	3881182.3572982056	40
507523.0071793861	3881182.3572982056	40
507523.0437575931	3881182.224251286	40
507523.0437575931	3881182.224251286	40
507523.0803449781	3881182.080114609	40
507523.0803449781	3881182.080114609	40
507523.10781534505	3881181.935970388	40
507523.10781534505	3881181.935970388	40
507523.1444210863	3881181.7696541953	40
507523.1444210863	3881181.7696541953	40
507523.17189145286	3881181.625509975	40
507523.17189145286	3881181.625509975	40
507523.19937099976	3881181.470275998	40
507523.19937099976	3881181.470275998	40
507523.2268505452	3881181.31504202	40
507523.2452130693	3881181.159800495	40
507523.2452130693	3881181.159800495	40
507523.2452130693	3881181.159800495	40
507523.26358477125	3881180.993469215	40
507523.26358477125	3881180.993469215	40
507523.2819564761	3881180.827137933	40
507523.2819564761	3881180.827137933	40
507523.2912111542	3881180.660799108	40
507523.2912111542	3881180.660799108	40
507523.30046583497	3881180.494460282	40
507523.30046583497	3881180.494460282	40
507523.3097113389	3881180.339211215	40
507523.30983064254	3881180.1950443615	40
507523.3097113389	3881180.339211215	40
507523.30994994624	3881180.050877507	40
507523.30994994624	3881180.050877507	40
507523.30994994624	3881180.050877507	40
507523.31006924994	3881179.9067106536	40
507523.31006924994	3881179.9067106536	40
507523.3010623528	3881179.773626013	40
507523.3010623528	3881179.773626013	40
507523.2920554553	3881179.6405413714	40
507523.2920554553	3881179.6405413714	40
507523.2921564044	3881179.5185540337	40
507523.2921564044	3881179.5185540337	40
507523.2740233076	3881179.396551608	40
507523.2740233076	3881179.396551608	40
507523.2649888756	3881179.296736241	40
507523.2649888756	3881179.296736241	40
507523.2559544457	3881179.196920874	40
507523.2559544457	3881179.196920874	40
507523.2378029912	3881179.097097962	40
507523.2378029912	3881179.097097962	40
507523.2287685608	3881178.997282596	40
507523.201490904	3881178.908541897	40
507523.2287685608	3881178.997282596	40
507523.201490904	3881178.908541897	40
507523.1833302713	3881178.819808745	40
507523.1833302713	3881178.819808745	40
507523.165169636	3881178.731075592	40
507523.14700900257	3881178.64234244	40
507523.165169636	3881178.731075592	40
507523.14700900257	3881178.64234244	40
507523.1288391918	3881178.564699045	40
507523.1288391918	3881178.564699045	40
507523.1106785577	3881178.475965892	40
507523.1106785577	3881178.475965892	40
507523.083391719	3881178.398314953	40
507523.083391719	3881178.398314953	40
507523.0561048844	3881178.3206640137	40
507523.0561048844	3881178.3206640137	40
507523.0379350699	3881178.243020619	40
507523.0379350699	3881178.243020619	40
507523.01064823207	3881178.16536968	40
507523.01064823207	3881178.16536968	40
507522.9924692424	3881178.0988160414	40
507522.9924692424	3881178.0988160414	40
507522.9651824038	3881178.021165103	40
507522.9469942344	3881177.965701226	40
507522.9651824038	3881178.021165103	40
507522.919698216	3881177.899140045	40
507522.9469942344	3881177.965701226	40
507522.919698216	3881177.899140045	40
507522.9015192274	3881177.832586408	40
507522.8742232082	3881177.766025229	40
507522.8742232082	3881177.766025229	40
507522.8742232082	3881177.766025229	40
507522.8560533934	3881177.688381833	40
507522.8560533934	3881177.688381833	30
507522.8196495265	3881177.610723352	30
507522.8196495265	3881177.610723352	30
507522.79236268497	3881177.533072413	30
507522.79236268497	3881177.533072413	30
507522.7559679935	3881177.444324172	30
507522.7559679935	3881177.444324172	30
507522.7104654493	3881177.344478632	30
507522.7104654493	3881177.344478632	30
507522.6649629065	3881177.244633088	30
507522.6649629065	3881177.244633088	30
507522.619469539	3881177.133697789	30
507522.619469539	3881177.133697789	30
507522.5557512891	3881177.011657644	30
507522.5557512891	3881177.011657644	30
507522.501159245	3881176.878535285	30
507522.4374409941	3881176.756495141	30
507522.4374409941	3881176.756495141	30
507522.4374409941	3881176.756495141	30
507522.364614893	3881176.623357696	30
507522.364614893	3881176.623357696	30
507522.29178878746	3881176.4902202506	30
507522.29178878746	3881176.4902202506	30
507522.218953504	3881176.368172564	30
507522.218953504	3881176.368172564	30
507522.14612739655	3881176.235035119	30
507522.14612739655	3881176.235035119	30
507522.073292109	3881176.1129874345	30
507522.073292109	3881176.1129874345	30
507522.0004568195	3881175.990939751	30
507522.0004568195	3881175.990939751	30
507521.9367293824	3881175.879989366	30
507521.9367293824	3881175.879989366	30
507521.8638940892	3881175.7579416847	30
507521.8638940892	3881175.7579416847	30
507521.8001666488	3881175.6469913023	30
507521.8001666488	3881175.6469913023	30
507521.72731300135	3881175.547123136	30
507521.72731300135	3881175.547123136	30
507521.6635855578	3881175.436172755	30
507521.6635855578	3881175.436172755	30
507521.6089659611	3881175.336319676	30
507521.6089659611	3881175.336319676	30
507521.5452293396	3881175.2364590536	30
507521.5452293396	3881175.2364590536	30
507521.4814835394	3881175.147688192	30
507521.4814835394	3881175.147688192	30
507521.4268547687	3881175.05892487	30
507521.4268547687	3881175.05892487	30
507521.3722259969	3881174.970161551	30
507521.3722259969	3881174.970161551	30
507521.3084710207	3881174.892480448	30
507521.3084710207	3881174.892480448	30
507521.19008726376	3881174.7260360233	30
507521.19008726376	3881174.7260360233	30
507521.1354401386	3881174.65945222	30
507521.1354401386	3881174.65945222	30
507521.0716759815	3881174.592860876	30
507521.0716759815	3881174.592860876	30
507521.0170288546	3881174.5262770746	30
507521.0170288546	3881174.5262770746	30
507520.9623817246	3881174.459693272	30
507520.9077345938	3881174.393109471	30
507520.9077345938	3881174.393109471	30
507520.9077345938	3881174.393109471	30
507520.8439704354	3881174.326518128	30
507520.8439704354	3881174.326518128	30
507520.7893324794	3881174.24884457	30
507520.7346853438	3881174.1822607694	30
507520.7346853438	3881174.1822607694	30
507520.67092118267	3881174.115669427	30
507520.67092118267	3881174.115669427	30
507520.6162832239	3881174.037995869	30
507520.67092118267	3881174.115669427	30
507520.6162832239	3881174.037995869	30
507520.5525282324	3881173.960314771	30
507520.5525282324	3881173.960314771	30
507520.4887732421	3881173.8826336735	30
507520.4887732421	3881173.8826336735	30
507520.4250182485	3881173.804952575	30
507520.4250182485	3881173.804952575	30
507520.361263256	3881173.7272714777	30
507520.361263256	3881173.7272714777	30
507520.2975082577	3881173.649590381	30
507520.2246362333	3881173.571901741	30
507520.2246362333	3881173.571901741	30
507520.1608812351	3881173.494220646	30
507520.1608812351	3881173.494220646	30
507520.09712623816	3881173.416539551	30
507520.1608812351	3881173.494220646	30
507520.03337123786	3881173.338858456	30
507520.09712623816	3881173.416539551	30
507520.03337123786	3881173.338858456	30
507519.9604992086	3881173.261169819	30
507519.9604992086	3881173.261169819	30
507519.90585206327	3881173.194586024	30
507519.90585206327	3881173.194586024	30
507519.8420970621	3881173.1169049297	30
507519.8420970621	3881173.1169049297	30
507519.78744991496	3881173.050321136	30
507519.7236857367	3881172.9837298007	30
507519.78744991496	3881173.050321136	30
507519.7236857367	3881172.9837298007	30
507519.6052744101	3881172.850554673	30
507519.6052744101	3881172.850554673	30
507519.54150105873	3881172.795053097	30
507519.54150105873	3881172.795053097	30
507519.4959617657	3881172.739566603	30
507519.4959617657	3881172.739566603	30
507519.4413146162	3881172.6729828105	30
507519.4413146162	3881172.6729828105	30
507519.3775412602	3881172.617481237	30
507519.3775412602	3881172.617481237	30
507519.32289410906	3881172.5508974446	30
507519.32289410906	3881172.5508974446	30
507519.2682377825	3881172.495403411	30
507519.2682377825	3881172.495403411	30
507519.20446442434	3881172.439901837	30
507519.20446442434	3881172.439901837	30
507519.14070023975	3881172.3733105054	30
507519.14070023975	3881172.3733105054	30
507519.0860530854	3881172.306726716	30
507519.0860530854	3881172.306726716	30
507519.0222888967	3881172.2401353866	30
507519.0222888967	3881172.2401353866	30
507518.9585247093	3881172.1735440567	30
507518.9585247093	3881172.1735440567	30
507518.8856526592	3881172.095855429	30
507518.8856526592	3881172.095855429	30
507518.8218884652	3881172.029264101	30
507518.8218884652	3881172.029264101	30
507518.74901641737	3881171.951575475	30
507518.74901641737	3881171.951575475	30
507518.6852522214	3881171.8849841454	30
507518.6852522214	3881171.8849841454	30
507518.62148802914	3881171.81839282	30
507518.62148802914	3881171.81839282	30
507518.5486068018	3881171.751793952	30
507518.4757255759	3881171.685195087	30
507518.5486068018	3881171.751793952	30
507518.4757255759	3881171.685195087	30
507518.4028535177	3881171.607506464	30
507518.4028535177	3881171.607506464	30
507518.3299722871	3881171.540907599	30
507518.3299722871	3881171.540907599	30
507518.24798319454	3881171.463211437	30
507518.24798319454	3881171.463211437	30
507518.1659757587	3881171.407694791	30
507518.1659757587	3881171.407694791	30
507518.07486046286	3881171.34108085	30
507518.07486046286	3881171.34108085	30
507517.9837451634	3881171.274466909	30
507517.9837451634	3881171.274466909	30
507517.8926390332	3881171.1967632105	30
507517.8926390332	3881171.1967632105	30
507517.7924067009	3881171.1301417327	30
507517.7924067009	3881171.1301417327	30
507517.6921835352	3881171.052430499	30
507517.6921835352	3881171.052430499	30
507517.58284333296	3881170.974711725	30
507517.58284333296	3881170.974711725	30
507517.4734939634	3881170.908082712	30
507517.3641445876	3881170.8414536994	30
507517.3641445876	3881170.8414536994	30
507517.3641445876	3881170.8414536994	30
507517.2639122476	3881170.7748322273	30
507517.2639122476	3881170.7748322273	30
507517.1636799014	3881170.708210755	30
507517.1636799014	3881170.708210755	30
507517.06343838887	3881170.652679044	30
507517.06343838887	3881170.652679044	30
507516.9631968728	3881170.597147331	30
507516.8720815577	3881170.530533402	30
507516.9631968728	3881170.597147331	30
507516.8720815577	3881170.530533402	30
507516.7809479029	3881170.486098989	30
507516.7809479029	3881170.486098989	30
507516.69894045166	3881170.4305823576	30
507516.69894045166	3881170.4305823576	30
507516.616923828	3881170.386155484	30
507516.616923828	3881170.386155484	30
507516.5440150679	3881170.3528259066	30
507516.5440150679	3881170.3528259066	30
507516.4711154783	3881170.308406573	30
507516.4711154783	3881170.308406573	30
507516.3982067169	3881170.275076998	30
507516.3982067169	3881170.275076998	30
507516.334414986	3881170.2417549593	30
507516.334414986	3881170.2417549593	30
507516.2706232592	3881170.208432922	30
507516.2068315319	3881170.175110887	30
507516.2068315319	3881170.175110887	30
507516.2068315319	3881170.175110887	30
507516.1521660036	3881170.130706629	30
507516.1521660036	3881170.130706629	30
507516.08837427536	3881170.0973845934	30
507516.03369958006	3881170.0640700953	30
507516.03369958006	3881170.0640700953	30
507516.03369958006	3881170.0640700953	30
507515.9698986781	3881170.041837819	30
507515.9698986781	3881170.041837819	30
507515.9061161167	3881169.9974260256	30
507515.9061161167	3881169.9974260256	30
507515.84232438426	3881169.964103992	30
507515.84232438426	3881169.964103992	30
507515.7694156202	3881169.930774421	30
507515.7694156202	3881169.930774421	30
507515.7056238868	3881169.897452389	30
507515.7056238868	3881169.897452389	30
507515.6327242872	3881169.853033061	30
507515.5689325551	3881169.8197110295	30
507515.6327242872	3881169.853033061	30
507515.49602378655	3881169.78638146	30
507515.49602378655	3881169.78638146	30
507515.4231150197	3881169.753051893	30
507515.4231150197	3881169.753051893	30
507515.3502154176	3881169.708632568	30
507515.4231150197	3881169.753051893	30
507515.3502154176	3881169.708632568	30
507515.26818961353	3881169.675295465	30
507515.26818961353	3881169.675295465	30
507515.19529001	3881169.630876141	30
507515.19529001	3881169.630876141	30
507515.1132733719	3881169.58644928	30
507515.1132733719	3881169.58644928	30
507515.03125673527	3881169.542022422	30
507515.03125673527	3881169.542022422	30
507514.9401230639	3881169.497588028	30
507514.9401230639	3881169.497588028	30
507514.848989387	3881169.4531536326	30
507514.848989387	3881169.4531536326	30
507514.7578648782	3881169.397629482	30
507514.7578648782	3881169.397629482	30
507514.65761416766	3881169.353187555	30
507514.5482555907	3881169.2976483353	30
507514.65761416766	3881169.353187555	30
507514.4480048757	3881169.2532064095	30
507514.4480048757	3881169.2532064095	30
507514.4480048757	3881169.2532064095	30
507514.34776333056	3881169.197674726	30
507514.34776333056	3881169.197674726	30
507514.2475217819	3881169.142143046	30
507514.2475217819	3881169.142143046	30
507514.13815402926	3881169.0976935895	30
507514.047029515	3881169.0421694447	30
507514.13815402926	3881169.0976935895	30
507514.047029515	3881169.0421694447	30
507513.9376617625	3881168.9977199896	30
507513.9376617625	3881168.9977199896	30
507513.83742020914	3881168.9421883128	30
507513.83742020914	3881168.9421883128	30
507513.74629568914	3881168.8866641736	30
507513.74629568914	3881168.8866641736	30
507513.6369370988	3881168.831124964	30
507513.6369370988	3881168.831124964	30
507513.5366955417	3881168.775593291	30
507513.5366955417	3881168.775593291	30
507513.4273461138	3881168.708964326	30
507513.3179875193	3881168.65342512	30
507513.4273461138	3881168.708964326	30
507513.3179875193	3881168.65342512	30
507513.20862892346	3881168.597885917	30
507513.20862892346	3881168.597885917	30
507513.0901624561	3881168.531249421	30
507513.0901624561	3881168.531249421	30
507512.9716868201	3881168.475702685	30
507512.9716868201	3881168.475702685	30
507512.8441033144	3881168.409058659	30
507512.8441033144	3881168.409058659	30
507512.7256460085	3881168.331332412	30
507512.7256460085	3881168.331332412	30
507512.5980624989	3881168.264688389	30
507512.5980624989	3881168.264688389	30
507512.4704789851	3881168.198044369	30
507512.4704789851	3881168.198044369	30
507512.3520125072	3881168.1314078826	30
507512.3520125072	3881168.1314078826	30
507512.224428992	3881168.0647638654	30
507512.224428992	3881168.0647638654	30
507512.1059625105	3881167.998127384	30
507511.98749602726	3881167.9314909023	30
507512.1059625105	3881167.998127384	30
507511.8690295399	3881167.864854424	30
507511.98749602726	3881167.9314909023	30
507511.8690295399	3881167.864854424	30
507511.7505630533	3881167.798217945	30
507511.7505630533	3881167.798217945	30
507511.622979529	3881167.7315739375	30
507511.622979529	3881167.7315739375	30
507511.5045130388	3881167.664937463	30
507511.5045130388	3881167.664937463	30
507511.3769203483	3881167.6093832143	30
507511.3769203483	3881167.6093832143	30
507511.2493368188	3881167.542739211	30
507511.2493368188	3881167.542739211	30
507511.13087032334	3881167.4761027424	30
507510.9941697517	3881167.409451209	30
507510.9941697517	3881167.409451209	30
507510.9941697517	3881167.409451209	30
507510.86658621655	3881167.342807211	30
507510.86658621655	3881167.342807211	30
507510.7298856433	3881167.276155682	30
507510.7298856433	3881167.276155682	30
507510.5931942297	3881167.1984143984	30
507510.5931942297	3881167.1984143984	30
507510.4565028138	3881167.120673116	30
507510.4565028138	3881167.120673116	30
507510.31980223424	3881167.054021594	30
507510.31980223424	3881167.054021594	80
507510.192227848	3881166.976287848	80
507510.0555272643	3881166.909636328	80
507510.0555272643	3881166.909636328	80
507510.0555272643	3881166.909636328	80
507509.9188266763	3881166.842984812	80
507509.9188266763	3881166.842984812	80
507509.79125228606	3881166.765251071	80
507509.79125228606	3881166.765251071	80
507509.66366873536	3881166.6986070895	80
507509.66366873536	3881166.6986070895	80
507509.5360943385	3881166.620873353	80
507509.4176278185	3881166.554236905	80
507509.4176278185	3881166.554236905	80
507509.4176278185	3881166.554236905	80
507509.2991612968	3881166.4876004593	80
507509.1806856112	3881166.432053775	80
507509.1806856112	3881166.432053775	80
507509.1806856112	3881166.432053775	80
507509.0713361255	3881166.365424863	80
507508.9528604368	3881166.30987818	80
507508.9528604368	3881166.30987818	80
507508.9528604368	3881166.30987818	80
507508.85261882574	3881166.254346558	80
507508.7432693309	3881166.187717651	80
507508.7432693309	3881166.187717651	80
507508.6430277149	3881166.132186031	80
507508.6430277149	3881166.132186031	80
507508.6430277149	3881166.132186031	80
507508.53366906266	3881166.076646884	80
507508.4334274418	3881166.021115267	80
507508.4334274418	3881166.021115267	80
507508.4334274418	3881166.021115267	80
507508.3331858244	3881165.965583652	80
507508.22383632464	3881165.898954751	80
507508.22383632464	3881165.898954751	80
507508.1235947023	3881165.843423137	80
507508.1235947023	3881165.843423137	80
507508.1235947023	3881165.843423137	80
507508.0142451996	3881165.776794238	80
507508.0142451996	3881165.776794238	80
507507.8957786574	3881165.710157811	80
507507.8957786574	3881165.710157811	80
507507.7773212695	3881165.632431628	80
507507.6497468439	3881165.554697917	80
507507.7773212695	3881165.632431628	80
507507.5130462203	3881165.4880464366	80
507507.6497468439	3881165.554697917	80
507507.5130462203	3881165.4880464366	80
507507.3763547524	3881165.410305202	80
507507.3763547524	3881165.410305202	80
507507.2396724397	3881165.3214742094	80
507507.0938639288	3881165.24372545	80
507507.0938639288	3881165.24372545	80
507507.0938639288	3881165.24372545	80
507506.9480645702	3881165.154886936	80
507506.9480645702	3881165.154886936	80
507506.7931481727	3881165.066040894	80
507506.7931481727	3881165.066040894	80
507506.6473396515	3881164.988292143	80
507506.6473396515	3881164.988292143	80
507506.5015402868	3881164.8994536335	80
507506.5015402868	3881164.8994536335	80
507506.3557409192	3881164.810615128	80
507506.3557409192	3881164.810615128	80
507506.2190494313	3881164.7328739096	80
507506.2190494313	3881164.7328739096	80
507506.0732408999	3881164.655125165	80
507506.0732408999	3881164.655125165	80
507505.93654024886	3881164.58847371	80
507505.93654024886	3881164.58847371	80
507505.799848754	3881164.510732499	80
507505.6631572568	3881164.4329912905	80
507505.6631572568	3881164.4329912905	80
507505.6631572568	3881164.4329912905	80
507505.5264657573	3881164.3552500815	80
507505.5264657573	3881164.3552500815	80
507505.39889129455	3881164.2775164014	80
507505.2621906353	3881164.210864957	80
507505.2621906353	3881164.210864957	80
507505.134616166	3881164.133131282	80
507505.134616166	3881164.133131282	80
507505.134616166	3881164.133131282	80
507504.9979155026	3881164.06647984	80
507504.9979155026	3881164.06647984	80
507504.8521069501	3881163.988731116	80
507504.8521069501	3881163.988731116	80
507504.7062983974	3881163.910982394	80
507504.7062983974	3881163.910982394	80
507504.5604898422	3881163.833233677	80
507504.4146812822	3881163.75548496	80
507504.5604898422	3881163.833233677	80
507504.4146812822	3881163.75548496	80
507504.26887272205	3881163.677736245	80
507504.26887272205	3881163.677736245	80
507504.1230550056	3881163.6110772905	80
507504.1230550056	3881163.6110772905	80
507503.9681293984	3881163.533321056	80
507503.9681293984	3881163.533321056	80
507503.8223208309	3881163.455572349	80
507503.6765122585	3881163.377823645	80
507503.6765122585	3881163.377823645	80
507503.6765122585	3881163.377823645	80
507503.530703686	3881163.3000749424	80
507503.3848859581	3881163.233416	80
507503.3848859581	3881163.233416	80
507503.3848859581	3881163.233416	80
507503.2390773785	3881163.155667303	80
507503.2390773785	3881163.155667303	80
507503.09326879866	3881163.077918607	80
507503.09326879866	3881163.077918607	80
507502.95655895217	3881163.0223569535	80
507502.95655895217	3881163.0223569535	80
507502.8198674083	3881162.9446157874	80
507502.8198674083	3881162.9446157874	80
507502.6831575582	3881162.889054138	80
507502.6831575582	3881162.889054138	80
507502.54645685584	3881162.822402734	80
507502.4097561539	3881162.7557513295	80
507502.4097561539	3881162.7557513295	80
507502.4097561539	3881162.7557513295	80
507502.273064599	3881162.678010172	80
507502.273064599	3881162.678010172	80
507502.1363638929	3881162.611358773	80
507502.1363638929	3881162.611358773	80
507501.9905552949	3881162.533610096	80
507501.9905552949	3881162.533610096	80
507501.8447375412	3881162.466951179	80
507501.68981189735	3881162.389194983	80
507501.68981189735	3881162.389194983	80
507501.68981189735	3881162.389194983	80
507501.5348771003	3881162.322528548	80
507501.5348771003	3881162.322528548	80
507501.3799514514	3881162.244772357	80
507501.3799514514	3881162.244772357	80
507501.2250349477	3881162.155926411	80
507501.2250349477	3881162.155926411	80
507501.0609922496	3881162.078162704	80
507501.0609922496	3881162.078162704	80
507500.8969587008	3881161.989309242	80
507500.8969587008	3881161.989309242	80
507500.7329159992	3881161.91154554	80
507500.7329159992	3881161.91154554	80
507500.5688824419	3881161.822692084	80
507500.5688824419	3881161.822692084	80
507500.4139567762	3881161.7449359098	80
507500.4139567762	3881161.7449359098	80
507500.2590311056	3881161.667179738	80
507500.2590311056	3881161.667179738	80
507500.1041054323	3881161.58942357	80
507500.1041054323	3881161.58942357	80
507499.9582968006	3881161.5116749248	80
507499.9582968006	3881161.5116749248	80
507499.8216052085	3881161.4339338033	80
507499.8216052085	3881161.4339338033	80
507499.684913614	3881161.3561926833	80
507499.684913614	3881161.3561926833	80
507499.5573299112	3881161.289548846	80
507499.5573299112	3881161.289548846	80
507499.4297462042	3881161.222905009	80
507499.4297462042	3881161.222905009	80
507499.31127954007	3881161.1562686944	80
507499.31127954007	3881161.1562686944	80
507499.1928128764	3881161.0896323808	80
507499.1928128764	3881161.0896323808	80
507499.08346324885	3881161.023003591	80
507498.97410447686	3881160.967464558	80
507498.97410447686	3881160.967464558	80
507498.97410447686	3881160.967464558	80
507498.8738718888	3881160.9008432906	80
507498.8738718888	3881160.9008432906	80
507498.7736301544	3881160.845311781	80
507498.6825054637	3881160.7897877935	80
507498.6825054637	3881160.7897877935	80
507498.6825054637	3881160.7897877935	80
507498.5913716226	3881160.745353563	80
507498.5093548234	3881160.700926854	80
507498.5093548234	3881160.700926854	80
507498.4273380234	3881160.656500145	80
507498.4273380234	3881160.656500145	80
507498.4273380234	3881160.656500145	80
507498.3453212226	3881160.612073437	80
507498.3453212226	3881160.612073437	80
507498.263304421	3881160.56764673	80
507498.1904046638	3881160.523227545	80
507498.1904046638	3881160.523227545	80
507498.1904046638	3881160.523227545	80
507498.10838786064	3881160.4788008393	80
507498.10838786064	3881160.4788008393	80
507498.0263710567	3881160.434374134	80
507497.944345108	3881160.4010371873	80
507497.944345108	3881160.4010371873	80
507497.944345108	3881160.4010371873	80
507497.8532112594	3881160.356602966	80
507497.76207741	3881160.312168744	80
507497.8532112594	3881160.356602966	80
507497.76207741	3881160.312168744	80
507497.66183566	3881160.2566372473	80
507497.66183566	3881160.2566372473	80
507497.55248601583	3881160.190008475	80
507497.4431272199	3881160.13446946	80
507497.55248601583	3881160.190008475	80
507497.4431272199	3881160.13446946	80
507497.3246696747	3881160.056743415	80
507497.1970859365	3881159.99009961	80
507497.1970859365	3881159.99009961	80
507497.0695021963	3881159.9234558064	80
507497.1970859365	3881159.99009961	80
507497.0695021963	3881159.9234558064	80
507496.941918452	3881159.856812005	80
507496.8052268092	3881159.779070928	80
507496.8052268092	3881159.779070928	80
507496.66853516415	3881159.7013298552	80
507496.66853516415	3881159.7013298552	80
507496.66853516415	3881159.7013298552	80
507496.53183437226	3881159.634678541	80
507496.3951427204	3881159.556937472	80
507496.3951427204	3881159.556937472	80
507496.2493340245	3881159.479188886	80
507496.3951427204	3881159.556937472	80
507496.2493340245	3881159.479188886	80
507496.10353447	3881159.3903505458	80
507496.10353447	3881159.3903505458	80
507495.9485995788	3881159.323684206	80
507495.9485995788	3881159.323684206	80
507495.8027908753	3881159.2459356287	80
507495.8027908753	3881159.2459356287	80
507495.6387480784	3881159.168172019	80
507495.6387480784	3881159.168172019	80
507495.4747052788	3881159.0904084137	80
507495.310671624	3881159.0015550526	80
507495.310671624	3881159.0015550526	80
507495.310671624	3881159.0015550526	80
507495.1466379613	3881158.912701693	80
507494.9734781082	3881158.834930581	80
507494.9734781082	3881158.834930581	80
507494.9734781082	3881158.834930581	80
507494.8003273969	3881158.7460697135	80
507494.63629372464	3881158.657216364	80
507494.63629372464	3881158.657216364	80
507494.4722509072	3881158.579452776	80
507494.63629372464	3881158.657216364	80
507494.3173251343	3881158.501696706	80
507494.3173251343	3881158.501696706	80
507494.1623993564	3881158.423940641	80
507494.1623993564	3881158.423940641	80
507494.0165906233	3881158.346192092	80
507494.0165906233	3881158.346192092	80
507494.0165906233	3881158.346192092	80
507493.8707818877	3881158.268443544	80
507493.8707818877	3881158.268443544	80
507493.7340901925	3881158.190702516	80
507493.7340901925	3881158.190702516	80
507493.6065064042	3881158.12405876	80
507493.4789226116	3881158.057415008	80
507493.6065064042	3881158.12405876	80
507493.3513388148	3881157.990771257	80
507493.3513388148	3881157.990771257	80
507493.3513388148	3881157.990771257	80
507493.2328629236	3881157.93522478	80
507493.2328629236	3881157.93522478	80
507493.1143961689	3881157.868588547	80
507493.1143961689	3881157.868588547	80
507492.995920277	3881157.813042072	80
507492.995920277	3881157.813042072	80
507492.88656142703	3881157.757503115	80
507492.78631962143	3881157.70197167	80
507492.78631962143	3881157.70197167	80
507492.68607781234	3881157.646440229	80
507492.78631962143	3881157.70197167	80
507492.68607781234	3881157.646440229	80
507492.58582686697	3881157.6019985457	80
507492.58582686697	3881157.6019985457	80
507492.49469296425	3881157.557564378	80
507492.49469296425	3881157.557564378	80
507492.4035590606	3881157.51313021	80
507492.4035590606	3881157.51313021	80
507492.3124160168	3881157.479785801	80
507492.23039915983	3881157.435359149	80
507492.23039915983	3881157.435359149	80
507492.23039915983	3881157.435359149	80
507492.14838229975	3881157.3909324985	80
507492.14838229975	3881157.3909324985	80
507492.0663562999	3881157.357595605	80
507491.9934564867	3881157.313176468	80
507491.9934564867	3881157.313176468	80
507491.9934564867	3881157.313176468	80
507491.9205475317	3881157.2798470897	80
507491.9205475317	3881157.2798470897	80
507491.8476385762	3881157.24651771	80
507491.8476385762	3881157.24651771	80
507491.76561257394	3881157.213180821	80
507491.69270361966	3881157.179851444	80
507491.69270361966	3881157.179851444	80
507491.69270361966	3881157.179851444	80
507491.6106867546	3881157.135424798	80
507491.6106867546	3881157.135424798	80
507491.53777779685	3881157.102095422	80
507491.53777779685	3881157.102095422	80
507491.4557609304	3881157.0576687776	80
507491.4557609304	3881157.0576687776	80
507491.3646178785	3881157.0243243785	80
507491.2826010129	3881156.979897733	80
507491.2826010129	3881156.979897733	80
507491.1914579596	3881156.9465533374	80
507491.2826010129	3881156.979897733	80
507491.1003331813	3881156.891029425	80
507491.1003331813	3881156.891029425	80
507491.1003331813	3881156.891029425	80
507491.0000822176	3881156.846587759	80
507490.8998403905	3881156.791056338	80
507490.8998403905	3881156.791056338	80
507490.79048151546	3881156.735517404	80
507490.79048151546	3881156.735517404	80
507490.79048151546	3881156.735517404	80
507490.68112263904	3881156.679978473	80
507490.5626467145	3881156.624432031	80
507490.5626467145	3881156.624432031	80
507490.5626467145	3881156.624432031	80
507490.4532878354	3881156.568893101	80
507490.3257039979	3881156.502249393	80
507490.3257039979	3881156.502249393	80
507490.3257039979	3881156.502249393	80
507490.1981110196	3881156.4466954432	80
507490.1981110196	3881156.4466954432	80
507490.0705363152	3881156.368961982	80
507490.0705363152	3881156.368961982	80
507489.92471837776	3881156.302303256	80
507489.92471837776	3881156.302303256	80
507489.78802662174	3881156.224562287	80
507489.78802662174	3881156.224562287	80
507489.6331007664	3881156.146806298	80
507489.4873010941	3881156.0579680647	80
507489.4873010941	3881156.0579680647	80
507489.4873010941	3881156.0579680647	80
507489.3414831474	3881155.991309349	80
507489.1956743319	3881155.9135608766	80
507489.1956743319	3881155.9135608766	80
507489.1956743319	3881155.9135608766	80
507489.04986551614	3881155.835812408	80
507488.9131737456	3881155.758071452	80
507488.9131737456	3881155.758071452	80
507488.9131737456	3881155.758071452	80
507488.767364925	3881155.680322987	80
507488.767364925	3881155.680322987	80
507488.6215652344	3881155.591484769	80
507488.6215652344	3881155.591484769	80
507488.4848734566	3881155.513743818	80
507488.3481816764	3881155.43600287	80
507488.4848734566	3881155.513743818	80
507488.3481816764	3881155.43600287	80
507488.2114990258	3881155.347172168	80
507488.2114990258	3881155.347172168	80
507488.065690195	3881155.2694237134	80
507488.065690195	3881155.2694237134	80
507487.9198904886	3881155.1805855054	80
507487.9198904886	3881155.1805855054	80
507487.774090784	3881155.0917473	80
507487.774090784	3881155.0917473	80
507487.6282910743	3881155.002909097	80
507487.6282910743	3881155.002909097	80
507487.482491364	3881154.914070896	80
507487.482491364	3881154.914070896	80
507487.3366916509	3881154.825232697	80
507487.3366916509	3881154.825232697	80
507487.19089193264	3881154.736394501	80
507487.19089193264	3881154.736394501	80
507487.04508308094	3881154.658646064	80
507487.04508308094	3881154.658646064	80
507486.8992833594	3881154.5698078726	80
507486.8992833594	3881154.5698078726	80
507486.75347450026	3881154.492059441	80
507486.75347450026	3881154.492059441	80
507486.60767477326	3881154.403221254	80
507486.60767477326	3881154.403221254	80
507486.4618750434	3881154.31438307	80
507486.4618750434	3881154.31438307	80
507486.32519236	3881154.225552395	80
507486.32519236	3881154.225552395	80
507486.1793834904	3881154.147803972	80
507486.1793834904	3881154.147803972	80
507486.0335837522	3881154.058965794	80
507486.0335837522	3881154.058965794	80
507485.8877657483	3881153.9923071344	80
507485.7419568712	3881153.91455872	80
507485.7419568712	3881153.91455872	80
507485.5870400755	3881153.825713041	80
507485.5870400755	3881153.825713041	80
507485.4321141435	3881153.747957124	80
507485.5870400755	3881153.825713041	80
507485.4321141435	3881153.747957124	80
507485.258972373	3881153.648006681	80
507485.0767135464	3881153.548048737	80
507485.0767135464	3881153.548048737	80
507484.8762297461	3881153.436986025	80
507484.8762297461	3881153.436986025	80
507484.666638023	3881153.3148260536	80
507484.666638023	3881153.3148260536	80
507484.666638023	3881153.3148260536	80
507484.4388121892	3881153.1926510767	80
507484.4388121892	3881153.1926510767	80
507484.2018784305	3881153.059378842	80
507484.2018784305	3881153.059378842	80
507483.9649446672	3881152.926106614	80
507483.9649446672	3881152.926106614	80
507483.50019416376	3881152.6595696807	80
507483.50019416376	3881152.6595696807	80
507483.00810161006	3881152.3819205007	80
507483.00810161006	3881152.3819205007	80
507482.7256008039	3881152.22643127	80
507482.7256008039	3881152.22643127	80
507482.4613249682	3881152.082046812	80
507482.4613249682	3881152.082046812	80
507482.19704912417	3881151.9376623617	80
507482.19704912417	3881151.9376623617	80
507481.9510073727	3881151.793292926	80
507481.9510073727	3881151.793292926	80
507481.7049564894	3881151.660013253	80
507481.7049564894	3881151.660013253	80
507481.4588964728	3881151.537823345	80
507481.23107055377	3881151.41564845	80
507481.23107055377	3881151.41564845	80
507481.23107055377	3881151.41564845	80
507480.9941275741	3881151.293466056	80
507480.9941275741	3881151.293466056	80
507480.77541869495	3881151.1712986734	80
507480.77541869495	3881151.1712986734	80
507480.55669156	3881151.071310811	80
507480.55669156	3881151.071310811	80
507480.34709059977	3881150.9602406975	80
507480.34709059977	3881150.9602406975	80
507480.13748050766	3881150.860260348	80
507479.92787041096	3881150.7602800014	80
507480.13748050766	3881150.860260348	80
507479.92787041096	3881150.7602800014	80
507479.7364852913	3881150.671404421	80
507479.7364852913	3881150.671404421	80
507479.5359922387	3881150.5714315856	80
507479.5359922387	3881150.5714315856	80
507479.35372416425	3881150.482563512	80
507479.35372416425	3881150.482563512	80
507479.1714652118	3881150.382605685	80
507479.1714652118	3881150.382605685	80
507478.9983141832	3881150.29374512	80
507478.9983141832	3881150.29374512	80
507478.8251540306	3881150.215974316	80
507478.65200299537	3881150.1271137577	80
507478.8251540306	3881150.215974316	80
507478.65200299537	3881150.1271137577	80
507478.4879598878	3881150.049350458	80
507478.4879598878	3881150.049350458	80
507478.3239258996	3881149.960497407	80
507478.16900896654	3881149.871651856	80
507478.3239258996	3881149.960497407	80
507478.16900896654	3881149.871651856	80
507478.0049658502	3881149.793888568	80
507478.0049658502	3881149.793888568	80
507477.8409409744	3881149.693945766	80
507477.8409409744	3881149.693945766	80
507477.676897852	3881149.616182481	80
507477.676897852	3881149.616182481	80
507477.5128638528	3881149.527329444	80
507477.5128638528	3881149.527329444	80
507477.3488298457	3881149.438476409	80
507477.18478671456	3881149.360713136	80
507477.18478671456	3881149.360713136	80
507477.18478671456	3881149.360713136	80
507477.02075270127	3881149.2718601055	80
507476.85671868944	3881149.18300708	80
507476.85671868944	3881149.18300708	80
507476.7018017241	3881149.094161555	80
507476.7018017241	3881149.094161555	80
507476.7018017241	3881149.094161555	80
507476.5377677013	3881149.005308536	80
507476.5377677013	3881149.005308536	80
507476.37372455775	3881148.9275452746	80
507476.37372455775	3881148.9275452746	80
507476.2096814091	3881148.849782017	80
507476.0365394442	3881148.749831751	80
507476.0365394442	3881148.749831751	80
507476.0365394442	3881148.749831751	80
507475.8633883538	3881148.660971247	80
507475.8633883538	3881148.660971247	80
507475.6720122694	3881148.561005994	80
507475.6720122694	3881148.561005994	80
507475.4624020731	3881148.461025751	80
507475.252800986	3881148.3499557553	80
507475.4624020731	3881148.461025751	80
507475.252800986	3881148.3499557553	80
507475.0340919591	3881148.2277885126	80
507475.0340919591	3881148.2277885126	80
507474.8062567553	3881148.116703536	80
507474.8062567553	3881148.116703536	80
507474.5693044859	3881148.0056110695	80
507474.5693044859	3881148.0056110695	80
507474.341478386	3881147.8834363455	80
507474.341478386	3881147.8834363455	80
507474.10453522194	3881147.761254136	80
507474.10453522194	3881147.761254136	80
507473.8767091097	3881147.639079423	80
507473.8767091097	3881147.639079423	80
507473.6488738748	3881147.5279944753	80
507473.6488738748	3881147.5279944753	80
507473.4301648066	3881147.40582727	80
507473.4301648066	3881147.40582727	80
507473.21144661657	3881147.294749829	80
507473.21144661657	3881147.294749829	80
507472.9927284212	3881147.18367239	80
507472.9927284212	3881147.18367239	80
507472.78311816143	3881147.083692211	80
507472.78311816143	3881147.083692211	80
507472.573507897	3881146.9837120334	80
507472.573507897	3881146.9837120334	80
507472.373023802	3881146.8726496	80
507472.1725305825	3881146.772676928	80
507472.373023802	3881146.8726496	80
507472.1725305825	3881146.772676928	80
507471.9811544202	3881146.672711753	80
507471.9811544202	3881146.672711753	80
507471.7988861963	3881146.583843833	80
507471.7988861963	3881146.583843833	80
507471.6075009072	3881146.494968423	80
507471.4343497307	3881146.406108002	80
507471.4343497307	3881146.406108002	80
507471.25207238254	3881146.328329852	80
507471.25207238254	3881146.328329852	80
507471.25207238254	3881146.328329852	80
507471.08802914334	3881146.250566687	80
507471.08802914334	3881146.250566687	80
507470.923985906	3881146.172803526	80
507470.923985906	3881146.172803526	80
507470.7781676605	3881146.106145109	80
507470.7781676605	3881146.106145109	80
507470.6505835324	3881146.039501679	80
507470.6505835324	3881146.039501679	80
507470.5229902898	3881145.983948007	80
507470.413622048	3881145.9394990783	80
507470.5229902898	3881145.983948007	80
507470.413622048	3881145.9394990783	80
507470.3224788102	3881145.90615489	80
507470.3224788102	3881145.90615489	80
507470.2495696846	3881145.872825686	80
507470.1857685061	3881145.850593732	80
507470.2495696846	3881145.872825686	80
507470.1857685061	3881145.850593732	80
507469.98526612815	3881145.7617108654	80
507469.98526612815	3881145.7617108654	80
507469.8121149243	3881145.672850476	80
507469.8121149243	3881145.672850476	80
507469.7574307988	3881145.650626016	80
507469.7574307988	3881145.650626016	80
507469.620729599	3881145.583975108	80
507469.620729599	3881145.583975108	80
507469.5569284146	3881145.561743159	80
507469.5569284146	3881145.561743159	80
507469.5204692945	3881145.5506234383	80
507469.5204692945	3881145.5506234383	80
507469.4840192857	3881145.528413961	80
507469.4840192857	3881145.528413961	80
507469.4566772233	3881145.517301732	80
507469.4566772233	3881145.517301732	80
507469.4202181006	3881145.506182012	80
507469.4111010426	3881145.506174521	80
507469.4202181006	3881145.506182012	80
507469.32908396376	3881145.461748077	80
507469.32908396376	3881145.461748077	80
507469.3017327898	3881145.4617256057	80
507469.3017327898	3881145.4617256057	80
507469.3017327898	3881145.4617256057	80
507469.28350778494	3881145.4506208673	80
507469.2743998382	3881145.43952362	80
507469.2743998382	3881145.43952362	80
507469.25616571977	3881145.4395086393	80
507469.25616571977	3881145.4395086393	80
507469.25616571977	3881145.4395086393	80
507469.25616571977	3881145.4395086393	80
