166021.4431793313	0.0	80
507501.7035910852	3881219.769551316	80
507501.7035910852	3881219.769551316	80
507501.7035910852	3881219.769551316	80
507501.7035910852	3881219.769551316	80
507501.7035910852	3881219.769551316	80
507501.7035910852	3881219.769551316	80
507501.7035910852	3881219.769551316	80
507501.7035910852	3881219.769551316	80
507501.7035910852	3881219.769551316	80
507501.7035910852	3881219.769551316	80
507501.7035910852	3881219.769551316	80
507501.7035910852	3881219.769551316	80
507501.7035910852	3881219.769551316	80
507501.7035910852	3881219.769551316	80
507501.7035910852	3881219.769551316	80
507501.7035910852	3881219.769551316	80
507501.7035910852	3881219.769551316	80
507501.7035910852	3881219.769551316	80
507501.7035910852	3881219.769551316	80
507501.7035910852	3881219.769551316	80
507501.7035910852	3881219.769551316	80
507501.7035910852	3881219.769551316	80
507501.7035910852	3881219.769551316	80
507501.7035910852	3881219.769551316	80
507501.7035910852	3881219.769551316	80
507501.7035910852	3881219.769551316	80
507501.7036002368	3881219.758461557	80
507501.7036002368	3881219.758461557	80
507501.7036002368	3881219.758461557	80
507501.71272636694	3881219.7473793216	80
507501.7036002368	3881219.758461557	80
507501.71272636694	3881219.7473793216	80
507501.7218616464	3881219.725207328	80
507501.7218616464	3881219.725207328	80
507501.74012306076	3881219.691953099	80
507501.74012306076	3881219.691953099	80
507501.75839362456	3881219.647609111	80
507501.75839362456	3881219.647609111	80
507501.7949073	3881219.5921904133	80
507501.7949073	3881219.5921904133	80
507501.840547104	3881219.5256894794	80
507501.840547104	3881219.5256894794	80
507501.8861960606	3881219.448098786	80
507501.9318450202	3881219.3705080943	80
507501.8861960606	3881219.448098786	80
507501.9318450202	3881219.3705080943	80
507501.98661095725	3881219.292924926	80
507502.0322690682	3881219.2042444763	80
507501.98661095725	3881219.292924926	80
507502.0322690682	3881219.2042444763	80
507502.0688010511	3881219.126646261	80
507502.0688010511	3881219.126646261	80
507502.1053330324	3881219.049048046	80
507502.14185586444	3881218.982539591	80
507502.1053330324	3881219.049048046	80
507502.169261713	3881218.9160236106	80
507502.169261713	3881218.9160236106	80
507502.169261713	3881218.9160236106	80
507502.1966584144	3881218.860597389	80
507502.1966584144	3881218.860597389	80
507502.2240459639	3881218.8162609255	80
507502.2240459639	3881218.8162609255	80
507502.2423256818	3881218.7608271814	80
507502.26058709767	3881218.7275729524	80
507502.26058709767	3881218.7275729524	80
507502.26058709767	3881218.7275729524	80
507502.2879746479	3881218.683236491	80
507502.2879746479	3881218.683236491	80
507502.3062360664	3881218.6499822624	80
507502.3062360664	3881218.6499822624	80
507502.3336144601	3881218.6167355594	80
507502.3518850313	3881218.5723915733	80
507502.3336144601	3881218.6167355594	80
507502.37015560037	3881218.528047586	80
507502.37015560037	3881218.528047586	80
507502.3975431494	3881218.483711126	80
507502.37015560037	3881218.528047586	80
507502.3975431494	3881218.483711126	80
507502.42493985116	3881218.4282849054	80
507502.42493985116	3881218.4282849054	80
507502.4614626857	3881218.36177645	80
507502.50710250315	3881218.295275519	80
507502.50710250315	3881218.295275519	80
507502.5527514715	3881218.2176848305	80
507502.5527514715	3881218.2176848305	80
507502.59840959567	3881218.1290043835	80
507502.59840959567	3881218.1290043835	80
507502.6532030041	3881218.0181519436	80
507502.59840959567	3881218.1290043835	80
507502.7171042438	3881217.9183967873	80
507502.7171042438	3881217.9183967873	80
507502.771897655	3881217.8075443497	80
507502.771897655	3881217.8075443497	80
507502.8266910675	3881217.6966919103	80
507502.771897655	3881217.8075443497	80
507502.8266910675	3881217.6966919103	80
507502.881484486	3881217.585839472	80
507502.881484486	3881217.585839472	80
507502.9362687481	3881217.486076792	80
507502.9362687481	3881217.486076792	80
507502.9910530113	3881217.3863141136	80
507502.9910530113	3881217.3863141136	80
507503.02759416297	3881217.2976261443	80
507503.02759416297	3881217.2976261443	80
507503.073252294	3881217.2089456995	80
507503.073252294	3881217.2089456995	80
507503.1097842938	3881217.1313474877	80
507503.1097842938	3881217.1313474877	80
507503.1371901573	3881217.064831511	80
507503.1371901573	3881217.064831511	80
507503.1737130025	3881216.998323059	80
507503.1737130025	3881216.998323059	80
507503.2102266948	3881216.9429043652	80
507503.2102266948	3881216.9429043652	80
507503.2467403899	3881216.8874856727	80
507503.27413710166	3881216.832059455	80
507503.27413710166	3881216.832059455	80
507503.27413710166	3881216.832059455	80
507503.30153381376	3881216.776633237	80
507503.3380383541	3881216.732304304	80
507503.30153381376	3881216.776633237	80
507503.3380383541	3881216.732304304	80
507503.3654442228	3881216.665788328	80
507503.3654442228	3881216.665788328	80
507503.39284093597	3881216.61036211	80
507503.39284093597	3881216.61036211	80
507503.42935463117	3881216.5549434186	80
507503.42935463117	3881216.5549434186	80
507503.45675134734	3881216.4995171996	80
507503.49327419716	3881216.43300875	80
507503.49327419716	3881216.43300875	80
507503.49327419716	3881216.43300875	80
507503.5297970498	3881216.3665002994	80
507503.5297970498	3881216.3665002994	80
507503.5571937625	3881216.311074083	80
507503.59371661616	3881216.2445656327	80
507503.59371661616	3881216.2445656327	80
507503.59371661616	3881216.2445656327	80
507503.630239468	3881216.178057182	80
507503.66676232265	3881216.111548733	80
507503.630239468	3881216.178057182	80
507503.66676232265	3881216.111548733	80
507503.71240215783	3881216.0450478094	80
507503.71240215783	3881216.0450478094	80
507503.73981718306	3881215.967442075	80
507503.73981718306	3881215.967442075	80
507503.77634003706	3881215.900933626	80
507503.77634003706	3881215.900933626	80
507503.8128720481	3881215.823335418	80
507503.84940405976	3881215.74573721	80
507503.84940405976	3881215.74573721	80
507503.89506220655	3881215.6570567708	80
507503.89506220655	3881215.6570567708	80
507503.89506220655	3881215.6570567708	80
507503.949837337	3881215.5683838557	80
507503.949837337	3881215.5683838557	80
507504.0046216229	3881215.4686211827	80
507504.0046216229	3881215.4686211827	80
507504.0594150691	3881215.357768752	80
507504.0594150691	3881215.357768752	80
507504.1233346496	3881215.235834089	80
507504.1233346496	3881215.235834089	80
507504.1963712173	3881215.113906954	80
507504.1963712173	3881215.113906954	80
507504.26030911074	3881214.969792772	80
507504.26030911074	3881214.969792772	80
507504.3424809755	3881214.8256936455	80
507504.3424809755	3881214.8256936455	80
507504.41552670434	3881214.6926767523	80
507504.41552670434	3881214.6926767523	80
507504.4885815879	3881214.548570101	80
507504.5525103372	3881214.415545683	80
507504.4885815879	3881214.548570101	80
507504.5525103372	3881214.415545683	80
507504.6164299309	3881214.2936110226	80
507504.6803495286	3881214.1716763643	80
507504.6803495286	3881214.1716763643	80
507504.6803495286	3881214.1716763643	80
507504.74425997044	3881214.060831464	80
507504.74425997044	3881214.060831464	80
507504.7990534341	3881213.949979038	80
507504.7990534341	3881213.949979038	80
507504.85383773904	3881213.850216371	80
507504.85383773904	3881213.850216371	80
507504.9086220452	3881213.7504537036	80
507504.9086220452	3881213.7504537036	80
507504.95428021235	3881213.661773269	80
507504.95428021235	3881213.661773269	80
507505.00905536744	3881213.573100362	80
507505.00905536744	3881213.573100362	80
507505.0547135364	3881213.4844199275	80
507505.0547135364	3881213.4844199275	80
507505.1003625506	3881213.406829251	80
507505.1003625506	3881213.406829251	80
507505.14601156785	3881213.3292385763	80
507505.14601156785	3881213.3292385763	80
507505.1825435985	3881213.251640374	80
507505.22819261724	3881213.174049699	80
507505.22819261724	3881213.174049699	80
507505.22819261724	3881213.174049699	80
507505.26472464926	3881213.096451498	80
507505.26472464926	3881213.096451498	80
507505.3012566842	3881213.0188532965	80
507505.3012566842	3881213.0188532965	80
507505.3469057028	3881212.941262622	80
507505.3469057028	3881212.941262622	80
507505.39255472214	3881212.863671948	80
507505.39255472214	3881212.863671948	80
507505.43820374465	3881212.7860812736	80
507505.47473578	3881212.7084830734	80
507505.43820374465	3881212.7860812736	80
507505.47473578	3881212.7084830734	80
507505.52038480394	3881212.6308923997	80
507505.5660429826	3881212.542211969	80
507505.5660429826	3881212.542211969	80
507505.5660429826	3881212.542211969	80
507505.6208181481	3881212.4535390646	80
507505.6208181481	3881212.4535390646	80
507505.66647633095	3881212.364858634	80
507505.66647633095	3881212.364858634	80
507505.72126065724	3881212.26509597	80
507505.72126065724	3881212.26509597	80
507505.77604498237	3881212.165333311	80
507505.8399554516	3881212.0544884186	80
507505.8399554516	3881212.0544884186	80
507505.8399554516	3881212.0544884186	80
507505.894739784	3881211.954725757	80
507505.9495332697	3881211.843873338	80
507505.894739784	3881211.954725757	80
507506.01343458646	3881211.744118206	80
507505.9495332697	3881211.843873338	80
507506.01343458646	3881211.744118206	80
507506.05911108817	3881211.63325826	80
507506.1138862685	3881211.54458536	80
507506.1138862685	3881211.54458536	80
507506.1138862685	3881211.54458536	80
507506.15955361543	3881211.444815172	80
507506.2143287932	3881211.3561422713	80
507506.2143287932	3881211.3561422713	80
507506.2599961445	3881211.256372086	80
507506.2599961445	3881211.256372086	80
507506.2599961445	3881211.256372086	80
507506.3147804816	3881211.1566094267	80
507506.3786818096	3881211.056854298	80
507506.3786818096	3881211.056854298	80
507506.44260145124	3881210.9349196516	80
507506.44260145124	3881210.9349196516	80
507506.506521097	3881210.8129850063	80
507506.506521097	3881210.8129850063	80
507506.506521097	3881210.8129850063	80
507506.57956688723	3881210.6799681303	80
507506.57956688723	3881210.6799681303	80
507506.6617296697	3881210.546958784	80
507506.6617296697	3881210.546958784	80
507506.73478462436	3881210.4028521515	80
507506.81695656944	3881210.258753049	80
507506.81695656944	3881210.258753049	80
507506.81695656944	3881210.258753049	80
507506.899137675	3881210.1035641874	80
507506.981309623	3881209.959465084	80
507506.899137675	3881210.1035641874	80
507507.0543645875	3881209.8153584558	80
507507.0543645875	3881209.8153584558	80
507507.1274195542	3881209.671251826	80
507507.1274195542	3881209.671251826	80
507507.1274195542	3881209.671251826	80
507507.2004653627	3881209.5382349556	80
507507.2004653627	3881209.5382349556	80
507507.2735111756	3881209.405218086	80
507507.3374400016	3881209.272193688	80
507507.3374400016	3881209.272193688	80
507507.3374400016	3881209.272193688	80
507507.40135051013	3881209.161348807	80
507507.4652701811	3881209.0394141674	80
507507.4652701811	3881209.0394141674	80
507507.5200545448	3881208.9396515186	80
507507.4652701811	3881209.0394141674	80
507507.57483891194	3881208.839888868	80
507507.57483891194	3881208.839888868	80
507507.629623278	3881208.7401262186	80
507507.57483891194	3881208.839888868	80
507507.629623278	3881208.7401262186	80
507507.6844076476	3881208.6403635684	80
507507.73006586963	3881208.5516831474	80
507507.6844076476	3881208.6403635684	80
507507.73006586963	3881208.5516831474	80
507507.7757240903	3881208.4630027283	80
507507.8213823118	3881208.374322309	80
507507.8213823118	3881208.374322309	80
507507.86704053654	3881208.2856418877	80
507507.86704053654	3881208.2856418877	80
507507.91268960066	3881208.208051228	80
507507.91268960066	3881208.208051228	80
507507.95834782714	3881208.119370809	80
507507.95834782714	3881208.119370809	80
507508.00399689295	3881208.0417801486	80
507508.00399689295	3881208.0417801486	80
507508.00399689295	3881208.0417801486	80
507508.0496551188	3881207.9530997304	80
507508.0953225072	3881207.8533295533	80
507508.0953225072	3881207.8533295533	80
507508.15009772545	3881207.7646566643	80
507508.15009772545	3881207.7646566643	80
507508.19576511363	3881207.664886489	80
507508.19576511363	3881207.664886489	80
507508.25054949813	3881207.565123843	80
507508.25054949813	3881207.565123843	80
507508.25054949813	3881207.565123843	80
507508.30534303887	3881207.454271438	80
507508.30534303887	3881207.454271438	80
507508.3510195899	3881207.343411504	80
507508.4058314527	3881207.210379583	80
507508.4058314527	3881207.210379583	80
507508.46063415956	3881207.0884374212	80
507508.46063415956	3881207.0884374212	80
507508.5154368679	3881206.9664952606	80
507508.5154368679	3881206.9664952606	80
507508.5702487353	3881206.8334633415	80
507508.5702487353	3881206.8334633415	80
507508.63416843594	3881206.711528711	80
507508.63416843594	3881206.711528711	80
507508.6889711512	3881206.5895865504	80
507508.6889711512	3881206.5895865504	80
507508.73465687135	3881206.46763686	80
507508.73465687135	3881206.46763686	80
507508.73465687135	3881206.46763686	80
507508.7894595848	3881206.3456947007	80
507508.83514530986	3881206.2237450113	80
507508.83514530986	3881206.2237450113	80
507508.8717140416	3881206.1017877897	80
507508.8717140416	3881206.1017877897	80
507508.8717140416	3881206.1017877897	80
507508.9173997667	3881205.9798381003	80
507508.9173997667	3881205.9798381003	80
507508.9539685028	3881205.85788088	80
507508.9539685028	3881205.85788088	80
507508.99052807485	3881205.74701342	80
507508.99052807485	3881205.74701342	80
507509.0270968129	3881205.6250561997	80
507509.0270968129	3881205.6250561997	80
507509.0545393986	3881205.5141812074	80
507509.0545393986	3881205.5141812074	80
507509.0911081361	3881205.3922239873	80
507509.0911081361	3881205.3922239873	80
507509.1276768769	3881205.270266768	80
507509.1276768769	3881205.270266768	80
507509.1551377815	3881205.137212259	80
507509.1917156849	3881205.0041652815	80
507509.1917156849	3881205.0041652815	80
507509.1917156849	3881205.0041652815	80
507509.2283027477	3881204.8600285454	80
507509.2283027477	3881204.8600285454	80
507509.2648989748	3881204.704802053	80
507509.30149520084	3881204.5495755584	80
507509.30149520084	3881204.5495755584	80
507509.30149520084	3881204.5495755584	80
507509.34720842435	3881204.3943565954	80
507509.3746968175	3881204.228032811	80
507509.3746968175	3881204.228032811	80
507509.3746968175	3881204.228032811	80
507509.41129304963	3881204.0728063197	80
507509.41129304963	3881204.0728063197	80
507509.4387814472	3881203.9064825363	80
507509.4753685183	3881203.762345801	80
507509.4753685183	3881203.762345801	80
507509.5028385959	3881203.6182015357	80
507509.4753685183	3881203.762345801	80
507509.5028385959	3881203.6182015357	80
507509.5303086766	3881203.47405727	80
507509.5303086766	3881203.47405727	80
507509.54864343867	3881203.3520849897	80
507509.5669782035	3881203.230112709	80
507509.5669782035	3881203.230112709	80
507509.5669782035	3881203.230112709	80
507509.58529464185	3881203.1303199464	80
507509.58529464185	3881203.1303199464	80
507509.60361108294	3881203.0305271833	80
507509.60361108294	3881203.0305271833	80
507509.62190920435	3881202.9529139367	80
507509.62190920435	3881202.9529139367	80
507509.6402073237	3881202.8753006905	80
507509.6402073237	3881202.8753006905	80
507509.6493792843	3881202.808769672	80
507509.6493792843	3881202.808769672	80
507509.66766824527	3881202.742246184	80
507509.66766824527	3881202.742246184	80
507509.6768310472	3881202.686804923	80
507509.6768310472	3881202.686804923	80
507509.69510168605	3881202.642460952	80
507509.69510168605	3881202.642460952	80
507509.70426448825	3881202.5870196926	80
507509.70426448825	3881202.5870196926	80
507509.7134272906	3881202.5315784323	80
507509.7134272906	3881202.5315784323	80
507509.7317070866	3881202.476144702	80
507509.7317070866	3881202.476144702	80
507509.7408790529	3881202.409613684	80
507509.7408790529	3881202.409613684	80
507509.759168013	3881202.343090195	80
507509.76834913867	3881202.2654694193	80
507509.76834913867	3881202.2654694193	80
507509.76834913867	3881202.2654694193	80
507509.7957642591	3881202.1878637047	80
507509.7957642591	3881202.1878637047	80
507509.8140807021	3881202.088070942	80
507509.8140807021	3881202.088070942	80
507509.8323879886	3881201.9993679384	80
507509.8323879886	3881201.9993679384	80
507509.8598305926	3881201.8884929493	80
507509.8598305926	3881201.8884929493	80
507509.88727319724	3881201.7776179602	80
507509.88727319724	3881201.7776179602	80
507509.9147249664	3881201.6556532136	80
507509.9147249664	3881201.6556532136	80
507509.94217673165	3881201.5336884656	80
507509.94217673165	3881201.5336884656	80
507509.9605115054	3881201.411716187	80
507509.9605115054	3881201.411716187	80
507509.9788554389	3881201.2786541497	80
507509.9788554389	3881201.2786541497	80
507510.0063163725	3881201.1455996437	80
507510.0063163725	3881201.1455996437	80
507510.0337681405	3881201.0236348966	80
507510.0337681405	3881201.0236348966	80
507510.0612290756	3881200.8905803915	80
507510.0612290756	3881200.8905803915	80
507510.0886900069	3881200.757525887	80
507510.0886900069	3881200.757525887	80
507510.1161417818	3881200.635561141	80
507510.1161417818	3881200.635561141	80
507510.1436027193	3881200.5025066365	80
507510.1436027193	3881200.5025066365	80
507510.17106365296	3881200.369452132	80
507510.17106365296	3881200.369452132	80
507510.19852459204	3881200.2363976273	80
507510.19852459204	3881200.2363976273	80
507510.2259855319	3881200.1033431217	80
507510.2259855319	3881200.1033431217	80
507510.26257262833	3881199.9592063916	80
507510.26257262833	3881199.9592063916	80
507510.29004273197	3881199.8150621275	80
507510.31750367215	3881199.682007624	80
507510.31750367215	3881199.682007624	80
507510.31750367215	3881199.682007624	80
507510.3540907763	3881199.5378708937	80
507510.3540907763	3881199.5378708937	80
507510.38156088034	3881199.3937266315	80
507510.4090218231	3881199.2606721274	80
507510.4090218231	3881199.2606721274	80
507510.4090218231	3881199.2606721274	80
507510.4455997682	3881199.1276251557	80
507510.4455997682	3881199.1276251557	80
507510.4639345487	3881199.005652879	80
507510.4913863339	3881198.883688133	80
507510.4639345487	3881199.005652879	80
507510.4913863339	3881198.883688133	80
507510.5097027933	3881198.7838953724	80
507510.5097027933	3881198.7838953724	80
507510.5280192555	3881198.684102613	80
507510.5280192555	3881198.684102613	80
507510.55544355087	3881198.5954071423	80
507510.55544355087	3881198.5954071423	80
507510.57374168915	3881198.517793898	80
507510.57374168915	3881198.517793898	80
507510.5829228256	3881198.4401731226	80
507510.6012117997	3881198.373649637	80
507510.6012117997	3881198.373649637	80
507510.6012117997	3881198.373649637	80
507510.61950993654	3881198.2960363943	80
507510.61950993654	3881198.2960363943	80
507510.63779891125	3881198.2295129085	80
507510.6469892109	3881198.1408023736	80
507510.63779891125	3881198.2295129085	80
507510.6469892109	3881198.1408023736	80
507510.66528735094	3881198.063189131	80
507510.66528735094	3881198.063189131	80
507510.6836038116	3881197.9633963704	80
507510.6836038116	3881197.9633963704	80
507510.70191111247	3881197.8746933676	80
507510.70191111247	3881197.8746933676	80
507510.720236741	3881197.76381085	80
507510.720236741	3881197.76381085	80
507510.7476793708	3881197.6529358644	80
507510.7476793708	3881197.6529358644	80
507510.76600499573	3881197.542053346	80
507510.76600499573	3881197.542053346	80
507510.7934476267	3881197.4311783593	80
507510.7934476267	3881197.4311783593	80
507510.82089025597	3881197.3203033744	80
507510.82089025597	3881197.3203033744	80
507510.84833288594	3881197.20942839	80
507510.84833288594	3881197.20942839	80
507510.87575719116	3881197.1207329207	80
507510.87575719116	3881197.1207329207	80
507510.9031814969	3881197.0320374523	80
507510.9214888041	3881196.9433344514	80
507510.9031814969	3881197.0320374523	80
507510.9214888041	3881196.9433344514	80
507510.948903948	3881196.865728742	80
507510.948903948	3881196.865728742	80
507510.9672112559	3881196.7770257406	80
507510.9672112559	3881196.7770257406	80
507510.99462639843	3881196.6994200298	80
507510.99462639843	3881196.6994200298	80
507511.0220507089	3881196.610724563	80
507511.0220507089	3881196.610724563	80
507511.04947501526	3881196.522029094	80
507511.0769176527	3881196.41115411	80
507511.04947501526	3881196.522029094	80
507511.1134772929	3881196.300286658	80
507511.0769176527	3881196.41115411	80
507511.1134772929	3881196.300286658	80
507511.15917225997	3881196.1672472237	80
507511.15917225997	3881196.1672472237	80
507511.20486722834	3881196.0342077888	80
507511.20486722834	3881196.0342077888	80
507511.25968836603	3881195.8900861293	80
507511.25968836603	3881195.8900861293	80
507511.31450950314	3881195.7459644694	80
507511.31450950314	3881195.7459644694	80
507511.3875738132	3881195.590768119	80
507511.3875738132	3881195.590768119	80
507511.45152112277	3881195.435564236	80
507511.5154592687	3881195.2914501103	80
507511.5154592687	3881195.2914501103	80
507511.58851442224	3881195.147343519	80
507511.58851442224	3881195.147343519	80
507511.58851442224	3881195.147343519	80
507511.6615695757	3881195.0032369294	80
507511.6615695757	3881195.0032369294	80
507511.73460640636	3881194.8813098567	80
507511.73460640636	3881194.8813098567	80
507511.8076524027	3881194.748293027	80
507511.88068923505	3881194.6263659555	80
507511.88068923505	3881194.6263659555	80
507511.9628339115	3881194.5155361756	80
507511.9628339115	3881194.5155361756	80
507511.9628339115	3881194.5155361756	80
507512.0358615859	3881194.404698863	80
507512.0358615859	3881194.404698863	80
507512.1180062662	3881194.2938690875	80
507512.1180062662	3881194.2938690875	80
507512.19102478	3881194.194121535	80
507512.19102478	3881194.194121535	80
507512.2731602973	3881194.0943815173	80
507512.2731602973	3881194.0943815173	80
507512.35529581876	3881193.994641499	80
507512.4465483442	3881193.8949090177	80
507512.4465483442	3881193.8949090177	80
507512.4465483442	3881193.8949090177	80
507512.5469270456	3881193.7840943127	80
507512.64730574714	3881193.673279609	80
507512.5469270456	3881193.7840943127	80
507512.64730574714	3881193.673279609	80
507512.75680145365	3881193.5624724417	80
507512.75680145365	3881193.5624724417	80
507512.87542333745	3881193.4405830503	80
507512.87542333745	3881193.4405830503	80
507513.00317139254	3881193.307611439	80
507513.00317139254	3881193.307611439	80
507513.1491442963	3881193.1857446576	80
507513.2951263719	3881193.0527881198	80
507513.2951263719	3881193.0527881198	80
507513.2951263719	3881193.0527881198	80
507513.4410992837	3881192.9309213418	80
507513.5961892072	3881192.809062103	80
507513.5961892072	3881192.809062103	80
507513.5961892072	3881192.809062103	80
507513.7512791326	3881192.6872028667	80
507513.7512791326	3881192.6872028667	80
507513.8972428923	3881192.576425854	80
507514.03409881383	3881192.454551552	80
507514.03409881383	3881192.454551552	80
507514.1709455723	3881192.343767009	80
507514.1709455723	3881192.343767009	80
507514.1709455723	3881192.343767009	80
507514.3077831673	3881192.2440722263	80
507514.3077831673	3881192.2440722263	80
507514.435512926	3881192.133280151	80
507514.435512926	3881192.133280151	80
507514.5632426902	3881192.022488079	80
507514.5632426902	3881192.022488079	80
507514.68184628134	3881191.922778228	80
507514.68184628134	3881191.922778228	80
507514.80044987274	3881191.8230683804	80
507514.80044987274	3881191.8230683804	80
507514.9190534714	3881191.7233585333	80
507515.0376570704	3881191.6236486877	80
507515.0376570704	3881191.6236486877	80
507515.0376570704	3881191.6236486877	80
507515.1562515017	3881191.5350286025	80
507515.1562515017	3881191.5350286025	80
507515.26572893304	3881191.4464009814	80
507515.384314203	3881191.368870658	80
507515.384314203	3881191.368870658	80
507515.384314203	3881191.368870658	80
507515.4937824679	3881191.2913327967	80
507515.4937824679	3881191.2913327967	80
507515.6123677419	3881191.213802478	80
507515.6123677419	3881191.213802478	80
507515.7218360106	3881191.13626462	80
507515.7218360106	3881191.13626462	80
507515.83130428114	3881191.0587267634	80
507515.9407725536	3881190.9811889096	80
507515.9407725536	3881190.9811889096	80
507516.0411238204	3881190.903643518	80
507516.0411238204	3881190.903643518	80
507516.15060126566	3881190.8150159074	80
507516.15060126566	3881190.8150159074	80
507516.2509617031	3881190.7263807612	80
507516.2509617031	3881190.7263807612	80
507516.3604391548	3881190.6377531528	80
507516.3604391548	3881190.6377531528	80
507516.3604391548	3881190.6377531528	80
507516.4790336142	3881190.5491330847	80
507516.5794032297	3881190.449408184	80
507516.4790336142	3881190.5491330847	80
507516.67977284745	3881190.349683283	80
507516.67977284745	3881190.349683283	80
507516.78925030556	3881190.26105568	80
507516.78925030556	3881190.26105568	80
507516.8804937494	3881190.172413002	80
507516.8804937494	3881190.172413002	80
507516.8804937494	3881190.172413002	80
507516.97173719504	3881190.0837703235	80
507516.97173719504	3881190.0837703235	80
507517.0629806401	3881189.995127647	80
507517.0629806401	3881189.995127647	80
507517.1451162511	3881189.895387673	80
507517.1451162511	3881189.895387673	80
507517.2272426935	3881189.80673746	80
507517.2272426935	3881189.80673746	80
507517.30936913745	3881189.7180872466	80
507517.30936913745	3881189.7180872466	80
507517.3915047537	3881189.618347275	80
507517.47364036937	3881189.5186073054	80
507517.3915047537	3881189.618347275	80
507517.47364036937	3881189.5186073054	80
507517.5557759892	3881189.4188673357	80
507517.5557759892	3881189.4188673357	80
507517.63791161083	3881189.319127368	80
507517.63791161083	3881189.319127368	80
507517.7109302251	3881189.219379859	80
507517.7839488409	3881189.119632353	80
507517.7839488409	3881189.119632353	80
507517.85695828486	3881189.030974606	80
507517.85695828486	3881189.030974606	80
507517.9299769038	3881188.9312270996	80
507517.9299769038	3881188.9312270996	80
507517.9299769038	3881188.9312270996	80
507517.9938693411	3881188.8425618126	80
507517.9938693411	3881188.8425618126	80
507518.05776178197	3881188.7538965256	80
507518.05776178197	3881188.7538965256	80
507518.1216450502	3881188.676320998	80
507518.1216450502	3881188.676320998	80
507518.1764204836	3881188.587648173	80
507518.1764204836	3881188.587648173	80
507518.24030375405	3881188.510072645	80
507518.24030375405	3881188.510072645	80
507518.2950791897	3881188.421399821	80
507518.2950791897	3881188.421399821	80
507518.35897163645	3881188.332734537	80
507518.35897163645	3881188.332734537	80
507518.43199026416	3881188.232987036	80
507518.5050088958	3881188.1332395347	80
507518.5050088958	3881188.1332395347	80
507518.5050088958	3881188.1332395347	80
507518.58715371153	3881188.022409816	80
507518.58715371153	3881188.022409816	80
507518.66930770146	3881187.90049034	80
507518.66930770146	3881187.90049034	80
507518.7514616913	3881187.7785708653	80
507518.833624858	3881187.645561634	80
507518.7514616913	3881187.7785708653	80
507518.91579719726	3881187.5014626435	80
507518.91579719726	3881187.5014626435	80
507519.0070865549	3881187.3573711957	80
507519.0070865549	3881187.3573711957	80
507519.098375913	3881187.213279748	80
507519.098375913	3881187.213279748	80
507519.19878228306	3881187.0691958424	80
507519.19878228306	3881187.0691958424	80
507519.19878228306	3881187.0691958424	80
507519.28095463564	3881186.925096857	80
507519.36312699085	3881186.7809978714	80
507519.36312699085	3881186.7809978714	80
507519.36312699085	3881186.7809978714	80
507519.4452901755	3881186.6479886454	80
507519.4452901755	3881186.6479886454	80
507519.51833634835	3881186.514971877	80
507519.51833634835	3881186.514971877	80
507519.5822655136	3881186.3819475695	80
507519.6553025172	3881186.260020562	80
507519.6553025172	3881186.260020562	80
507519.6553025172	3881186.260020562	80
507519.710096327	3881186.149168229	80
507519.710096327	3881186.149168229	80
507519.7648901382	3881186.038315896	80
507519.8196747748	3881185.9385533235	80
507519.7648901382	3881186.038315896	80
507519.8196747748	3881185.9385533235	80
507519.87445941253	3881185.8387907497	80
507519.87445941253	3881185.8387907497	80
507519.92924405384	3881185.739028177	80
507519.97492085735	3881185.628168304	80
507519.97492085735	3881185.628168304	80
507520.0297146726	3881185.5173159735	80
507520.0297146726	3881185.5173159735	80
507520.0297146726	3881185.5173159735	80
507520.0845084891	3881185.406463645	80
507520.1484376704	3881185.273439341	80
507520.1484376704	3881185.273439341	80
507520.21236685355	3881185.1404150375	80
507520.21236685355	3881185.1404150375	80
507520.27630521276	3881184.996300976	80
507520.27630521276	3881184.996300976	80
507520.34936058515	3881184.852194458	80
507520.34936058515	3881184.852194458	80
507520.42242513655	3881184.6969981813	80
507520.42242513655	3881184.6969981813	80
507520.49548969045	3881184.541801907	80
507520.49548969045	3881184.541801907	80
507520.568563419	3881184.3755158735	80
507520.568563419	3881184.3755158735	80
507520.568563419	3881184.3755158735	80
507520.6416371525	3881184.209229841	80
507520.6416371525	3881184.209229841	80
507520.70558469737	3881184.0540260253	80
507520.70558469737	3881184.0540260253	80
507520.76954142144	3881183.887732451	80
507520.76954142144	3881183.887732451	80
507520.8334889707	3881183.732528637	80
507520.8334889707	3881183.732528637	80
507520.8883103347	3881183.588407037	80
507520.8883103347	3881183.588407037	80
507520.94313170045	3881183.444285438	80
507520.94313170045	3881183.444285438	80
507520.9888360505	3881183.300156297	80
507521.03453122696	3881183.167116913	80
507521.03453122696	3881183.167116913	80
507521.07110021653	3881183.0451597446	80
507521.07110021653	3881183.0451597446	80
507521.07110021653	3881183.0451597446	80
507521.1167862202	3881182.923210121	80
507521.1167862202	3881182.923210121	80
507521.16246305226	3881182.812350255	80
507521.16246305226	3881182.812350255	80
507521.19903204264	3881182.6903930875	80
507521.2447180499	3881182.5684434636	80
507521.2447180499	3881182.5684434636	80
507521.2447180499	3881182.5684434636	80
507521.2904040606	3881182.44649384	80
507521.3360992457	3881182.3134544585	80
507521.3360992457	3881182.3134544585	80
507521.38180360995	3881182.1693253196	80
507521.38180360995	3881182.1693253196	80
507521.38180360995	3881182.1693253196	80
507521.42751714884	3881182.014106423	80
507521.4823477058	3881181.8588950695	80
507521.4823477058	3881181.8588950695	80
507521.52807042596	3881181.6925864145	80
507521.52807042596	3881181.6925864145	80
507521.57380232116	3881181.515188001	80
507521.57380232116	3881181.515188001	80
507521.61952504236	3881181.3488793485	80
507521.61952504236	3881181.3488793485	80
507521.6561307503	3881181.1825631494	80
507521.6561307503	3881181.1825631494	80
507521.68361944216	3881181.0162394093	80
507521.68361944216	3881181.0162394093	80
507521.71110813034	3881180.849915668	80
507521.71110813034	3881180.849915668	80
507521.71110813034	3881180.849915668	80
507521.72947980644	3881180.683584384	80
507521.72947980644	3881180.683584384	80
507521.74784230493	3881180.528342857	80
507521.74784230493	3881180.528342857	80
507521.7570877837	3881180.373093788	80
507521.7570877837	3881180.373093788	80
507521.7663332674	3881180.21784472	80
507521.7663332674	3881180.21784472	80
507521.7664617307	3881180.0625881064	80
507521.7664617307	3881180.0625881064	80
507521.766590194	3881179.9073314923	80
507521.766590194	3881179.9073314923	80
507521.7667186573	3881179.7520748805	80
507521.7667186573	3881179.7520748805	80
507521.76685629657	3881179.58572851	80
507521.76685629657	3881179.58572851	80
507521.75787691446	3881179.419374595	80
507521.75787691446	3881179.419374595	80
507521.7580329054	3881179.230848707	80
507521.7580329054	3881179.230848707	80
507521.739945684	3881179.0533974906	80
507521.739945684	3881179.0533974906	80
507521.7309846549	3881178.8648640597	80
507521.7309846549	3881178.8648640597	80
507521.7037895837	3881178.676315543	80
507521.6765853401	3881178.4988567815	80
507521.7037895837	3881178.676315543	80
507521.6765853401	3881178.4988567815	80
507521.6493902666	3881178.3103082655	80
507521.622195192	3881178.1217597467	80
507521.622195192	3881178.1217597467	80
507521.622195192	3881178.1217597467	80
507521.57674772607	3881177.9553756593	80
507521.57674772607	3881177.9553756593	80
507521.53130025853	3881177.7889915714	80
507521.53130025853	3881177.7889915714	80
507521.49496980774	3881177.622615027	80
507521.49496980774	3881177.622615027	80
507521.44951316144	3881177.4673206974	80
507521.4040565113	3881177.312026369	80
507521.4040565113	3881177.312026369	80
507521.3494736651	3881177.167814254	80
507521.3494736651	3881177.167814254	80
507521.3494736651	3881177.167814254	80
507521.30400783865	3881177.0236096834	80
507521.24943416216	3881176.868307812	80
507521.24943416216	3881176.868307812	80
507521.24943416216	3881176.868307812	80
507521.1857434621	3881176.7129983995	80
507521.1857434621	3881176.7129983995	80
507521.12205276213	3881176.557688985	80
507521.12205276213	3881176.557688985	80
507521.05837123276	3881176.3912898134	80
507521.05837123276	3881176.3912898134	80
507520.97646483156	3881176.2137857997	80
507520.903666277	3881176.0473790867	80
507520.903666277	3881176.0473790867	80
507520.82175069494	3881175.8809648314	80
507520.82175069494	3881175.8809648314	80
507520.7398351098	3881175.714550577	80
507520.82175069494	3881175.8809648314	80
507520.7398351098	3881175.714550577	80
507520.6487933266	3881175.55921854	80
507520.5577607123	3881175.392796744	80
507520.5577607123	3881175.392796744	80
507520.5577607123	3881175.392796744	80
507520.45759272284	3881175.2485469244	80
507520.45759272284	3881175.2485469244	80
507520.35742473014	3881175.104297105	80
507520.2663737578	3881174.9600548293	80
507520.35742473014	3881175.104297105	80
507520.2663737578	3881174.9600548293	80
507520.16619658493	3881174.8268947704	80
507520.07514560904	3881174.682652497	80
507520.07514560904	3881174.682652497	80
507519.97495925653	3881174.560582199	80
507519.97495925653	3881174.560582199	80
507519.8838990967	3881174.4274296844	80
507519.8838990967	3881174.4274296844	80
507519.78371273883	3881174.305359387	80
507519.78371273883	3881174.305359387	80
507519.68352638057	3881174.183289091	80
507519.78371273883	3881174.305359387	80
507519.48315365135	3881173.939148504	80
507519.48315365135	3881173.939148504	80
507519.48315365135	3881173.939148504	80
507519.39206596126	3881173.8392652688	80
507519.39206596126	3881173.8392652688	80
507519.3009874421	3881173.7282922775	80
507519.3009874421	3881173.7282922775	80
507519.20079189586	3881173.6173117454	80
507519.20079189586	3881173.6173117454	80
507519.10058717453	3881173.5174209727	80
507518.90020524483	3881173.2843701555	80
507519.10058717453	3881173.5174209727	80
507518.90020524483	3881173.2843701555	80
507518.8000005165	3881173.184479386	80
507518.5904923719	3881172.962510794	80
507518.5904923719	3881172.962510794	80
507518.4811797806	3881172.85152273	80
507518.4811797806	3881172.85152273	80
507518.37186719134	3881172.740534667	80
507518.4811797806	3881172.85152273	80
507518.25344674056	3881172.6184493056	80
507518.25344674056	3881172.6184493056	80
507518.25344674056	3881172.6184493056	80
507518.1350262889	3881172.4963639486	80
507518.1350262889	3881172.4963639486	80
507518.007488808	3881172.3742710515	80
507518.007488808	3881172.3742710515	80
507517.87996049254	3881172.2410883987	80
507517.87996049254	3881172.2410883987	80
507517.7433059783	3881172.1189879673	80
507517.7433059783	3881172.1189879673	80
507517.61577765766	3881171.985805318	80
507517.61577765766	3881171.985805318	80
507517.479123136	3881171.863704889	80
507517.3424777813	3881171.7305147047	80
507517.479123136	3881171.863704889	80
507517.3424777813	3881171.7305147047	80
507517.2149311086	3881171.6195115778	80
507517.07827657374	3881171.497411155	80
507517.2149311086	3881171.6195115778	80
507517.07827657374	3881171.497411155	80
507516.95073906466	3881171.375318273	80
507516.95073906466	3881171.375318273	80
507516.814075355	3881171.2643076126	80
507516.67741164204	3881171.1532969545	80
507516.67741164204	3881171.1532969545	80
507516.67741164204	3881171.1532969545	80
507516.39497634565	3881170.9201783487	80
507516.39497634565	3881170.9201783487	80
507516.24919559475	3881170.8091601566	80
507516.24919559475	3881170.8091601566	80
507516.1034148403	3881170.6981419693	80
507516.1034148403	3881170.6981419693	80
507515.9576432488	3881170.576034027	80
507515.9576432488	3881170.576034027	80
507515.81186248705	3881170.4650158435	80
507515.81186248705	3881170.4650158435	80
507515.6660817217	3881170.353997663	80
507515.6660817217	3881170.353997663	80
507515.5202917822	3881170.254069242	80
507515.5202917822	3881170.254069242	80
507515.37451101	3881170.1430510664	80
507515.37451101	3881170.1430510664	80
507515.2378289267	3881170.0542199453	80
507515.2378289267	3881170.0542199453	80
507514.9918250031	3881169.8654905627	80
507514.8733769716	3881169.7766745226	80
507514.9918250031	3881169.8654905627	80
507514.7549289331	3881169.6878584824	80
507514.8733769716	3881169.7766745226	80
507514.7549289331	3881169.6878584824	80
507514.6455979235	3881169.59904998	80
507514.6455979235	3881169.59904998	80
507514.5362577446	3881169.521331238	80
507514.5362577446	3881169.521331238	80
507514.4269175639	3881169.443612497	80
507514.4269175639	3881169.443612497	80
507514.3175865481	3881169.3548039985	80
507514.3175865481	3881169.3548039985	80
507514.2082555302	3881169.2659955015	80
507514.2082555302	3881169.2659955015	80
507514.08980748086	3881169.17717947	80
507514.08980748086	3881169.17717947	80
507513.97135942924	3881169.0883634416	80
507513.97135942924	3881169.0883634416	80
507513.8438035121	3881168.9884501193	80
507513.8438035121	3881168.9884501193	80
507513.72535545327	3881168.899634092	80
507513.72535545327	3881168.899634092	80
507513.60691656044	3881168.79972831	80
507513.488477665	3881168.6998225283	80
507513.488477665	3881168.6998225283	80
507513.37003876694	3881168.5999167506	80
507513.37003876694	3881168.5999167506	80
507513.37003876694	3881168.5999167506	80
507513.25159070076	3881168.51110073	80
507513.25159070076	3881168.51110073	80
507513.13315179764	3881168.4111949536	80
507513.01471289195	3881168.3112891777	80
507513.01471289195	3881168.3112891777	80
507513.01471289195	3881168.3112891777	80
507512.8962648185	3881168.2224731627	80
507512.8962648185	3881168.2224731627	80
507512.77781674045	3881168.1336571495	80
507512.77781674045	3881168.1336571495	80
507512.6593778295	3881168.0337513783	80
507512.6593778295	3881168.0337513783	80
507512.54092974676	3881167.9449353684	80
507512.41336463334	3881167.8561118254	80
507512.41336463334	3881167.8561118254	80
507512.41336463334	3881167.8561118254	80
507512.2857995174	3881167.767288283	80
507512.14910820406	3881167.689546966	80
507512.14910820406	3881167.689546966	80
507512.0215430809	3881167.6007234296	80
507512.0215430809	3881167.6007234296	80
507512.0215430809	3881167.6007234296	80
507511.89397795766	3881167.5118998936	80
507511.89397795766	3881167.5118998936	80
507511.76641283184	3881167.423076358	80
507511.76641283184	3881167.423076358	80
507511.62973067246	3881167.3342452934	80
507511.62973067246	3881167.3342452934	80
507511.493039347	3881167.2565039876	80
507511.493039347	3881167.2565039876	80
507511.36547421134	3881167.1676804586	80
507511.36547421134	3881167.1676804586	80
507511.2287920442	3881167.0788493985	80
507511.2287920442	3881167.0788493985	80
507511.10121774295	3881167.0011156313	80
507510.9645355707	3881166.912284576	80
507510.9645355707	3881166.912284576	80
507510.9645355707	3881166.912284576	80
507510.8278533958	3881166.823453522	80
507510.8278533958	3881166.823453522	80
507510.6911620558	3881166.745712227	80
507510.6911620558	3881166.745712227	80
507510.5453628416	3881166.6568736467	80
507510.5453628416	3881166.6568736467	80
507510.4086714967	3881166.579132357	80
507510.26286311756	3881166.501383536	80
507510.26286311756	3881166.501383536	80
507510.26286311756	3881166.501383536	80
507510.11705473124	3881166.4236347196	80
507510.11705473124	3881166.4236347196	80
507509.9803633792	3881166.3458934356	80
507509.9803633792	3881166.3458934356	80
507509.834564154	3881166.2570548654	80
507509.834564154	3881166.2570548654	80
507509.69786363584	3881166.190403344	80
507509.570280148	3881166.1237593573	80
507509.69786363584	3881166.190403344	80
507509.570280148	3881166.1237593573	80
507509.43358878675	3881166.0460180836	80
507509.3059961343	3881165.9904638566	80
507509.43358878675	3881166.0460180836	80
507509.187529671	3881165.9238274056	80
507509.3059961343	3881165.9904638566	80
507509.187529671	3881165.9238274056	80
507509.0781802432	3881165.857198487	80
507509.0781802432	3881165.857198487	80
507508.9597046162	3881165.801651797	80
507508.9597046162	3881165.801651797	80
507508.8594630579	3881165.746120169	80
507508.8594630579	3881165.746120169	80
507508.7592214937	3881165.6905885437	80
507508.7592214937	3881165.6905885437	80
507508.6589707706	3881165.646146677	80
507508.6589707706	3881165.646146677	80
507508.5678370818	3881165.6017123396	80
507508.4858295823	3881165.5461957776	80
507508.4858295823	3881165.5461957776	80
507508.4858295823	3881165.5461957776	80
507508.40380376263	3881165.5128587326	80
507508.40380376263	3881165.5128587326	80
507508.33090413717	3881165.4684394593	80
507508.2671123823	3881165.4351174748	80
507508.2671123823	3881165.4351174748	80
507508.2671123823	3881165.4351174748	80
507508.1942127532	3881165.3906982034	80
507508.1395380304	3881165.3573837494	80
507508.1942127532	3881165.3906982034	80
507508.0757462763	3881165.3240617667	80
507508.0757462763	3881165.3240617667	80
507508.0757462763	3881165.3240617667	80
507508.0210715526	3881165.290747314	80
507508.0210715526	3881165.290747314	80
507507.96639683086	3881165.257432861	80
507507.96639683086	3881165.257432861	80
507507.90260507545	3881165.2241108795	80
507507.90260507545	3881165.2241108795	80
507507.8388133173	3881165.1907888977	80
507507.8388133173	3881165.1907888977	80
507507.7659136865	3881165.14636963	80
507507.7659136865	3881165.14636963	80
507507.69301405264	3881165.101950363	80
507507.69301405264	3881165.101950363	80
507507.61100654333	3881165.0464338097	80
507507.5198819996	3881164.9909097245	80
507507.5198819996	3881164.9909097245	80
507507.5198819996	3881164.9909097245	80
507507.42875745473	3881164.935385644	80
507507.42875745473	3881164.935385644	80
507507.32852503576	3881164.8687642757	80
507507.32852503576	3881164.8687642757	80
507507.2282834525	3881164.813232666	80
507507.2282834525	3881164.813232666	80
507507.11893399473	3881164.746603771	80
507507.11893399473	3881164.746603771	80
507507.0095845354	3881164.6799748773	80
507506.90023507434	3881164.6133459858	80
507506.90023507434	3881164.6133459858	80
507506.90023507434	3881164.6133459858	80
507506.7908947694	3881164.535627337	80
507506.7908947694	3881164.535627337	80
507506.6724282734	3881164.4689909187	80
507506.55397092836	3881164.3912647436	80
507506.55397092836	3881164.3912647436	80
507506.4355044265	3881164.3246283294	80
507506.4355044265	3881164.3246283294	80
507506.3079300433	3881164.2468946306	80
507506.3079300433	3881164.2468946306	80
507506.3079300433	3881164.2468946306	80
507506.1803556603	3881164.1691609337	80
507506.1803556603	3881164.1691609337	80
507506.0436733975	3881164.0803299514	80
507506.0436733975	3881164.0803299514	80
507505.89786494104	3881164.0025812015	80
507505.89786494104	3881164.0025812015	80
507505.7520656361	3881163.913742697	80
507505.7520656361	3881163.913742697	80
507505.60626633064	3881163.824904195	80
507505.60626633064	3881163.824904195	80
507505.45134998765	3881163.7360581686	80
507505.30555982987	3881163.6361299125	80
507505.30555982987	3881163.6361299125	80
507505.1415264435	3881163.5472763637	80
507505.1415264435	3881163.5472763637	80
507504.9866192489	3881163.447340586	80
507504.9866192489	3881163.447340586	80
507504.822585856	3881163.358487043	80
507504.822585856	3881163.358487043	80
507504.822585856	3881163.358487043	80
507504.6585616149	3881163.258543746	80
507504.6585616149	3881163.258543746	80
507504.503645253	3881163.169697735	80
507504.503645253	3881163.169697735	80
507504.3578459211	3881163.0808592527	80
507504.3578459211	3881163.0808592527	80
507504.2120465887	3881162.9920207737	80
507504.2120465887	3881162.9920207737	80
507504.0662472535	3881162.9031822956	80
507504.0662472535	3881162.9031822956	80
507503.92955579684	3881162.825441104	80
507503.80198137363	3881162.7477074405	80
507503.80198137363	3881162.7477074405	80
507503.80198137363	3881162.7477074405	80
507503.6744069459	3881162.6699737776	80
507503.5559495542	3881162.5922476435	80
507503.5559495542	3881162.5922476435	80
507503.43748300686	3881162.5256112674	80
507503.43748300686	3881162.5256112674	80
507503.30989941955	3881162.458967369	80
507503.30989941955	3881162.458967369	80
507503.30989941955	3881162.458967369	80
507503.19144202425	3881162.381241238	80
507503.19144202425	3881162.381241238	80
507503.06385843543	3881162.314597342	80
507503.06385843543	3881162.314597342	80
507502.9271669614	3881162.236856166	80
507502.9271669614	3881162.236856166	80
507502.7904754851	3881162.159114991	80
507502.7904754851	3881162.159114991	80
507502.65378400177	3881162.081373818	80
507502.65378400177	3881162.081373818	80
507502.5171016732	3881161.992542892	80
507502.3712931531	3881161.9147941996	80
507502.5171016732	3881161.992542892	80
507502.2254937826	3881161.825955752	80
507502.2254937826	3881161.825955752	80
507502.2254937826	3881161.825955752	80
507502.0888022918	3881161.748214587	80
507502.0888022918	3881161.748214587	80
507501.95211080095	3881161.6704734266	80
507501.95211080095	3881161.6704734266	80
507501.8154193078	3881161.5927322665	80
507501.8154193078	3881161.5927322665	80
507501.67871866084	3881161.5260808673	80
507501.67871866084	3881161.5260808673	80
507501.56025208364	3881161.4594445163	80
507501.56025208364	3881161.4594445163	80
507501.4417855093	3881161.3928081673	80
507501.4417855093	3881161.3928081673	80
507501.3324359657	3881161.326179342	80
507501.3324359657	3881161.326179342	80
507501.2230772744	3881161.270640276	80
507501.12283561425	3881161.215108734	80
507501.2230772744	3881161.270640276	80
507501.12283561425	3881161.215108734	80
507501.0225939576	3881161.159577194	80
507501.0225939576	3881161.159577194	80
507500.92235229735	3881161.104045655	80
507500.92235229735	3881161.104045655	80
507500.8221106336	3881161.0485141184	80
507500.8221106336	3881161.0485141184	80
507500.7127427856	3881161.004064815	80
507500.7127427856	3881161.004064815	80
507500.5942761968	3881160.9374284777	80
507500.5942761968	3881160.9374284777	80
507500.46668341645	3881160.8818743755	80
507500.46668341645	3881160.8818743755	80
507500.329982749	3881160.8152229968	80
507500.19328207953	3881160.748571619	80
507500.19328207953	3881160.748571619	80
507500.19328207953	3881160.748571619	80
507500.04747351975	3881160.670822965	80
507500.04747351975	3881160.670822965	80
507499.89255706646	3881160.581977033	80
507499.89255706646	3881160.581977033	80
507499.73763146345	3881160.504220861	80
507499.73763146345	3881160.504220861	80
507499.58271500433	3881160.4153749347	80
507499.58271500433	3881160.4153749347	80
507499.4186815063	3881160.326521489	80
507499.4186815063	3881160.326521489	80
507499.26376504335	3881160.2376755686	80
507499.26376504335	3881160.2376755686	80
507499.0997223885	3881160.1599118873	80
507499.0997223885	3881160.1599118873	80
507498.9448059173	3881160.0710659707	80
507498.9448059173	3881160.0710659707	80
507498.7898802975	3881159.993309816	80
507498.64407171356	3881159.9155611834	80
507498.64407171356	3881159.9155611834	80
507498.64407171356	3881159.9155611834	80
507498.5073801635	3881159.8378200736	80
507498.5073801635	3881159.8378200736	80
507498.3706886134	3881159.7600789675	80
507498.3706886134	3881159.7600789675	80
507498.2431049525	3881159.69343514	80
507498.12464747566	3881159.615709076	80
507498.2431049525	3881159.69343514	80
507498.12464747566	3881159.615709076	80
507497.99706381094	3881159.549065251	80
507497.99706381094	3881159.549065251	80
507497.8694892911	3881159.471331671	80
507497.7419056202	3881159.4046878503	80
507497.7419056202	3881159.4046878503	80
507497.7419056202	3881159.4046878503	80
507497.6143310962	3881159.326954273	80
507497.6143310962	3881159.326954273	80
507497.4776303845	3881159.260302938	80
507497.4776303845	3881159.260302938	80
507497.34093881695	3881159.182561845	80
507497.34093881695	3881159.182561845	80
507497.204247247	3881159.1048207567	80
507497.204247247	3881159.1048207567	80
507497.058438633	3881159.0270721493	80
507497.058438633	3881159.0270721493	80
507496.90351297933	3881158.9493160276	80
507496.90351297933	3881158.9493160276	80
507496.7485964661	3881158.8604701487	80
507496.7485964661	3881158.8604701487	80
507496.6027878466	3881158.782721549	80
507496.4569883673	3881158.693883196	80
507496.6027878466	3881158.782721549	80
507496.4569883673	3881158.693883196	80
507496.3111797427	3881158.6161346007	80
507496.3111797427	3881158.6161346007	80
507496.1744973001	3881158.5273037683	80
507496.1744973001	3881158.5273037683	80
507496.0378057104	3881158.449562696	80
507496.0378057104	3881158.449562696	80
507495.90111411834	3881158.3718216266	80
507495.90111411834	3881158.3718216266	80
507495.7735395618	3881158.294088076	80
507495.7735395618	3881158.294088076	80
507495.6459558614	3881158.227444285	80
507495.6459558614	3881158.227444285	80
507495.51837215904	3881158.1608004957	80
507495.3907975986	3881158.0830669515	80
507495.3907975986	3881158.0830669515	80
507495.3907975986	3881158.0830669515	80
507495.2632138901	3881158.016423166	80
507495.1174052444	3881157.9386745906	80
507495.1174052444	3881157.9386745906	80
507495.1174052444	3881157.9386745906	80
507494.9715965939	3881157.860926018	80
507494.9715965939	3881157.860926018	80
507494.82579708623	3881157.772087688	80
507494.6617634942	3881157.6832343307	80
507494.6617634942	3881157.6832343307	80
507494.6617634942	3881157.6832343307	80
507494.50684693985	3881157.5943884905	80
507494.33370544063	3881157.494437863	80
507494.33370544063	3881157.494437863	80
507494.1696718365	3881157.4055845137	80
507494.1696718365	3881157.4055845137	80
507493.9965303323	3881157.3056338932	80
507494.1696718365	3881157.4055845137	80
507493.8324967214	3881157.2167805494	80
507493.8324967214	3881157.2167805494	80
507493.6684631074	3881157.127927209	80
507493.6684631074	3881157.127927209	80
507493.5135465338	3881157.0390813863	80
507493.5135465338	3881157.0390813863	80
507493.3677469988	3881156.9502430814	80
507493.3677469988	3881156.9502430814	80
507493.2128212759	3881156.8724870216	80
507493.3677469988	3881156.9502430814	80
507493.2128212759	3881156.8724870216	80
507493.06701259443	3881156.7947384794	80
507492.93032095215	3881156.716997455	80
507493.06701259443	3881156.7947384794	80
507492.93032095215	3881156.716997455	80
507492.7936201647	3881156.6503461897	80
507492.6569285179	3881156.572605167	80
507492.6569285179	3881156.572605167	80
507492.6569285179	3881156.572605167	80
507492.5111198268	3881156.4948566346	80
507492.3744281753	3881156.417115618	80
507492.5111198268	3881156.4948566346	80
507492.2377365214	3881156.339374603	80
507492.2377365214	3881156.339374603	80
507492.2377365214	3881156.339374603	80
507492.0919278207	3881156.2616260783	80
507491.9461191198	3881156.183877554	80
507492.0919278207	3881156.2616260783	80
507491.9461191198	3881156.183877554	80
507491.80031041644	3881156.1061290307	80
507491.80031041644	3881156.1061290307	80
507491.64538466587	3881156.028372999	80
507491.4995850964	3881155.9395347238	80
507491.4995850964	3881155.9395347238	80
507491.4995850964	3881155.9395347238	80
507491.3629025667	3881155.8507039645	80
507491.3629025667	3881155.8507039645	80
507491.21709385066	3881155.7729554526	80
507491.21709385066	3881155.7729554526	80
507491.08951921767	3881155.6952219685	80
507490.952827542	3881155.6174809732	80
507490.952827542	3881155.6174809732	80
507490.82524376875	3881155.55083725	80
507490.82524376875	3881155.55083725	80
507490.82524376875	3881155.55083725	80
507490.6976691316	3881155.4731037715	80
507490.6976691316	3881155.4731037715	80
507490.57008535217	3881155.4064600514	80
507490.57008535217	3881155.4064600514	80
507490.4516186186	3881155.3398238467	80
507490.4516186186	3881155.3398238467	80
507490.32403483783	3881155.2731801304	80
507490.32403483783	3881155.2731801304	80
507490.19646019256	3881155.1954466584	80
507490.19646019256	3881155.1954466584	80
507490.0597593622	3881155.1287954343	80
507490.0597593622	3881155.1287954343	80
507489.9321847126	3881155.0510619674	80
507489.9321847126	3881155.0510619674	80
507489.79548388056	3881154.9844107484	80
507489.79548388056	3881154.9844107484	80
507489.6587830464	3881154.91775953	80
507489.6587830464	3881154.91775953	80
507489.5220913445	3881154.8400185555	80
507489.38540877897	3881154.751187827	80
507489.38540877897	3881154.751187827	80
507489.38540877897	3881154.751187827	80
507489.2396000308	3881154.673439345	80
507489.10290832166	3881154.595698378	80
507489.2396000308	3881154.673439345	80
507489.10290832166	3881154.595698378	80
507488.95709956624	3881154.5179499025	80
507488.95709956624	3881154.5179499025	80
507488.81129994633	3881154.429111671	80
507488.81129994633	3881154.429111671	80
507488.66549118806	3881154.351363201	80
507488.66549118806	3881154.351363201	80
507488.51969156036	3881154.2625249736	80
507488.3738827969	3881154.184776508	80
507488.3738827969	3881154.184776508	80
507488.3738827969	3881154.184776508	80
507488.228083166	3881154.095938285	80
507488.228083166	3881154.095938285	80
507488.09140057664	3881154.007107575	80
507487.9364747586	3881153.9293516064	80
507487.9364747586	3881153.9293516064	80
507487.9364747586	3881153.9293516064	80
507487.7906751193	3881153.840513392	80
507487.64487547486	3881153.7516751806	80
507487.64487547486	3881153.7516751806	80
507487.64487547486	3881153.7516751806	80
507487.48995878507	3881153.66282946	80
507487.48995878507	3881153.66282946	80
507487.33504209225	3881153.573983744	80
507487.33504209225	3881153.573983744	80
507487.1892424414	3881153.485145539	80
507487.0343348738	3881153.38521007	80
507487.0343348738	3881153.38521007	80
507487.0343348738	3881153.38521007	80
507486.888535217	3881153.2963718697	80
507486.888535217	3881153.2963718697	80
507486.7518434694	3881153.2186309397	80
507486.7518434694	3881153.2186309397	80
507486.60603467416	3881153.1408825	80
507486.60603467416	3881153.1408825	80
507486.46022587176	3881153.063134066	80
507486.46022587176	3881153.063134066	80
507486.3144170739	3881152.9853856317	80
507486.16860827117	3881152.907637201	80
507486.16860827117	3881152.907637201	80
507486.16860827117	3881152.907637201	80
507486.03192563925	3881152.8188065235	80
507485.8769997858	3881152.7410505884	80
507485.8769997858	3881152.7410505884	80
507485.8769997858	3881152.7410505884	80
507485.7403080212	3881152.6633096724	80
507485.7403080212	3881152.6633096724	80
507485.5944900744	3881152.596651008	80
507485.5944900744	3881152.596651008	80
507485.45778917364	3881152.529999854	80
507485.45778917364	3881152.529999854	80
507485.32109740237	3881152.452258943	80
507485.32109740237	3881152.452258943	80
507485.18439649744	3881152.3856077935	80
507485.18439649744	3881152.3856077935	80
507485.0477047216	3881152.3078668867	80
507484.91100381257	3881152.2412157394	80
507484.91100381257	3881152.2412157394	80
507484.91100381257	3881152.2412157394	80
507484.7834199455	3881152.1745721023	80
507484.65583607886	3881152.107928467	80
507484.7834199455	3881152.1745721023	80
507484.65583607886	3881152.107928467	80
507484.52825221035	3881152.041284833	80
507484.52825221035	3881152.041284833	80
507484.4006683399	3881151.9746411997	80
507484.4006683399	3881151.9746411997	80
507484.2822015119	3881151.9080050765	80
507484.2822015119	3881151.9080050765	80
507484.1637255568	3881151.8524587112	80
507484.1637255568	3881151.8524587112	80
507484.05436664226	3881151.7969198534	80
507484.05436664226	3881151.7969198534	80
507483.94500773103	3881151.741380998	80
507483.94500773103	3881151.741380998	80
507483.8447658606	3881151.685849646	80
507483.8447658606	3881151.685849646	80
507483.73540694674	3881151.630310793	80
507483.73540694674	3881151.630310793	80
507483.644282123	3881151.57478695	80
507483.644282123	3881151.57478695	80
507483.5440311196	3881151.530345361	80
507483.44378924905	3881151.474814017	80
507483.5440311196	3881151.530345361	80
507483.44378924905	3881151.474814017	80
507483.34353824594	3881151.43037243	80
507483.34353824594	3881151.43037243	80
507483.23418845254	3881151.3637438244	80
507483.23418845254	3881151.3637438244	80
507483.1157216103	3881151.297107715	80
507483.1157216103	3881151.297107715	80
507482.98813771916	3881151.2304641036	80
507482.86056295456	3881151.152730735	80
507482.98813771916	3881151.2304641036	80
507482.72388026863	3881151.0639001066	80
507482.72388026863	3881151.0639001066	80
507482.72388026863	3881151.0639001066	80
507482.5963146252	3881150.975076984	80
507482.5963146252	3881150.975076984	80
507482.46874898154	3881150.8862538645	80
507482.3411742077	3881150.808520503	80
507482.3411742077	3881150.808520503	80
507482.3411742077	3881150.808520503	80
507482.222716477	3881150.7307946486	80
507482.222716477	3881150.7307946486	80
507482.10425874667	3881150.653068796	80
507482.10425874667	3881150.653068796	80
507481.9949180621	3881150.575350446	80
507481.9949180621	3881150.575350446	80
507481.8855591213	3881150.5198116167	80
507481.8855591213	3881150.5198116167	80
507481.78532635426	3881150.4531905316	80
507481.78532635426	3881150.4531905316	80
507481.6942015092	3881150.397666708	80
507481.6942015092	3881150.397666708	80
507481.6030857875	3881150.33105313	80
507481.6030857875	3881150.33105313	80
507481.511951811	3881150.2866190663	80
507481.511951811	3881150.2866190663	80
507481.43905193	3881150.2422000105	80
507481.43905193	3881150.2422000105	80
507481.37526909885	3881150.1977884592	80
507481.37526909885	3881150.1977884592	80
507481.32971123717	3881150.164481671	80
507481.32971123717	3881150.164481671	80
507481.31147713825	3881150.1644666647	80
507481.31147713825	3881150.1644666647	80
507481.3297021106	3881150.1755714277	80
507481.3297021106	3881150.1755714277	80
507481.33881003	3881150.18666869	80
507481.33881003	3881150.18666869	80
507481.3570441266	3881150.186683696	80
507481.3570441266	3881150.186683696	80
507481.3661520483	3881150.1977809556	80
507481.3661520483	3881150.1977809556	80
507481.37526909885	3881150.1977884592	80
507481.37526909885	3881150.1977884592	80
507481.37526909885	3881150.1977884592	80
507481.3843770205	3881150.20888572	80
507481.3843770205	3881150.20888572	80
507481.3843770205	3881150.20888572	80
507481.3843770205	3881150.20888572	80
507481.3843770205	3881150.20888572	80
507481.3843770205	3881150.20888572	80
507481.3843770205	3881150.20888572	80
507481.3843770205	3881150.20888572	80
507481.3843770205	3881150.20888572	80
507481.3843770205	3881150.20888572	80
507481.3843770205	3881150.20888572	80
507481.3843770205	3881150.20888572	80
507481.3843770205	3881150.20888572	80
507481.3843770205	3881150.20888572	80
507481.3843770205	3881150.20888572	80
507481.3843770205	3881150.20888572	80
507481.3843770205	3881150.20888572	80
507481.39349406876	3881150.2088932227	80
507481.39348494215	3881150.21998298	80
507481.39348494215	3881150.21998298	80
507481.39348494215	3881150.21998298	80
507481.39348494215	3881150.21998298	80
507481.39348494215	3881150.21998298	80
507481.39348494215	3881150.21998298	80
507481.39348494215	3881150.21998298	80
507481.39348494215	3881150.21998298	80
507481.39349406876	3881150.2088932227	80
507481.39349406876	3881150.2088932227	80
507481.39349406876	3881150.2088932227	80
507481.402611117	3881150.2089007264	80
507481.39348494215	3881150.21998298	80
507481.39348494215	3881150.21998298	80
507481.39348494215	3881150.21998298	80
507481.39348494215	3881150.21998298	80
507481.3843678939	3881150.2199754766	80
507481.3843678939	3881150.2199754766	80
507481.3843678939	3881150.2199754766	80
507481.3843678939	3881150.2199754766	80
507481.3843678939	3881150.2199754766	80
507481.3843678939	3881150.2199754766	80
507481.3843678939	3881150.2199754766	80
507481.3843678939	3881150.2199754766	80
507481.3843678939	3881150.2199754766	80
507481.3843678939	3881150.2199754766	80
507481.3843678939	3881150.2199754766	80
507481.3843678939	3881150.2199754766	80
507481.3843678939	3881150.2199754766	80
507481.3843678939	3881150.2199754766	80
507481.3843678939	3881150.2199754766	80
507481.3843678939	3881150.2199754766	80
507481.3843678939	3881150.2199754766	80
507481.3843678939	3881150.2199754766	80
507481.3843678939	3881150.2199754766	80
507481.3843678939	3881150.2199754766	80
507481.3843678939	3881150.2199754766	80
507481.3843678939	3881150.2199754766	80
507481.3843678939	3881150.2199754766	80
507481.3843678939	3881150.2199754766	80
507481.3843678939	3881150.2199754766	80
507481.3843678939	3881150.2199754766	80
507481.3843678939	3881150.2199754766	80
507481.3843678939	3881150.2199754766	80
507481.3843678939	3881150.2199754766	80
507481.3843678939	3881150.2199754766	80
507481.3843678939	3881150.2199754766	80
507481.3843678939	3881150.2199754766	80
507481.3843678939	3881150.2199754766	80
507481.3843678939	3881150.2199754766	80
507481.3843678939	3881150.2199754766	80
507481.3843678939	3881150.2199754766	80
507481.3843678939	3881150.2199754766	80
507481.3843678939	3881150.2199754766	80
507481.39348494215	3881150.21998298	80
507481.39348494215	3881150.21998298	80
507481.39348494215	3881150.21998298	80
507481.39348494215	3881150.21998298	80
507481.39348494215	3881150.21998298	80
507481.39348494215	3881150.21998298	80
507481.39348494215	3881150.21998298	80
507481.39348494215	3881150.21998298	80
507481.39348494215	3881150.21998298	80
507481.39348494215	3881150.21998298	80
507481.39348494215	3881150.21998298	80
507481.39348494215	3881150.21998298	80
507481.39348494215	3881150.21998298	80
507481.4026019904	3881150.219990483	80
507481.4026019904	3881150.219990483	80
507481.4026019904	3881150.219990483	80
507481.4026019904	3881150.219990483	80
507481.4026019904	3881150.219990483	80
507481.4026019904	3881150.219990483	80
507481.4026019904	3881150.219990483	80
507481.4026019904	3881150.219990483	80
507481.4117190386	3881150.219997986	80
507481.4117190386	3881150.219997986	80
507481.41170991195	3881150.2310877447	80
507481.41170991195	3881150.2310877447	80
507481.41170991195	3881150.2310877447	80
507481.41170991195	3881150.2310877447	80
507481.4208269602	3881150.2310952474	80
507481.4208269602	3881150.2310952474	80
507481.4208269602	3881150.2310952474	80
507481.4208269602	3881150.2310952474	80
507481.4208269602	3881150.2310952474	80
507481.4208269602	3881150.2310952474	80
507481.4208269602	3881150.2310952474	80
507481.4208269602	3881150.2310952474	80
507481.4208269602	3881150.2310952474	80
507481.4208269602	3881150.2310952474	80
507481.4208269602	3881150.2310952474	80
507481.4208269602	3881150.2310952474	80
507481.4208269602	3881150.2310952474	80
507481.4208269602	3881150.2310952474	80
507481.4208269602	3881150.2310952474	80
507481.4208269602	3881150.2310952474	80
507481.4208269602	3881150.2310952474	80
507481.4208269602	3881150.2310952474	80
507481.4208269602	3881150.2310952474	80
507481.4208269602	3881150.2310952474	80
507481.4208269602	3881150.2310952474	80
507481.4208269602	3881150.2310952474	80
507481.4208269602	3881150.2310952474	80
507481.4208269602	3881150.2310952474	80
507481.4208269602	3881150.2310952474	80
507481.4208269602	3881150.2310952474	80
507481.4208269602	3881150.2310952474	80
507481.4208269602	3881150.2310952474	80
507481.4208269602	3881150.2310952474	80
507481.4208269602	3881150.2310952474	80
507481.4208269602	3881150.2310952474	80
507481.4208269602	3881150.2310952474	80
507481.4208269602	3881150.2310952474	80
507481.4208269602	3881150.2310952474	80
507481.4208269602	3881150.2310952474	80
