507506.89538293163	3881214.6503652143	40
507506.89538293163	3881214.6503652143	40
507506.89538293163	3881214.6503652143	40
507506.89538293163	3881214.6503652143	40
507506.89538293163	3881214.6503652143	40
507506.89538293163	3881214.6503652143	40
507506.89538293163	3881214.6503652143	40
507506.89538293163	3881214.6503652143	40
507506.89538293163	3881214.6503652143	40
507506.89538293163	3881214.6503652143	40
507506.89538293163	3881214.6503652143	40
507506.89538293163	3881214.6503652143	40
507506.89538293163	3881214.6503652143	40
507506.89538293163	3881214.6503652143	40
507506.89538293163	3881214.6503652143	40
507506.89538293163	3881214.6503652143	40
507506.89538293163	3881214.6503652143	40
507506.89538293163	3881214.6503652143	40
507506.89538293163	3881214.6503652143	40
507506.89538293163	3881214.6503652143	40
507506.89538293163	3881214.6503652143	40
507506.89538293163	3881214.6503652143	40
507506.89538293163	3881214.6503652143	40
507506.89538293163	3881214.6503652143	40
507506.89538293163	3881214.6503652143	40
507506.89538293163	3881214.6503652143	40
507506.89538293163	3881214.6503652143	40
507506.89538293163	3881214.6503652143	40
507506.89538293163	3881214.6503652143	40
507506.89538293163	3881214.6503652143	40
507506.8862659457	3881214.650357685	40
507506.8862659457	3881214.650357685	40
507506.8862659457	3881214.650357685	40
507506.8862659457	3881214.650357685	40
507506.8862659457	3881214.650357685	40
507506.8862659457	3881214.650357685	40
507506.8862659457	3881214.650357685	40
507506.8862659457	3881214.650357685	40
507506.8862659457	3881214.650357685	40
507506.8862659457	3881214.650357685	40
507506.8862659457	3881214.650357685	40
507506.8862659457	3881214.650357685	40
507506.8862659457	3881214.650357685	40
507506.8862659457	3881214.650357685	40
507506.89538293163	3881214.6503652143	40
507506.89538293163	3881214.6503652143	40
507506.89538293163	3881214.6503652143	40
507506.89538293163	3881214.6503652143	40
507506.89538293163	3881214.6503652143	40
507506.89538293163	3881214.6503652143	40
507506.89538293163	3881214.6503652143	40
507506.89538293163	3881214.6503652143	40
507506.89538293163	3881214.6503652143	40
507506.89538293163	3881214.6503652143	40
507506.89538293163	3881214.6503652143	40
507506.89538293163	3881214.6503652143	40
507506.89539208956	3881214.6392754554	40
507506.89539208956	3881214.6392754554	40
507506.89539208956	3881214.6392754554	40
507506.89539208956	3881214.6392754554	40
507506.89539208956	3881214.6392754554	40
507506.89539208956	3881214.6392754554	40
507506.89539208956	3881214.6392754554	40
507506.89539208956	3881214.6392754554	40
507506.89539208956	3881214.6392754554	40
507506.89539208956	3881214.6392754554	40
507506.89539208956	3881214.6392754554	40
507506.89539208956	3881214.6392754554	40
507506.89539208956	3881214.6392754554	40
507506.90451823117	3881214.6281932243	40
507506.89539208956	3881214.6392754554	40
507506.9136535307	3881214.6060212385	40
507506.9136535307	3881214.6060212385	40
507506.9227888303	3881214.5838492475	40
507506.9227888303	3881214.5838492475	40
507506.9410411137	3881214.5616847877	40
507506.9410411137	3881214.5616847877	40
507506.9410411137	3881214.5616847877	40
507506.9593117132	3881214.517340812	40
507506.98669929896	3881214.4730043644	40
507506.9593117132	3881214.517340812	40
507506.98669929896	3881214.4730043644	40
507507.0140960385	3881214.417578157	40
507507.0140960385	3881214.417578157	40
507507.05062808306	3881214.339979962	40
507507.1236830136	3881214.1958733313	40
507507.1236830136	3881214.1958733313	40
507507.1236830136	3881214.1958733313	40
507507.1602333742	3881214.09609562	40
507507.1602333742	3881214.09609562	40
507507.20589156396	3881214.0074151964	40
507507.2424327678	3881213.9187272447	40
507507.20589156396	3881214.0074151964	40
507507.2424327678	3881213.9187272447	40
507507.2789648141	3881213.8411290515	40
507507.2789648141	3881213.8411290515	40
507507.31549686095	3881213.763530858	40
507507.31549686095	3881213.763530858	40
507507.34290276765	3881213.697014894	40
507507.34290276765	3881213.697014894	40
507507.3794348156	3881213.6194167	40
507507.4068407209	3881213.5529007358	40
507507.4068407209	3881213.5529007358	40
507507.4068407209	3881213.5529007358	40
507507.44337277	3881213.475302543	40
507507.44337277	3881213.475302543	40
507507.489021807	3881213.3977118786	40
507507.489021807	3881213.3977118786	40
507507.53468000103	3881213.3090314586	40
507507.53468000103	3881213.3090314586	40
507507.5803473571	3881213.2092612777	40
507507.6351408582	3881213.098408869	40
507507.6351408582	3881213.098408869	40
507507.6351408582	3881213.098408869	40
507507.6990696614	3881212.965384472	40
507507.76299846644	3881212.8323600767	40
507507.76299846644	3881212.8323600767	40
507507.8269364347	3881212.6882459237	40
507507.76299846644	3881212.8323600767	40
507507.8269364347	3881212.6882459237	40
507507.9091175357	3881212.5330570694	40
507507.9091175357	3881212.5330570694	40
507507.9912986395	3881212.3778682183	40
507507.9912986395	3881212.3778682183	40
507508.06436275766	3881212.222671837	40
507508.1374177213	3881212.078565215	40
507508.1374177213	3881212.078565215	40
507508.21048184665	3881211.923368836	40
507508.21048184665	3881211.923368836	40
507508.21048184665	3881211.923368836	40
507508.2835368126	3881211.7792622154	40
507508.3565917832	3881211.635155595	40
507508.3565917832	3881211.635155595	40
507508.3565917832	3881211.635155595	40
507508.42052976694	3881211.4910414456	40
507508.4935755821	3881211.3580245846	40
507508.4935755821	3881211.3580245846	40
507508.4935755821	3881211.3580245846	40
507508.55751357233	3881211.2139104377	40
507508.62145156215	3881211.069796289	40
507508.62145156215	3881211.069796289	40
507508.62145156215	3881211.069796289	40
507508.68538039865	3881210.9367718995	40
507508.7584262198	3881210.8037550417	40
507508.7584262198	3881210.8037550417	40
507508.7584262198	3881210.8037550417	40
507508.83147204545	3881210.6707381844	40
507508.9045270336	3881210.5266315686	40
507508.9045270336	3881210.5266315686	40
507508.9045270336	3881210.5266315686	40
507508.9684558734	3881210.393607183	40
507508.9684558734	3881210.393607183	40
507509.04151086585	3881210.2495005685	40
507509.0689534333	3881210.138625575	40
507509.0689534333	3881210.138625575	40
507509.0689534333	3881210.138625575	40
507509.14200842945	3881209.9945189627	40
507509.14200842945	3881209.9945189627	40
507509.2150542672	3881209.8615021077	40
507509.28810926556	3881209.7173954956	40
507509.2150542672	3881209.8615021077	40
507509.28810926556	3881209.7173954956	40
507509.37028125726	3881209.573296415	40
507509.43421011284	3881209.4402720304	40
507509.37028125726	3881209.573296415	40
507509.43421011284	3881209.4402720304	40
507509.5163821094	3881209.2961729527	40
507509.5163821094	3881209.2961729527	40
507509.58943711704	3881209.152066343	40
507509.58943711704	3881209.152066343	40
507509.6624921293	3881209.0079597346	40
507509.6624921293	3881209.0079597346	40
507509.7355471439	3881208.8638531268	40
507509.7355471439	3881208.8638531268	40
507509.8086021585	3881208.719746519	40
507509.8816571777	3881208.575639913	40
507509.8816571777	3881208.575639913	40
507509.8816571777	3881208.575639913	40
507509.96382918913	3881208.4315408375	40
507509.96382918913	3881208.4315408375	40
507510.03689337254	3881208.276344473	40
507510.03689337254	3881208.276344473	40
507510.1190653891	3881208.132245399	40
507510.1190653891	3881208.132245399	40
507510.19212041795	3881207.9881387954	40
507510.19212041795	3881207.9881387954	40
507510.2651754491	3881207.8440321917	40
507510.2651754491	3881207.8440321917	40
507510.3382396423	3881207.688835829	40
507510.3382396423	3881207.688835829	40
507510.42041166895	3881207.5447367593	40
507510.42041166895	3881207.5447367593	40
507510.4934667073	3881207.4006301574	40
507510.4934667073	3881207.4006301574	40
507510.56653091026	3881207.2454337976	40
507510.63958595094	3881207.101327197	40
507510.63958595094	3881207.101327197	40
507510.7217579877	3881206.9572281283	40
507510.63958595094	3881207.101327197	40
507510.7217579877	3881206.9572281283	40
507510.7948221981	3881206.8020317713	40
507510.7948221981	3881206.8020317713	40
507510.86787724594	3881206.6579251722	40
507510.86787724594	3881206.6579251722	40
507510.94094146125	3881206.5027288166	40
507510.94094146125	3881206.5027288166	40
507511.0231135081	3881206.3586297515	40
507511.0231135081	3881206.3586297515	40
507511.0961685655	3881206.2145231534	40
507511.0961685655	3881206.2145231534	40
507511.1692236228	3881206.0704165585	40
507511.1692236228	3881206.0704165585	40
507511.2422786848	3881205.9263099623	40
507511.2422786848	3881205.9263099623	40
507511.31533374905	3881205.7822033684	40
507511.31533374905	3881205.7822033684	40
507511.38837964996	3881205.649186531	40
507511.38837964996	3881205.649186531	40
507511.4614255553	3881205.5161696966	40
507511.525345304	3881205.394235086	40
507511.4614255553	3881205.5161696966	40
507511.5892742203	3881205.2612107187	40
507511.5892742203	3881205.2612107187	40
507511.5892742203	3881205.2612107187	40
507511.6531939724	3881205.1392761096	40
507511.6531939724	3881205.1392761096	40
507511.7171045649	3881205.028431261	40
507511.7171045649	3881205.028431261	40
507511.7718981631	3881204.9175788774	40
507511.7718981631	3881204.9175788774	40
507511.826691765	3881204.8067264943	40
507511.826691765	3881204.8067264943	40
507511.88149453216	3881204.6847843546	40
507511.88149453216	3881204.6847843546	40
507511.94540512824	3881204.573939506	40
507511.94540512824	3881204.573939506	40
507512.000198732	3881204.463087124	40
507512.0550015059	3881204.3411449846	40
507512.0550015059	3881204.3411449846	40
507512.0550015059	3881204.3411449846	40
507512.1189121065	3881204.2303001373	40
507512.1189121065	3881204.2303001373	40
507512.1828318753	3881204.1083655334	40
507512.1828318753	3881204.1083655334	40
507512.2376438135	3881203.975333636	40
507512.2376438135	3881203.975333636	40
507512.3015635834	3881203.853399032	40
507512.3015635834	3881203.853399032	40
507512.3654833572	3881203.7314644293	40
507512.3654833572	3881203.7314644293	40
507512.4294031329	3881203.609529826	40
507512.49332291016	3881203.487595223	40
507512.49332291016	3881203.487595223	40
507512.55725185166	3881203.3545708633	40
507512.55725185166	3881203.3545708633	40
507512.55725185166	3881203.3545708633	40
507512.62117163243	3881203.2326362613	40
507512.62117163243	3881203.2326362613	40
507512.69421757286	3881203.099619436	40
507512.69421757286	3881203.099619436	40
507512.76727268274	3881202.9555128533	40
507512.76727268274	3881202.9555128533	40
507512.83121079707	3881202.811398737	40
507512.83121079707	3881202.811398737	40
507512.9133829071	3881202.6672996897	40
507512.9133829071	3881202.6672996897	40
507512.9864380239	3881202.5231931093	40
507512.9864380239	3881202.5231931093	40
507513.05949314305	3881202.379086527	40
507513.05949314305	3881202.379086527	40
507513.1325482622	3881202.234979949	40
507513.2056033859	3881202.090873369	40
507513.2056033859	3881202.090873369	40
507513.2056033859	3881202.090873369	40
507513.278658512	3881201.9467667895	40
507513.278658512	3881201.9467667895	40
507513.3517228038	3881201.7915704553	40
507513.3517228038	3881201.7915704553	40
507513.4247779345	3881201.6474638777	40
507513.4247779345	3881201.6474638777	40
507513.5069592304	3881201.4922750774	40
507513.5069592304	3881201.4922750774	40
507513.5800235297	3881201.337078742	40
507513.5800235297	3881201.337078742	40
507513.65308783384	3881201.181882409	40
507513.65308783384	3881201.181882409	40
507513.7261521405	3881201.0266860756	40
507513.7261521405	3881201.0266860756	40
507513.8083334471	3881200.8714972786	40
507513.8813885901	3881200.7273907056	40
507513.8813885901	3881200.7273907056	40
507513.8813885901	3881200.7273907056	40
507513.94532674	3881200.583276597	40
507513.94532674	3881200.583276597	40
507514.01838188985	3881200.4391700258	40
507514.01838188985	3881200.4391700258	40
507514.091427873	3881200.3061532117	40
507514.091427873	3881200.3061532117	40
507514.1553660292	3881200.1620391044	40
507514.1553660292	3881200.1620391044	40
507514.21928585146	3881200.040104515	40
507514.2832148446	3881199.907080167	40
507514.2832148446	3881199.907080167	40
507514.2832148446	3881199.907080167	40
507514.34713467036	3881199.7851455775	40
507514.34713467036	3881199.7851455775	40
507514.40193750145	3881199.6632034522	40
507514.4658573328	3881199.541268865	40
507514.4658573328	3881199.541268865	40
507514.4658573328	3881199.541268865	40
507514.52066016465	3881199.4193267403	40
507514.52066016465	3881199.4193267403	40
507514.584579997	3881199.2973921546	40
507514.584579997	3881199.2973921546	40
507514.6393828342	3881199.1754500302	40
507514.71241966914	3881199.053522981	40
507514.71241966914	3881199.053522981	40
507514.71241966914	3881199.053522981	40
507514.77634867874	3881198.9204986356	40
507514.77634867874	3881198.9204986356	40
507514.84939468745	3881198.7874818295	40
507514.84939468745	3881198.7874818295	40
507514.9224498637	3881198.6433752645	40
507514.9224498637	3881198.6433752645	40
507514.99550504447	3881198.4992687004	40
507514.99550504447	3881198.4992687004	40
507515.07768639317	3881198.3440799164	40
507515.07768639317	3881198.3440799164	40
507515.159867747	3881198.1888911324	40
507515.159867747	3881198.1888911324	40
507515.24204910354	3881198.0337023484	40
507515.24204910354	3881198.0337023484	40
507515.3333566316	3881197.8674313454	40
507515.41553799174	3881197.712242563	40
507515.41553799174	3881197.712242563	40
507515.41553799174	3881197.712242563	40
507515.5068455285	3881197.545971561	40
507515.5068455285	3881197.545971561	40
507515.58902689215	3881197.390782782	40
507515.58902689215	3881197.390782782	40
507515.6803344353	3881197.2245117817	40
507515.6803344353	3881197.2245117817	40
507515.7625249758	3881197.058233245	40
507515.7625249758	3881197.058233245	40
507515.8538233567	3881196.903052004	40
507515.8538233567	3881196.903052004	40
507515.93600473437	3881196.7478632275	40
507515.93600473437	3881196.7478632275	40
507516.0181861172	3881196.5926744514	40
507516.0181861172	3881196.5926744514	40
507516.10036750045	3881196.4374856763	40
507516.10036750045	3881196.4374856763	40
507516.1825397197	3881196.293386661	40
507516.1825397197	3881196.293386661	40
507516.2647119415	3881196.1492876452	40
507516.2647119415	3881196.1492876452	40
507516.3468933353	3881195.994098872	40
507516.3468933353	3881195.994098872	40
507516.42906556244	3881195.849999859	40
507516.5112469617	3881195.6948110866	40
507516.5112469617	3881195.6948110866	40
507516.5112469617	3881195.6948110866	40
507516.5934283615	3881195.539622316	40
507516.5934283615	3881195.539622316	40
507516.66648359364	3881195.395515766	40
507516.66648359364	3881195.395515766	40
507516.74866500107	3881195.2403269974	40
507516.74866500107	3881195.2403269974	40
507516.8308372414	3881195.096227987	40
507516.8308372414	3881195.096227987	40
507516.90389248077	3881194.952121439	40
507516.90389248077	3881194.952121439	40
507516.9860647215	3881194.8080224297	40
507516.9860647215	3881194.8080224297	40
507517.05911996565	3881194.663915884	40
507517.05911996565	3881194.663915884	40
507517.1321752122	3881194.519809337	40
507517.1321752122	3881194.519809337	40
507517.1961042866	3881194.3867850113	40
507517.1961042866	3881194.3867850113	40
507517.26004253334	3881194.2426709267	40
507517.26004253334	3881194.2426709267	40
507517.38790985994	3881193.9655325185	40
507517.46096511494	3881193.8214259753	40
507517.38790985994	3881193.9655325185	40
507517.46096511494	3881193.8214259753	40
507517.52490336983	3881193.677311892	40
507517.58884162444	3881193.5331978113	40
507517.58884162444	3881193.5331978113	40
507517.58884162444	3881193.5331978113	40
507517.66188771743	3881193.400181028	40
507517.66188771743	3881193.400181028	40
507517.7349338125	3881193.267164245	40
507517.79886290216	3881193.134139922	40
507517.79886290216	3881193.134139922	40
507517.8627919937	3881193.001115601	40
507517.8627919937	3881193.001115601	40
507517.9358380949	3881192.868098819	40
507517.9358380949	3881192.868098819	40
507517.9358380949	3881192.868098819	40
507517.99975802354	3881192.7461642576	40
507517.99975802354	3881192.7461642576	40
507518.06368712074	3881192.6131399376	40
507518.06368712074	3881192.6131399376	40
507518.1276070505	3881192.4912053766	40
507518.1276070505	3881192.4912053766	40
507518.2006348141	3881192.3803681144	40
507518.2006348141	3881192.3803681144	40
507518.2554377389	3881192.258426015	40
507518.2554377389	3881192.258426015	40
507518.3193576738	3881192.1364914547	40
507518.3193576738	3881192.1364914547	40
507518.383277608	3881192.0145568964	40
507518.383277608	3881192.0145568964	40
507518.4563145528	3881191.892629877	40
507518.5202344953	3881191.7706953185	40
507518.4563145528	3881191.892629877	40
507518.5202344953	3881191.7706953185	40
507518.5841544348	3881191.6487607607	40
507518.5841544348	3881191.6487607607	40
507518.65720055735	3881191.515743986	40
507518.65720055735	3881191.515743986	40
507518.7211296728	3881191.382719671	40
507518.7211296728	3881191.382719671	40
507518.79417579947	3881191.249702897	40
507518.79417579947	3881191.249702897	40
507518.8580957463	3881191.127768341	40
507518.8580957463	3881191.127768341	40
507518.9311510496	3881190.98366181	40
507518.9950710001	3881190.861727255	40
507518.9950710001	3881190.861727255	40
507518.9950710001	3881190.861727255	40
507519.06811713503	3881190.7287104838	40
507519.06811713503	3881190.7287104838	40
507519.1411632721	3881190.5956937126	40
507519.2142094089	3881190.462676942	40
507519.2142094089	3881190.462676942	40
507519.2872555502	3881190.329660172	40
507519.2872555502	3881190.329660172	40
507519.2872555502	3881190.329660172	40
507519.36030169367	3881190.196643403	40
507519.4333386638	3881190.0747163934	40
507519.36030169367	3881190.196643403	40
507519.50638481136	3881189.941699624	40
507519.4333386638	3881190.0747163934	40
507519.50638481136	3881189.941699624	40
507519.63423391985	3881189.686740766	40
507519.7072800735	3881189.5537239993	40
507519.7072800735	3881189.5537239993	40
507519.7072800735	3881189.5537239993	40
507519.78031705343	3881189.4317969927	40
507519.78031705343	3881189.4317969927	40
507519.85336321127	3881189.298780227	40
507519.85336321127	3881189.298780227	40
507519.91728318593	3881189.1768456786	40
507519.91728318593	3881189.1768456786	40
507519.9903293478	3881189.043828915	40
507519.9903293478	3881189.043828915	40
507520.0724925213	3881188.910819693	40
507520.0724925213	3881188.910819693	40
507520.1364216756	3881188.777795389	40
507520.1364216756	3881188.777795389	40
507520.20945867215	3881188.655868385	40
507520.20945867215	3881188.655868385	40
507520.28250484244	3881188.522851624	40
507520.28250484244	3881188.522851624	40
507520.3555510103	3881188.3898348617	40
507520.3555510103	3881188.3898348617	40
507520.4285880128	3881188.2679078598	40
507520.4285880128	3881188.2679078598	40
507520.49250800477	3881188.1459733155	40
507520.49250800477	3881188.1459733155	40
507520.565554181	3881188.0129565573	40
507520.565554181	3881188.0129565573	40
507520.62948335113	3881187.8799322564	40
507520.62948335113	3881187.8799322564	40
507520.70252035675	3881187.7580052577	40
507520.70252035675	3881187.7580052577	40
507520.7664403559	3881187.6360707143	40
507520.7664403559	3881187.6360707143	40
507520.82125251845	3881187.5030388725	40
507520.82125251845	3881187.5030388725	40
507520.9490925229	3881187.259169791	40
507521.00390469265	3881187.12613795	40
507521.00390469265	3881187.12613795	40
507521.0587076889	3881187.0041958676	40
507521.00390469265	3881187.12613795	40
507521.0587076889	3881187.0041958676	40
507521.1226276958	3881186.882261328	40
507521.1226276958	3881186.882261328	40
507521.1774215175	3881186.7714090045	40
507521.1774215175	3881186.7714090045	40
507521.24134152994	3881186.649474466	40
507521.2961353568	3881186.538622143	40
507521.2961353568	3881186.538622143	40
507521.3600461947	3881186.427777364	40
507521.3600461947	3881186.427777364	40
507521.4148400243	3881186.3169250414	40
507521.4148400243	3881186.3169250414	40
507521.469633853	3881186.2060727193	40
507521.469633853	3881186.2060727193	40
507521.5335446953	3881186.0952279423	40
507521.5335446953	3881186.0952279423	40
507521.5335446953	3881186.0952279423	40
507521.5974555438	3881185.984383164	40
507521.5974555438	3881185.984383164	40
507521.6522493767	3881185.8735308438	40
507521.6522493767	3881185.8735308438	40
507521.71615104994	3881185.7737758243	40
507521.71615104994	3881185.7737758243	40
507521.77094488556	3881185.6629235046	40
507521.77094488556	3881185.6629235046	40
507521.82573872246	3881185.5520711853	40
507521.82573872246	3881185.5520711853	40
507521.88964957837	3881185.44122641	40
507521.88964957837	3881185.44122641	40
507521.9353264049	3881185.3303665477	40
507521.9353264049	3881185.3303665477	40
507522.05403110146	3881185.1086694547	40
507522.05403110146	3881185.1086694547	40
507522.10882494977	3881184.9978171363	40
507522.10882494977	3881184.9978171363	40
507522.17273580836	3881184.886972363	40
507522.17273580836	3881184.886972363	40
507522.2366466708	3881184.7761275903	40
507522.2366466708	3881184.7761275903	40
507522.30055753246	3881184.6652828185	40
507522.30055753246	3881184.6652828185	40
507522.3644775724	3881184.543348289	40
507522.3644775724	3881184.543348289	40
507522.4283976163	3881184.421413759	40
507522.4283976163	3881184.421413759	40
507522.49231765966	3881184.2994792294	40
507522.49231765966	3881184.2994792294	40
507522.55623770936	3881184.177544702	40
507522.55623770936	3881184.177544702	40
507522.62015775614	3881184.055610172	40
507522.62015775614	3881184.055610172	40
507522.684086984	3881183.922585886	40
507522.684086984	3881183.922585886	40
507522.7571240489	3881183.800658904	40
507522.7571240489	3881183.800658904	40
507522.82105328055	3881183.66763462	40
507522.82105328055	3881183.66763462	40
507522.89409952896	3881183.5346178804	40
507522.96713659976	3881183.4126908984	40
507522.89409952896	3881183.5346178804	40
507523.03106583725	3881183.2796666143	40
507523.03106583725	3881183.2796666143	40
507523.03106583725	3881183.2796666143	40
507523.1041120895	3881183.1466498766	40
507523.1041120895	3881183.1466498766	40
507523.241096765	3881182.8695190996	40
507523.241096765	3881182.8695190996	40
507523.30503518804	3881182.7254050598	40
507523.30503518804	3881182.7254050598	40
507523.368964433	3881182.592380779	40
507523.368964433	3881182.592380779	40
507523.44201069797	3881182.4593640435	40
507523.44201069797	3881182.4593640435	40
507523.51506614557	3881182.3152575507	40
507523.51506614557	3881182.3152575507	40
507523.57900457457	3881182.171143514	40
507523.57900457457	3881182.171143514	40
507523.64293382963	3881182.0381192346	40
507523.6886382295	3881181.8939901083	40
507523.6886382295	3881181.8939901083	40
507523.7434596475	3881181.7498685257	40
507523.7434596475	3881181.7498685257	40
507523.7434596475	3881181.7498685257	40
507523.79828106955	3881181.605746944	40
507523.79828106955	3881181.605746944	40
507523.8896807014	3881181.328578449	40
507523.8896807014	3881181.328578449	40
507523.92626809387	3881181.184441776	40
507523.92626809387	3881181.184441776	40
507523.96284630644	3881181.051394861	40
507523.96284630644	3881181.051394861	40
507523.9994337011	3881180.9072581916	40
507523.9994337011	3881180.9072581916	40
507524.0360119159	3881180.7742112763	40
507524.0360119159	3881180.7742112763	40
507524.06347311387	3881180.6411568173	40
507524.06347311387	3881180.6411568173	40
507524.09093431506	3881180.508102358	40
507524.09093431506	3881180.508102358	40
507524.11839551467	3881180.3750478993	40
507524.11839551467	3881180.3750478993	40
507524.1367396969	3881180.241985894	40
507524.1367396969	3881180.241985894	40
507524.1550838797	3881180.1089238897	40
507524.1550838797	3881180.1089238897	40
507524.15519402607	3881179.9758467916	40
507524.173529033	3881179.853874546	40
507524.173529033	3881179.853874546	40
507524.173529033	3881179.853874546	40
507524.1736391797	3881179.7207974494	40
507524.1736391797	3881179.7207974494	40
507524.18286634283	3881179.587727899	40
507524.18286634283	3881179.587727899	40
507524.1829764896	3881179.4546508016	40
507524.1829764896	3881179.4546508016	40
507524.18308663636	3881179.321573705	40
507524.1740797662	3881179.1884890627	40
507524.1740797662	3881179.1884890627	40
507524.16507289343	3881179.055404419	40
507524.16507289343	3881179.055404419	40
507524.14694899856	3881178.92231223	40
507524.14694899856	3881178.92231223	40
507524.1379421251	3881178.7892275876	40
507524.1379421251	3881178.7892275876	40
507524.09258649644	3881178.511945906	40
507524.09258649644	3881178.511945906	40
507524.09258649644	3881178.511945906	40
507524.0381138424	3881178.234656677	40
507524.0381138424	3881178.234656677	40
507523.992648064	3881178.0904520936	40
507523.992648064	3881178.0904520936	40
507523.95629930455	3881177.946255056	40
507523.95629930455	3881177.946255056	40
507523.9108243425	3881177.8131402293	40
507523.9108243425	3881177.8131402293	40
507523.8653585599	3881177.668935647	40
507523.81988359505	3881177.5358208218	40
507523.81988359505	3881177.5358208218	40
507523.7744086312	3881177.402705996	40
507523.7744086312	3881177.402705996	40
507523.71069962136	3881177.26957608	40
507523.7744086312	3881177.402705996	40
507523.71069962136	3881177.26957608	40
507523.6561076333	3881177.13645371	40
507523.59239861753	3881177.003323795	40
507523.59239861753	3881177.003323795	40
507523.5286804264	3881176.8812836395	40
507523.5286804264	3881176.8812836395	40
507523.4467373659	3881176.748138635	40
507523.4467373659	3881176.748138635	40
507523.4467373659	3881176.748138635	40
507523.37390214694	3881176.626090933	40
507523.29194990866	3881176.5040356885	40
507523.37390214694	3881176.626090933	40
507523.20999766357	3881176.3819804443	40
507523.29194990866	3881176.5040356885	40
507523.20999766357	3881176.3819804443	40
507523.12803623866	3881176.2710149586	40
507522.96411338286	3881176.0490839896	40
507522.96411338286	3881176.0490839896	40
507522.87302575214	3881175.9492007196	40
507522.87302575214	3881175.9492007196	40
507522.87302575214	3881175.9492007196	40
507522.78193812177	3881175.8493174496	40
507522.6908596641	3881175.738344423	40
507522.6908596641	3881175.738344423	40
507522.59978120425	3881175.6273713973	40
507522.59978120425	3881175.6273713973	40
507522.49957654	3881175.527480586	40
507522.49957654	3881175.527480586	40
507522.49957654	3881175.527480586	40
507522.399381055	3881175.41650002	40
507522.399381055	3881175.41650002	40
507522.29006854206	3881175.305511909	40
507522.18986387324	3881175.205621101	40
507522.18986387324	3881175.205621101	40
507522.0805421789	3881175.105722751	40
507522.0805421789	3881175.105722751	40
507521.9712296583	3881174.9947346435	40
507522.0805421789	3881175.105722751	40
507521.9712296583	3881174.9947346435	40
507521.87101580645	3881174.9059335985	40
507521.87101580645	3881174.9059335985	40
507521.76169410266	3881174.8060352523	40
507521.76169410266	3881174.8060352523	40
507521.65237240115	3881174.7061369065	40
507521.65237240115	3881174.7061369065	40
507521.533933671	3881174.606231019	40
507521.533933671	3881174.606231019	40
507521.4246027867	3881174.5174224353	40
507521.31528107566	3881174.417524095	40
507521.4246027867	3881174.5174224353	40
507521.31528107566	3881174.417524095	40
507521.20595018694	3881174.3287155135	40
507521.0966284712	3881174.228817175	40
507521.0966284712	3881174.228817175	40
507520.98729757813	3881174.140008596	40
507520.98729757813	3881174.140008596	40
507520.86885883333	3881174.0401027175	40
507520.86885883333	3881174.0401027175	40
507520.7595279334	3881173.951294142	40
507520.7595279334	3881173.951294142	40
507520.7595279334	3881173.951294142	40
507520.65020621056	3881173.8513958077	40
507520.65020621056	3881173.8513958077	40
507520.5317582815	3881173.762579693	40
507520.5317582815	3881173.762579693	40
507520.4224273796	3881173.6737711215	40
507520.30397944606	3881173.5849550073	40
507520.30397944606	3881173.5849550073	40
507520.17641448753	3881173.496131355	40
507520.17641448753	3881173.496131355	40
507520.17641448753	3881173.496131355	40
507520.05795737775	3881173.4184050024	40
507520.05795737775	3881173.4184050024	40
507519.93950943963	3881173.3295888947	40
507519.93950943963	3881173.3295888947	40
507519.811944474	3881173.240765247	40
507519.811944474	3881173.240765247	40
507519.68437033246	3881173.1630313587	40
507519.556805362	3881173.074207714	40
507519.556805362	3881173.074207714	40
507519.556805362	3881173.074207714	40
507519.42011419055	3881172.996466288	40
507519.42011419055	3881172.996466288	40
507519.2925492128	3881172.907642646	40
507519.2925492128	3881172.907642646	40
507519.1558672093	3881172.8188114655	40
507519.1558672093	3881172.8188114655	40
507519.0191852031	3881172.7299802885	40
507519.0191852031	3881172.7299802885	40
507518.882503192	3881172.6411491125	40
507518.882503192	3881172.6411491125	40
507518.7458303527	3881172.541228181	40
507518.7458303527	3881172.541228181	40
507518.6091483384	3881172.4523970084	40
507518.46334929526	3881172.3635583	40
507518.46334929526	3881172.3635583	40
507518.46334929526	3881172.3635583	40
507518.3266672732	3881172.2747271312	40
507518.3266672732	3881172.2747271312	40
507518.1899852507	3881172.185895966	40
507518.1899852507	3881172.185895966	40
507518.0533032233	3881172.0970648024	40
507518.0533032233	3881172.0970648024	40
507517.9166211955	3881172.0082336413	40
507517.9166211955	3881172.0082336413	40
507517.7890470205	3881171.9304997795	40
507517.7890470205	3881171.9304997795	40
507517.65236498765	3881171.841668622	40
507517.65236498765	3881171.841668622	40
507517.53390783473	3881171.763942304	40
507517.53390783473	3881171.763942304	40
507517.41545067984	3881171.6862159874	40
507517.41545067984	3881171.6862159874	40
507517.2969935206	3881171.6084896703	40
507517.17853636155	3881171.530763357	40
507517.2969935206	3881171.6084896703	40
507517.17853636155	3881171.530763357	40
507517.0691870597	3881171.4641343416	40
507517.0691870597	3881171.4641343416	40
507516.9598469217	3881171.3864155705	40
507516.9598469217	3881171.3864155705	40
507516.85961464123	3881171.319794097	40
507516.7502745043	3881171.242075327	40
507516.85961464123	3881171.319794097	40
507516.7502745043	3881171.242075327	40
507516.65005138813	3881171.1643640967	40
507516.65005138813	3881171.1643640967	40
507516.54982827493	3881171.086652869	40
507516.54982827493	3881171.086652869	40
507516.4404881279	3881171.008934101	40
507516.4404881279	3881171.008934101	40
507516.3311479836	3881170.931215338	40
507516.3311479836	3881170.931215338	40
507516.2218078329	3881170.8534965757	40
507516.2218078329	3881170.8534965757	40
507516.1124676849	3881170.7757778126	40
507516.1124676849	3881170.7757778126	40
507516.00313669926	3881170.6869692956	40
507516.00313669926	3881170.6869692956	40
507515.8846795196	3881170.6092429976	40
507515.8846795196	3881170.6092429976	40
507515.7753485297	3881170.520434482	40
507515.7753485297	3881170.520434482	40
507515.647783484	3881170.431610893	40
507515.647783484	3881170.431610893	40
507515.5293354663	3881170.342794842	40
507515.5293354663	3881170.342794842	40
507515.4108966097	3881170.2428890364	40
507515.2833498926	3881170.1318859365	40
507515.4108966097	3881170.2428890364	40
507515.2833498926	3881170.1318859365	40
507515.1557940045	3881170.031972597	40
507515.1557940045	3881170.031972597	40
507515.0282381113	3881169.932059258	40
507515.0282381113	3881169.932059258	40
507514.9006822176	3881169.8321459205	40
507514.9006822176	3881169.8321459205	40
507514.76400929235	3881169.73222505	40
507514.76400929235	3881169.73222505	40
507514.64557042177	3881169.632319254	40
507514.64557042177	3881169.632319254	40
507514.50889749074	3881169.5323983864	40
507514.50889749074	3881169.5323983864	40
507514.39045861247	3881169.4324925933	40
507514.39045861247	3881169.4324925933	40
507514.26290270704	3881169.3325792663	40
507514.26290270704	3881169.3325792663	40
507514.14446382574	3881169.232673475	40
507514.14446382574	3881169.232673475	40
507514.026034106	3881169.121677931	40
507514.026034106	3881169.121677931	40
507513.9075952193	3881169.021772144	40
507513.9075952193	3881169.021772144	40
507513.7891563301	3881168.9218663587	40
507513.7891563301	3881168.9218663587	40
507513.6616004086	3881168.821953039	40
507513.6616004086	3881168.821953039	40
507513.55227854376	3881168.722054793	40
507513.55227854376	3881168.722054793	40
507513.43383964675	3881168.6221490125	40
507513.43383964675	3881168.6221490125	40
507513.31540074706	3881168.5222432334	40
507513.31540074706	3881168.5222432334	40
507513.1969618425	3881168.4223374557	40
507513.1969618425	3881168.4223374557	40
507513.0785321029	3881168.3113419223	40
507513.0785321029	3881168.3113419223	40
507512.96921022783	3881168.211443684	40
507512.96921022783	3881168.211443684	40
507512.7414494355	3881168.011639675	40
507512.6230105179	3881167.911733905	40
507512.7414494355	3881168.011639675	40
507512.495463734	3881167.800730844	40
507512.6230105179	3881167.911733905	40
507512.495463734	3881167.800730844	40
507512.3861418464	3881167.7008326123	40
507512.3861418464	3881167.7008326123	40
507512.25858589006	3881167.6009193123	40
507512.25858589006	3881167.6009193123	40
507512.1401561283	3881167.4899237915	40
507512.1401561283	3881167.4899237915	40
507512.01260016864	3881167.390010496	40
507512.01260016864	3881167.390010496	40
507511.88504420384	3881167.290097202	40
507511.88504420384	3881167.290097202	40
507511.7483712073	3881167.1901763775	40
507511.6116982077	3881167.090255553	40
507511.6116982077	3881167.090255553	40
507511.6116982077	3881167.090255553	40
507511.47503436846	3881166.979244974	40
507511.47503436846	3881166.979244974	40
507511.3383613604	3881166.8793241535	40
507511.3383613604	3881166.8793241535	40
507511.2016883517	3881166.7794033373	40
507511.2016883517	3881166.7794033373	40
507511.0558983082	3881166.679474989	40
507511.0558983082	3881166.679474989	40
507510.91922529327	3881166.579554177	40
507510.91922529327	3881166.579554177	40
507510.7825431106	3881166.490723123	40
507510.7825431106	3881166.490723123	40
507510.6458609276	3881166.401892071	40
507510.6458609276	3881166.401892071	40
507510.50917873956	3881166.313061024	40
507510.50917873956	3881166.313061024	40
507510.3816044237	3881166.235327266	40
507510.3816044237	3881166.235327266	40
507510.2540392652	3881166.146503753	40
507510.0080076479	3881165.991043781	40
507510.0080076479	3881165.991043781	40
507510.0080076479	3881165.991043781	40
507509.88955035346	3881165.913317563	40
507509.88955035346	3881165.913317563	40
507509.771093057	3881165.8355913465	40
507509.771093057	3881165.8355913465	40
507509.66175279126	3881165.7578726625	40
507509.66175279126	3881165.7578726625	40
507509.53416929475	3881165.6912286766	40
507509.53416929475	3881165.6912286766	40
507509.41571199236	3881165.6135024643	40
507509.41571199236	3881165.6135024643	40
507509.2972546903	3881165.5357762547	40
507509.2972546903	3881165.5357762547	40
507509.1788065421	3881165.446960288	40
507509.1788065421	3881165.446960288	40
507509.06034923356	3881165.3692340804	40
507509.06034923356	3881165.3692340804	40
507508.93277488975	3881165.291500345	40
507508.93277488975	3881165.291500345	40
507508.8052097016	3881165.2026768513	40
507508.8052097016	3881165.2026768513	40
507508.67764451326	3881165.113853362	40
507508.67764451326	3881165.113853362	40
507508.5409531292	3881165.036112101	40
507508.5409531292	3881165.036112101	40
507508.40427090245	3881164.9472810826	40
507508.40427090245	3881164.9472810826	40
507508.267588673	3881164.858450067	40
507508.267588673	3881164.858450067	40
507508.1309064409	3881164.769619056	40
507507.9942242061	3881164.6807880444	40
507508.1309064409	3881164.769619056	40
507507.9942242061	3881164.6807880444	40
507507.8575419663	3881164.591957035	40
507507.8575419663	3881164.591957035	40
507507.7208597262	3881164.50312603	40
507507.5841774811	3881164.414295025	40
507507.5841774811	3881164.414295025	40
507507.44749523565	3881164.3254640214	40
507507.5841774811	3881164.414295025	40
507507.44749523565	3881164.3254640214	40
507507.31993002177	3881164.2366405516	40
507507.31993002177	3881164.2366405516	40
507507.18324777106	3881164.1478095525	40
507507.18324777106	3881164.1478095525	40
507507.04656551534	3881164.0589785553	40
507507.04656551534	3881164.0589785553	40
507506.90988325933	3881163.9701475617	40
507506.90988325933	3881163.9701475617	40
507506.7732010006	3881163.881316569	40
507506.7732010006	3881163.881316569	40
507506.63650958176	3881163.803575336	40
507506.4998273179	3881163.7147443476	40
507506.63650958176	3881163.803575336	40
507506.4998273179	3881163.7147443476	40
507506.363145049	3881163.625913362	40
507506.363145049	3881163.625913362	40
507506.22645362286	3881163.5481721363	40
507506.22645362286	3881163.5481721363	40
507506.0988883838	3881163.459348683	40
507506.0988883838	3881163.459348683	40
507505.96220610954	3881163.370517703	40
507505.96220610954	3881163.370517703	40
507505.83463171124	3881163.2927840105	40
507505.70706646715	3881163.203960561	40
507505.70706646715	3881163.203960561	40
507505.70706646715	3881163.203960561	40
507505.57949206204	3881163.126226872	40
507505.57949206204	3881163.126226872	40
507505.45191765943	3881163.048493184	40
507505.45191765943	3881163.048493184	40
507505.3152353703	3881162.959662215	40
507505.3152353703	3881162.959662215	40
507505.1876609608	3881162.8819285315	40
507505.1876609608	3881162.8819285315	40
507505.06008655136	3881162.804194849	40
507504.9325121351	3881162.726461171	40
507505.06008655136	3881162.804194849	40
507504.9325121351	3881162.726461171	40
507504.804937719	3881162.6487274924	40
507504.804937719	3881162.6487274924	40
507504.67736330075	3881162.570993817	40
507504.67736330075	3881162.570993817	40
507504.5406718444	3881162.4932526154	40
507504.5406718444	3881162.4932526154	40
507504.4130974193	3881162.4155189437	40
507504.4130974193	3881162.4155189437	40
507504.27640595834	3881162.337777747	40
507504.27640595834	3881162.337777747	40
507504.13971449266	3881162.260036553	40
507504.13971449266	3881162.260036553	40
507504.0121400656	3881162.1823028848	40
507504.0121400656	3881162.1823028848	40
507503.884565634	3881162.1045692204	40
507503.884565634	3881162.1045692204	40
507503.756982044	3881162.037925315	40
507503.62940760824	3881161.9601916526	40
507503.756982044	3881162.037925315	40
507503.62940760824	3881161.9601916526	40
507503.5018240167	3881161.8935477515	40
507503.3742495767	3881161.815814093	40
507503.3742495767	3881161.815814093	40
507503.2466659789	3881161.749170195	40
507503.3742495767	3881161.815814093	40
507503.2466659789	3881161.749170195	40
507503.1190823816	3881161.6825262983	40
507502.9914987824	3881161.615882404	40
507502.9914987824	3881161.615882404	40
507502.9914987824	3881161.615882404	40
507502.8639243342	3881161.538148755	40
507502.8639243342	3881161.538148755	40
507502.73634072876	3881161.4715048624	40
507502.73634072876	3881161.4715048624	40
507502.61787416314	3881161.404868498	40
507502.61787416314	3881161.404868498	40
507502.4902905564	3881161.338224611	40
507502.4902905564	3881161.338224611	40
507502.3718239826	3881161.271588249	40
507502.3718239826	3881161.271588249	40
507502.2442403722	3881161.204944365	40
507502.2442403722	3881161.204944365	40
507502.1166567599	3881161.138300483	40
507502.1166567599	3881161.138300483	40
507501.98907314346	3881161.0716566024	40
507501.98907314346	3881161.0716566024	40
507501.87060656486	3881161.005020248	40
507501.87060656486	3881161.005020248	40
507501.7430229493	3881160.938376371	40
507501.7430229493	3881160.938376371	40
507501.61543932965	3881160.8717324953	40
507501.61543932965	3881160.8717324953	40
507501.4969727434	3881160.8050961453	40
507501.4969727434	3881160.8050961453	40
507501.369398271	3881160.727362516	40
507501.369398271	3881160.727362516	40
507501.24181464565	3881160.660718646	40
507501.1142310161	3881160.5940747773	40
507501.1142310161	3881160.5940747773	40
507501.1142310161	3881160.5940747773	40
507500.9775394995	3881160.5163336312	40
507500.9775394995	3881160.5163336312	40
507500.8499558683	3881160.449689767	40
507500.8499558683	3881160.449689767	40
507500.72238138545	3881160.3719561473	40
507500.72238138545	3881160.3719561473	40
507500.58568986226	3881160.2942150068	40
507500.44898918684	3881160.2275636247	40
507500.44898918684	3881160.2275636247	40
507500.44898918684	3881160.2275636247	40
507500.30318062083	3881160.1498149657	40
507500.1664799365	3881160.083163588	40
507500.30318062083	3881160.1498149657	40
507500.02977925487	3881160.016512214	40
507500.02977925487	3881160.016512214	40
507500.02977925487	3881160.016512214	40
507499.88397068187	3881159.938763563	40
507499.747269996	3881159.872112192	40
507499.747269996	3881159.872112192	40
507499.747269996	3881159.872112192	40
507499.6105784569	3881159.7943710657	40
507499.6105784569	3881159.7943710657	40
507499.47387776687	3881159.7277196995	40
507499.3463032621	3881159.649986097	40
507499.47387776687	3881159.7277196995	40
507499.3463032621	3881159.649986097	40
507499.2187196045	3881159.583342257	40
507499.0820280566	3881159.5056011393	40
507499.0820280566	3881159.5056011393	40
507498.95444439736	3881159.4389573014	40
507498.95444439736	3881159.4389573014	40
507498.82686073624	3881159.372313466	40
507498.95444439736	3881159.4389573014	40
507498.69927707093	3881159.305669632	40
507498.82686073624	3881159.372313466	40
507498.69927707093	3881159.305669632	40
507498.57170255366	3881159.227936042	40
507498.4441188868	3881159.1612922107	40
507498.57170255366	3881159.227936042	40
507498.30741817865	3881159.0946408636	40
507498.4441188868	3881159.1612922107	40
507498.1798436551	3881159.0169072784	40
507498.30741817865	3881159.0946408636	40
507498.04314294056	3881158.950255934	40
507498.1798436551	3881159.0169072784	40
507498.04314294056	3881158.950255934	40
507497.9155592659	3881158.8836121103	40
507497.797092629	3881158.8169758096	40
507497.9155592659	3881158.8836121103	40
507497.797092629	3881158.8169758096	40
507497.6695089484	3881158.7503319895	40
507497.6695089484	3881158.7503319895	40
507497.5419252682	3881158.6836881717	40
507497.5419252682	3881158.6836881717	40
507497.41435073235	3881158.6059545977	40
507497.41435073235	3881158.6059545977	40
507497.28676704824	3881158.539310784	40
507497.28676704824	3881158.539310784	40
507497.15918336	3881158.4726669723	40
507497.15918336	3881158.4726669723	40
507497.0315996745	3881158.4060231615	40
507497.0315996745	3881158.4060231615	40
507496.9040251304	3881158.328289596	40
507496.9040251304	3881158.328289596	40
507496.7764414387	3881158.2616457883	40
507496.7764414387	3881158.2616457883	40
507496.6488577428	3881158.195001984	40
507496.6488577428	3881158.195001984	40
507496.5212740474	3881158.1283581797	40
507496.5212740474	3881158.1283581797	40
507496.39369035006	3881158.0617143796	40
507496.39369035006	3881158.0617143796	40
507496.2661066509	3881157.995070579	40
507496.1385229475	3881157.9284267817	40
507496.1385229475	3881157.9284267817	40
507496.1385229475	3881157.9284267817	40
507496.00182220404	3881157.8617754686	40
507495.8742384992	3881157.795131673	40
507495.8742384992	3881157.795131673	40
507495.8742384992	3881157.795131673	40
507495.73753775173	3881157.7284803633	40
507495.73753775173	3881157.7284803633	40
507495.6099540431	3881157.661836574	40
507495.6099540431	3881157.661836574	40
507495.4732624332	3881157.5840955097	40
507495.4732624332	3881157.5840955097	40
507495.33656167967	3881157.517444206	40
507495.33656167967	3881157.517444206	40
507495.2089779652	3881157.4508004207	40
507495.2089779652	3881157.4508004207	40
507495.0722772077	3881157.384149121	40
507495.0722772077	3881157.384149121	40
507494.93558558903	3881157.306408066	40
507494.93558558903	3881157.306408066	40
507494.80800187093	3881157.239764286	40
507494.6713011027	3881157.1731129927	40
507494.6713011027	3881157.1731129927	40
507494.6713011027	3881157.1731129927	40
507494.54372652347	3881157.0953794597	40
507494.54372652347	3881157.0953794597	40
507494.40702575346	3881157.02872817	40
507494.40702575346	3881157.02872817	40
507494.2794420253	3881156.962084398	40
507494.2794420253	3881156.962084398	40
507494.1518582975	3881156.895440629	40
507494.1518582975	3881156.895440629	40
507494.02428370534	3881156.817707103	40
507494.02428370534	3881156.817707103	40
507493.88758292736	3881156.751055821	40
507493.88758292736	3881156.751055821	40
507493.76911623555	3881156.684419572	40
507493.76911623555	3881156.684419572	40
507493.64153249556	3881156.617775809	40
507493.64153249556	3881156.617775809	40
507493.51395789743	3881156.5400422914	40
507493.51395789743	3881156.5400422914	40
507493.3863741559	3881156.4733985313	40
507493.3863741559	3881156.4733985313	40
507493.2587904124	3881156.406754774	40
507493.2587904124	3881156.406754774	40
507493.1312158057	3881156.329021262	40
507492.9945150162	3881156.2623699945	40
507493.1312158057	3881156.329021262	40
507492.8669312669	3881156.195726242	40
507492.8669312669	3881156.195726242	40
507492.8669312669	3881156.195726242	40
507492.7302396139	3881156.1179852206	40
507492.6026558607	3881156.051341472	40
507492.6026558607	3881156.051341472	40
507492.4659642033	3881155.9736004528	40
507492.4659642033	3881155.9736004528	40
507492.3292634012	3881155.906949195	40
507492.3292634012	3881155.906949195	40
507492.2016887819	3881155.829215696	40
507492.2016887819	3881155.829215696	40
507492.2016887819	3881155.829215696	40
507492.0649879781	3881155.7625644417	40
507491.9282963117	3881155.684823431	40
507492.0649879781	3881155.7625644417	40
507491.9282963117	3881155.684823431	40
507491.80072168587	3881155.6070899367	40
507491.80072168587	3881155.6070899367	40
507491.66402087576	3881155.5404386884	40
507491.66402087576	3881155.5404386884	40
507491.527329198	3881155.4626976848	40
507491.39063752256	3881155.384956684	40
507491.527329198	3881155.4626976848	40
507491.2539367061	3881155.318305441	40
507491.2539367061	3881155.318305441	40
507491.11724502617	3881155.240564443	40
507491.2539367061	3881155.318305441	40
507490.97143630055	3881155.1628159354	40
507491.11724502617	3881155.240564443	40
507490.83474461356	3881155.085074942	40
507490.83474461356	3881155.085074942	40
507490.83474461356	3881155.085074942	40
507490.68893588305	3881155.007326437	40
507490.5522441936	3881154.929585448	40
507490.68893588305	3881155.007326437	40
507490.4155433642	3881154.8629342197	40
507490.4155433642	3881154.8629342197	40
507490.4155433642	3881154.8629342197	40
507490.2788516679	3881154.7851932338	40
507490.14215997164	3881154.707452252	40
507490.14215997164	3881154.707452252	40
507490.14215997164	3881154.707452252	40
507489.9963512269	3881154.629703759	40
507489.9963512269	3881154.629703759	40
507489.8596595258	3881154.5519627808	40
507489.72296782245	3881154.4742218032	40
507489.8596595258	3881154.5519627808	40
507489.72296782245	3881154.4742218032	40
507489.5862669801	3881154.407570586	40
507489.4404582281	3881154.3298221035	40
507489.4404582281	3881154.3298221035	40
507489.4404582281	3881154.3298221035	40
507489.3037665155	3881154.2520811325	40
507489.16706566676	3881154.185429923	40
507489.16706566676	3881154.185429923	40
507489.0303739497	3881154.107688957	40
507489.0303739497	3881154.107688957	40
507488.88456518814	3881154.0299404818	40
507488.88456518814	3881154.0299404818	40
507488.7387564218	3881153.95219201	40
507488.7387564218	3881153.95219201	40
507488.6020646998	3881153.8744510496	40
507488.6020646998	3881153.8744510496	40
507488.4562650661	3881153.7856128244	40
507488.4562650661	3881153.7856128244	40
507488.4562650661	3881153.7856128244	40
507488.3104562945	3881153.7078643595	40
507488.1737645652	3881153.6301234057	40
507488.1737645652	3881153.6301234057	40
507488.0279557864	3881153.552374946	40
507488.0279557864	3881153.552374946	40
507488.0279557864	3881153.552374946	40
507487.8821470074	3881153.4746264867	40
507487.7454644053	3881153.3857957823	40
507487.7454644053	3881153.3857957823	40
507487.7454644053	3881153.3857957823	40
507487.59053857374	3881153.3080398194	40
507487.59053857374	3881153.3080398194	40
507487.44472978706	3881153.230291368	40
507487.2989209956	3881153.152542919	40
507487.2989209956	3881153.152542919	40
507487.1439951586	3881153.0747869634	40
507487.1439951586	3881153.0747869634	40
507486.9981863644	3881152.9970385185	40
507486.9981863644	3881152.9970385185	40
507486.85238669865	3881152.90820032	40
507486.85238669865	3881152.90820032	40
507486.85238669865	3881152.90820032	40
507486.6974517206	3881152.8415341293	40
507486.6974517206	3881152.8415341293	40
507486.5516429165	3881152.763785691	40
507486.40583411226	3881152.6860372582	40
507486.40583411226	3881152.6860372582	40
507486.40583411226	3881152.6860372582	40
507486.2509082574	3881152.608281317	40
507486.2509082574	3881152.608281317	40
507486.10509944806	3881152.530532888	40
507485.95929976844	3881152.4416947025	40
507485.95929976844	3881152.4416947025	40
507485.95929976844	3881152.4416947025	40
507485.81349095167	3881152.3639462767	40
507485.81349095167	3881152.3639462767	40
507485.6585650885	3881152.286190348	40
507485.51276540296	3881152.1973521695	40
507485.51276540296	3881152.1973521695	40
507485.3578304007	3881152.1306860014	40
507485.51276540296	3881152.1973521695	40
507485.2120307074	3881152.0418478283	40
507485.2120307074	3881152.0418478283	40
507485.0662218778	3881151.964099415	40
507485.2120307074	3881152.0418478283	40
507485.0662218778	3881151.964099415	40
507484.92953009234	3881151.8863585116	40
507484.92953009234	3881151.8863585116	40
507484.79282917606	3881151.819707367	40
507484.6561282578	3881151.7530562254	40
507484.79282917606	3881151.819707367	40
507484.6561282578	3881151.7530562254	40
507484.5285443843	3881151.68641259	40
507484.5285443843	3881151.68641259	40
507484.4009605089	3881151.619768959	40
507484.4009605089	3881151.619768959	40
507484.2824936763	3881151.5531328344	40
507484.2824936763	3881151.5531328344	40
507484.1640268465	3881151.4864967116	40
507484.05466792756	3881151.4309578533	40
507484.05466792756	3881151.4309578533	40
507483.9453090119	3881151.3754189964	40
507483.9453090119	3881151.3754189964	40
507483.9453090119	3881151.3754189964	40
507483.84506713744	3881151.3198876474	40
507483.84506713744	3881151.3198876474	40
507483.74482526636	3881151.264356299	40
507483.74482526636	3881151.264356299	40
507483.64457426243	3881151.2199147088	40
507483.64457426243	3881151.2199147088	40
507483.55344030476	3881151.1754806247	40
507483.46231547766	3881151.1199567853	40
507483.55344030476	3881151.1754806247	40
507483.46231547766	3881151.1199567853	40
507483.37118151574	3881151.0755227027	40
507483.37118151574	3881151.0755227027	40
507483.289164605	3881151.0310961273	40
507483.289164605	3881151.0310961273	40
507483.2071476912	3881150.9866695534	40
507483.1251216479	3881150.953332735	40
507483.1251216479	3881150.953332735	40
507483.1251216479	3881150.953332735	40
507483.05221265147	3881150.9200034253	40
507483.05221265147	3881150.9200034253	40
507482.97931278305	3881150.875584356	40
507482.97931278305	3881150.875584356	40
507482.9064037878	3881150.842255046	40
507482.8426118373	3881150.808933241	40
507482.8426118373	3881150.808933241	40
507482.8426118373	3881150.808933241	40
507482.7788198887	3881150.775611436	40
507482.7241358591	3881150.7533868956	40
507482.7241358591	3881150.7533868956	40
507482.7241358591	3881150.7533868956	40
507482.6694609528	3881150.7200725963	40
507482.6694609528	3881150.7200725963	40
507482.61477692256	3881150.697848054	40
507482.5692099399	3881150.6756310174	40
507482.5692099399	3881150.6756310174	40
507482.5692099399	3881150.6756310174	40
507482.52364295465	3881150.653413981	40
507482.52364295465	3881150.653413981	40
507482.48719301936	3881150.6312044505	40
507482.48719301936	3881150.6312044505	40
507482.4507339537	3881150.6200846746	40
507482.4507339537	3881150.6200846746	40
507482.4234010682	3881150.597882648	40
507482.4234010682	3881150.597882648	40
507482.405176098	3881150.586777882	40
507482.3869511301	3881150.5756731145	40
507482.3869511301	3881150.5756731145	40
507482.3869511301	3881150.5756731145	40
507482.37783408223	3881150.5756656104	40
507482.368717032	3881150.5756581062	40
507482.368717032	3881150.5756581062	40
507482.368717032	3881150.5756581062	40
507482.36872615985	3881150.56456835	40
507482.36872615985	3881150.56456835	40
507482.36872615985	3881150.56456835	40
507482.36872615985	3881150.56456835	40
507482.368717032	3881150.5756581062	40
507482.368717032	3881150.5756581062	40
507482.37783408223	3881150.5756656104	40
507482.37783408223	3881150.5756656104	40
507482.37783408223	3881150.5756656104	40
507482.37783408223	3881150.5756656104	40
507482.37783408223	3881150.5756656104	40
507482.37783408223	3881150.5756656104	40
507482.37783408223	3881150.5756656104	40
507482.37783408223	3881150.5756656104	40
507482.37783408223	3881150.5756656104	40
507482.37783408223	3881150.5756656104	40
507482.37783408223	3881150.5756656104	40
507482.37783408223	3881150.5756656104	40
507482.37783408223	3881150.5756656104	40
507482.37783408223	3881150.5756656104	40
507482.37783408223	3881150.5756656104	40
507482.37783408223	3881150.5756656104	40
507482.37783408223	3881150.5756656104	40
507482.37783408223	3881150.5756656104	40
507482.37783408223	3881150.5756656104	40
507482.37783408223	3881150.5756656104	40
507482.37783408223	3881150.5756656104	40
507482.37783408223	3881150.5756656104	40
507482.37783408223	3881150.5756656104	40
507482.37783408223	3881150.5756656104	40
507482.37783408223	3881150.5756656104	40
507482.37783408223	3881150.5756656104	40
507482.37783408223	3881150.5756656104	40
507482.37783408223	3881150.5756656104	40
507482.37783408223	3881150.5756656104	40
507482.37783408223	3881150.5756656104	40
507482.37783408223	3881150.5756656104	40
507482.37783408223	3881150.5756656104	40
507482.37783408223	3881150.5756656104	40
507482.37783408223	3881150.5756656104	40
507482.37783408223	3881150.5756656104	40
507482.37783408223	3881150.5756656104	40
507482.37783408223	3881150.5756656104	40
507482.37783408223	3881150.5756656104	40
507482.37783408223	3881150.5756656104	40
