507531.7507547689	3881178.673544373	80
507531.7507547689	3881178.673544373	80
507531.7507547689	3881178.673544373	80
507531.7507547689	3881178.673544373	80
507531.7507547689	3881178.673544373	80
507531.7507547689	3881178.673544373	80
507531.7507547689	3881178.673544373	80
507531.7507547689	3881178.673544373	80
507531.7507547689	3881178.673544373	80
507531.7507547689	3881178.673544373	80
507531.7507547689	3881178.673544373	80
507531.7507547689	3881178.673544373	80
507531.7507547689	3881178.673544373	80
507531.7507547689	3881178.673544373	80
507531.7507547689	3881178.673544373	80
507531.7507547689	3881178.673544373	80
507531.7507547689	3881178.673544373	80
507531.7507547689	3881178.673544373	80
507531.7507547689	3881178.673544373	80
507531.7507547689	3881178.673544373	80
507531.7507547689	3881178.673544373	80
507531.7507547689	3881178.673544373	80
507531.7507547689	3881178.673544373	80
507531.7507547689	3881178.673544373	80
507531.7507547689	3881178.673544373	80
507531.7507547689	3881178.673544373	80
507531.7507547689	3881178.673544373	80
507531.7507547689	3881178.673544373	80
507531.7507547689	3881178.673544373	80
507531.7507547689	3881178.673544373	80
507531.7507547689	3881178.673544373	80
507531.7507547689	3881178.673544373	80
507531.7507547689	3881178.673544373	80
507531.7507547689	3881178.673544373	80
507531.7507547689	3881178.673544373	80
507531.7507547689	3881178.673544373	80
507531.7507547689	3881178.673544373	80
507531.7507547689	3881178.673544373	80
507531.7507547689	3881178.673544373	80
507531.7507547689	3881178.673544373	80
507531.7507547689	3881178.673544373	80
507531.7507547689	3881178.673544373	80
507531.7507547689	3881178.673544373	80
507531.7507547689	3881178.673544373	80
507531.7507547689	3881178.673544373	80
507531.7507547689	3881178.673544373	80
507531.7507547689	3881178.673544373	80
507531.759871791	3881178.6735519264	80
507531.759871791	3881178.6735519264	80
507531.759871791	3881178.6735519264	80
507531.759871791	3881178.6735519264	80
507531.759871791	3881178.6735519264	80
507531.7507547689	3881178.673544373	80
507531.7507547689	3881178.673544373	80
507531.7507547689	3881178.673544373	80
507531.759871791	3881178.6735519264	80
507531.759871791	3881178.6735519264	80
507531.7507547689	3881178.673544373	80
507531.7507547689	3881178.673544373	80
507531.7507547689	3881178.673544373	80
507531.7507547689	3881178.673544373	80
507531.7507547689	3881178.673544373	80
507531.7507547689	3881178.673544373	80
507531.7507547689	3881178.673544373	80
507531.7507547689	3881178.673544373	80
507531.7507547689	3881178.673544373	80
507531.7507547689	3881178.673544373	80
507531.7507547689	3881178.673544373	80
507531.7507547689	3881178.673544373	80
507531.7507547689	3881178.673544373	80
507531.7507547689	3881178.673544373	80
507531.7507547689	3881178.673544373	80
507531.7507547689	3881178.673544373	80
507531.759871791	3881178.6735519264	80
507531.759871791	3881178.6735519264	80
507531.7507547689	3881178.673544373	80
507531.759871791	3881178.6735519264	80
507531.7507547689	3881178.673544373	80
507531.759871791	3881178.6735519264	80
507531.7507547689	3881178.673544373	80
507531.7507547689	3881178.673544373	80
507531.7507547689	3881178.673544373	80
507531.7507547689	3881178.673544373	80
507531.7507547689	3881178.673544373	80
507531.7507547689	3881178.673544373	80
507531.7507547689	3881178.673544373	80
507531.73252991744	3881178.662439507	80
507531.7507547689	3881178.673544373	80
507531.73252991744	3881178.662439507	80
507531.723422088	3881178.651342196	80
507531.723422088	3881178.651342196	80
507531.6960802144	3881178.640229775	80
507531.6960802144	3881178.640229775	80
507531.6687383429	3881178.629117357	80
507531.6687383429	3881178.629117357	80
507531.6231716175	3881178.6069000736	80
507531.6231716175	3881178.6069000736	80
507531.5867219139	3881178.584690343	80
507531.5867219139	3881178.584690343	80
507531.5411551903	3881178.56247306	80
507531.5411551903	3881178.56247306	80
507531.49558846647	3881178.540255776	80
507531.49558846647	3881178.540255776	80
507531.4500125501	3881178.529128251	80
507531.4500125501	3881178.529128251	80
507531.41356284806	3881178.506918521	80
507531.36799612135	3881178.48470124	80
507531.41356284806	3881178.506918521	80
507531.36799612135	3881178.48470124	80
507531.33153722907	3881178.473581269	80
507531.33153722907	3881178.473581269	80
507531.304204542	3881178.451379093	80
507531.27686267183	3881178.4402666735	80
507531.304204542	3881178.451379093	80
507531.2404037769	3881178.429146704	80
507531.27686267183	3881178.4402666735	80
507531.2404037769	3881178.429146704	80
507531.2039540718	3881178.406936975	80
507531.158387344	3881178.3847196936	80
507531.2039540718	3881178.406936975	80
507531.1037127856	3881178.351405101	80
507531.1037127856	3881178.351405101	80
507531.1037127856	3881178.351405101	80
507531.0399120171	3881178.329172713	80
507531.0399120171	3881178.329172713	80
507530.9670126024	3881178.2847532574	80
507530.9670126024	3881178.2847532574	80
507530.8849961692	3881178.240326249	80
507530.8029797328	3881178.195899243	80
507530.8849961692	3881178.240326249	80
507530.8029797328	3881178.195899243	80
507530.7118462754	3881178.151464684	80
507530.7118462754	3881178.151464684	80
507530.620712817	3881178.107030125	80
507530.620712817	3881178.107030125	80
507530.52957935777	3881178.062595568	80
507530.4384458976	3881178.018161012	80
507530.4384458976	3881178.018161012	80
507530.4384458976	3881178.018161012	80
507530.34731243656	3881177.973726457	80
507530.34731243656	3881177.973726457	80
507530.25617897697	3881177.929291904	80
507530.1650455142	3881177.88485735	80
507530.1650455142	3881177.88485735	80
507529.9736615652	3881177.7959806942	80
507529.9736615652	3881177.7959806942	80
507529.87342026486	3881177.740448834	80
507529.87342026486	3881177.740448834	80
507529.87342026486	3881177.740448834	80
507529.76406194246	3881177.6849094224	80
507529.76406194246	3881177.6849094224	80
507529.6547036187	3881177.629370013	80
507529.53623745823	3881177.562733296	80
507529.6547036187	3881177.629370013	80
507529.53623745823	3881177.562733296	80
507529.4086542751	3881177.496089028	80
507529.4086542751	3881177.496089028	80
507529.28107109	3881177.4294447615	80
507529.28107109	3881177.4294447615	80
507529.153497088	3881177.351710741	80
507529.153497088	3881177.351710741	80
507529.0167968755	3881177.285058927	80
507529.0167968755	3881177.285058927	80
507528.8892136847	3881177.2184146666	80
507528.8892136847	3881177.2184146666	80
507528.7525226551	3881177.1406730986	80
507528.6249394602	3881177.074028842	80
507528.7525226551	3881177.1406730986	80
507528.6249394602	3881177.074028842	80
507528.48823924205	3881177.007377037	80
507528.3515482012	3881176.929635476	80
507528.3515482012	3881176.929635476	80
507528.2148571627	3881176.851893919	80
507528.2148571627	3881176.851893919	80
507528.0690399165	3881176.785234569	80
507528.0690399165	3881176.785234569	80
507528.0690399165	3881176.785234569	80
507527.92323185166	3881176.707485464	80
507527.92323185166	3881176.707485464	80
507527.7865408061	3881176.629743911	80
507527.7865408061	3881176.629743911	80
507527.6316157121	3881176.5519872615	80
507527.48580763984	3881176.474238165	80
507527.6316157121	3881176.5519872615	80
507527.3308825406	3881176.39648152	80
507527.3308825406	3881176.39648152	80
507527.3308825406	3881176.39648152	80
507527.18507446325	3881176.318732429	80
507527.18507446325	3881176.318732429	80
507527.03926638106	3881176.2409833367	80
507527.03926638106	3881176.2409833367	80
507526.9025661388	3881176.174331556	80
507526.7658750765	3881176.0965900174	80
507526.7658750765	3881176.0965900174	80
507526.6382918525	3881176.029945789	80
507526.7658750765	3881176.0965900174	80
507526.5107086266	3881175.9633015622	80
507526.5107086266	3881175.9633015622	80
507526.5107086266	3881175.9633015622	80
507526.3922424214	3881175.8966648863	80
507526.3922424214	3881175.8966648863	80
507526.27377621445	3881175.8300282103	80
507526.27377621445	3881175.8300282103	80
507526.1644270262	3881175.7633990855	80
507526.045951637	3881175.707852172	80
507526.045951637	3881175.707852172	80
507526.045951637	3881175.707852172	80
507525.9457102873	3881175.652320354	80
507525.9457102873	3881175.652320354	80
507525.83635191823	3881175.596780992	80
507525.83635191823	3881175.596780992	80
507525.7270027239	3881175.530151871	80
507525.7270027239	3881175.530151871	80
507525.626761375	3881175.4746200577	80
507525.626761375	3881175.4746200577	80
507525.51740299945	3881175.419080699	80
507525.51740299945	3881175.419080699	80
507525.4171616457	3881175.363548888	80
507525.3078124479	3881175.296919772	80
507525.3078124479	3881175.296919772	80
507525.3078124479	3881175.296919772	80
507525.1984540683	3881175.241380417	80
507525.1984540683	3881175.241380417	80
507525.08910486737	3881175.1747513055	80
507525.08910486737	3881175.1747513055	80
507524.9797556648	3881175.108122193	80
507524.86128943495	3881175.041485538	80
507524.86128943495	3881175.041485538	80
507524.74281402846	3881174.985938639	80
507524.74281402846	3881174.985938639	80
507524.62434779527	3881174.9193019858	80
507524.74281402846	3881174.985938639	80
507524.62434779527	3881174.9193019858	80
507524.50588156265	3881174.852665334	80
507524.50588156265	3881174.852665334	80
507524.3783074838	3881174.77493138	80
507524.2598412475	3881174.70829473	80
507524.2598412475	3881174.70829473	80
507524.1322579857	3881174.6416505375	80
507524.2598412475	3881174.70829473	80
507524.1322579857	3881174.6416505375	80
507523.9955668768	3881174.563909044	80
507523.9955668768	3881174.563909044	80
507523.8679927895	3881174.486175095	80
507523.8679927895	3881174.486175095	80
507523.7404187	3881174.40844115	80
507523.7404187	3881174.40844115	80
507523.6037275819	3881174.330699661	80
507523.6037275819	3881174.330699661	80
507523.4670364638	3881174.252958172	80
507523.4670364638	3881174.252958172	80
507523.3394623677	3881174.1752242334	80
507523.20277124265	3881174.0974827497	80
507523.20277124265	3881174.0974827497	80
507523.20277124265	3881174.0974827497	80
507523.0660801176	3881174.019741269	80
507522.9293889902	3881173.941999789	80
507522.9293889902	3881173.941999789	80
507522.9293889902	3881173.941999789	80
507522.8018148828	3881173.864265857	80
507522.8018148828	3881173.864265857	80
507522.6651329279	3881173.775434624	80
507522.6651329279	3881173.775434624	80
507522.5284417934	3881173.697693151	80
507522.5284417934	3881173.697693151	80
507522.4008676814	3881173.619959224	80
507522.4008676814	3881173.619959224	80
507522.2641765424	3881173.542217756	80
507522.2641765424	3881173.542217756	80
507522.13661160006	3881173.453394074	80
507522.13661160006	3881173.453394074	80
507521.9908034312	3881173.3756450657	80
507521.9908034312	3881173.3756450657	80
507521.854121461	3881173.286813845	80
507521.854121461	3881173.286813845	80
507521.7083132847	3881173.209064841	80
507521.7083132847	3881173.209064841	80
507521.5716221336	3881173.131323382	80
507521.5716221336	3881173.131323382	80
507521.4349401556	3881173.042492167	80
507521.2891319741	3881172.9647431695	80
507521.2891319741	3881172.9647431695	80
507521.2891319741	3881172.9647431695	80
507521.1615670165	3881172.875919504	80
507521.1615670165	3881172.875919504	80
507521.02487585566	3881172.798178053	80
507521.02487585566	3881172.798178053	80
507520.8881846879	3881172.7204366056	80
507520.8881846879	3881172.7204366056	80
507520.75150269707	3881172.6316054007	80
507520.6148115291	3881172.553863955	80
507520.75150269707	3881172.6316054007	80
507520.4781295331	3881172.465032757	80
507520.4781295331	3881172.465032757	80
507520.34143836034	3881172.387291317	80
507520.34143836034	3881172.387291317	80
507520.2047563592	3881172.298460121	80
507520.34143836034	3881172.387291317	80
507520.2047563592	3881172.298460121	80
507520.0680651815	3881172.2207186846	80
507520.0680651815	3881172.2207186846	80
507519.9405001992	3881172.131895035	80
507519.8038090168	3881172.054153604	80
507519.9405001992	3881172.131895035	80
507519.6671270031	3881171.965322416	80
507519.8038090168	3881172.054153604	80
507519.5304358158	3881171.887580989	80
507519.6671270031	3881171.965322416	80
507519.39375379926	3881171.798749805	80
507519.5304358158	3881171.887580989	80
507519.2570626072	3881171.721008383	80
507519.39375379926	3881171.798749805	80
507519.12038058543	3881171.632177202	80
507519.12038058543	3881171.632177202	80
507519.12038058543	3881171.632177202	80
507518.9928155856	3881171.543353564	80
507518.8470073593	3881171.465604607	80
507518.9928155856	3881171.543353564	80
507518.8470073593	3881171.465604607	80
507518.7103253274	3881171.3767734338	80
507518.7103253274	3881171.3767734338	80
507518.5736341232	3881171.299032021	80
507518.4278350612	3881171.210193311	80
507518.5736341232	3881171.299032021	80
507518.4278350612	3881171.210193311	80
507518.29115302366	3881171.1213621455	80
507518.29115302366	3881171.1213621455	80
507518.1544709835	3881171.0325309793	80
507518.0086627395	3881170.954782036	80
507518.0086627395	3881170.954782036	80
507518.0086627395	3881170.954782036	80
507517.87198069406	3881170.8659508745	80
507517.87198069406	3881170.8659508745	80
507517.7261816183	3881170.7771121766	80
507517.7261816183	3881170.7771121766	80
507517.58038253966	3881170.688273482	80
507517.58038253966	3881170.688273482	80
507517.4345834559	3881170.599434788	80
507517.4345834559	3881170.599434788	80
507517.2887843716	3881170.510596097	80
507517.2887843716	3881170.510596097	80
507517.1521023101	3881170.421764948	80
507517.1521023101	3881170.421764948	80
507517.0063032178	3881170.332926261	80
507516.860504125	3881170.244087577	80
507517.0063032178	3881170.332926261	80
507516.860504125	3881170.244087577	80
507516.7147050295	3881170.155248896	80
507516.5597889026	3881170.066402678	80
507516.7147050295	3881170.155248896	80
507516.4139898013	3881169.977564001	80
507516.4139898013	3881169.977564001	80
507516.2590736661	3881169.88871779	80
507516.2590736661	3881169.88871779	80
507516.2590736661	3881169.88871779	80
507516.1041575303	3881169.799871579	80
507516.1041575303	3881169.799871579	80
507515.9492505579	3881169.699935614	80
507515.7943344159	3881169.611089409	80
507515.9492505579	3881169.699935614	80
507515.7943344159	3881169.611089409	80
507515.63941826846	3881169.5222432073	80
507515.63941826846	3881169.5222432073	80
507515.4936191494	3881169.433404545	80
507515.4936191494	3881169.433404545	80
507515.338702996	3881169.344558348	80
507515.338702996	3881169.344558348	80
507515.1837868419	3881169.2557121534	80
507515.0379877118	3881169.1668735007	80
507515.1837868419	3881169.2557121534	80
507515.0379877118	3881169.1668735007	80
507514.8830715517	3881169.0780273112	80
507514.8830715517	3881169.0780273112	80
507514.7281553887	3881168.989181124	80
507514.7281553887	3881168.989181124	80
507514.5732392226	3881168.90033494	80
507514.5732392226	3881168.90033494	80
507514.4183138842	3881168.822578517	80
507514.4183138842	3881168.822578517	80
507514.2725055752	3881168.744829634	80
507514.2725055752	3881168.744829634	80
507514.11758939817	3881168.655983457	80
507514.11758939817	3881168.655983457	80
507513.971781084	3881168.5782345776	80
507513.971781084	3881168.5782345776	80
507513.8168649012	3881168.489388408	80
507513.8168649012	3881168.489388408	80
507513.6619395517	3881168.4116319977	80
507513.6619395517	3881168.4116319977	80
507513.5161403932	3881168.3227933673	80
507513.352098008	3881168.245029428	80
507513.5161403932	3881168.3227933673	80
507513.1971818136	3881168.156183266	80
507513.352098008	3881168.245029428	80
507513.1971818136	3881168.156183266	80
507513.0422656206	3881168.067337109	80
507512.887340255	3881167.9895807127	80
507513.0422656206	3881168.067337109	80
507512.887340255	3881167.9895807127	80
507512.7415410845	3881167.9007420954	80
507512.7415410845	3881167.9007420954	80
507512.58661571343	3881167.822985702	80
507512.58661571343	3881167.822985702	80
507512.4316995066	3881167.734139557	80
507512.4316995066	3881167.734139557	80
507512.2767741301	3881167.65638317	80
507512.2767741301	3881167.65638317	80
507512.1309749483	3881167.567544563	80
507512.1309749483	3881167.567544563	80
507511.97605873033	3881167.478698424	80
507511.97605873033	3881167.478698424	80
507511.8211425117	3881167.3898522872	80
507511.6662079605	3881167.3231856697	80
507511.6662079605	3881167.3231856697	80
507511.6662079605	3881167.3231856697	80
507511.520399604	3881167.24543683	80
507511.36547421134	3881167.1676804586	80
507511.36547421134	3881167.1676804586	80
507511.36547421134	3881167.1676804586	80
507511.21054882073	3881167.08992409	80
507511.21054882073	3881167.08992409	80
507511.05563258566	3881167.001077967	80
507511.05563258566	3881167.001077967	80
507510.9098242188	3881166.9233291377	80
507510.7640250096	3881166.834490552	80
507510.9098242188	3881166.9233291377	80
507510.7640250096	3881166.834490552	80
507510.6090996058	3881166.756734193	80
507510.6090996058	3881166.756734193	80
507510.46329122887	3881166.67898537	80
507510.30837498186	3881166.59013926	80
507510.46329122887	3881166.67898537	80
507510.16257576377	3881166.501300684	80
507510.30837498186	3881166.59013926	80
507510.16257576377	3881166.501300684	80
507510.0076503469	3881166.4235443366	80
507509.8618511232	3881166.334705766	80
507510.0076503469	3881166.4235443366	80
507509.7160427331	3881166.2569569545	80
507509.7160427331	3881166.2569569545	80
507509.56111731054	3881166.1792006153	80
507509.7160427331	3881166.2569569545	80
507509.4061918831	3881166.1014442784	80
507509.4061918831	3881166.1014442784	80
507509.2603834877	3881166.023695474	80
507509.2603834877	3881166.023695474	80
507509.2603834877	3881166.023695474	80
507509.09635018295	3881165.9348418554	80
507509.09635018295	3881165.9348418554	80
507508.9414339122	3881165.845995767	80
507508.9414339122	3881165.845995767	80
507508.77740060113	3881165.757142151	80
507508.62247515976	3881165.679385828	80
507508.77740060113	3881165.757142151	80
507508.62247515976	3881165.679385828	80
507508.4584418426	3881165.5905322176	80
507508.4584418426	3881165.5905322176	80
507508.294399365	3881165.512768371	80
507508.294399365	3881165.512768371	80
507508.130366044	3881165.4239147664	80
507508.130366044	3881165.4239147664	80
507507.9754589096	3881165.323978938	80
507507.9754589096	3881165.323978938	80
507507.8023085464	3881165.2351178112	80
507507.6382752156	3881165.146264217	80
507507.8023085464	3881165.2351178112	80
507507.6382752156	3881165.146264217	80
507507.4742418815	3881165.057410625	80
507507.4742418815	3881165.057410625	80
507507.31020854186	3881164.968557037	80
507507.31020854186	3881164.968557037	80
507507.1461751991	3881164.8797034514	80
507507.1461751991	3881164.8797034514	80
507506.991258889	3881164.790857398	80
507506.991258889	3881164.790857398	80
507506.8272255399	3881164.7020038185	80
507506.8272255399	3881164.7020038185	80
507506.67230922607	3881164.6131577706	80
507506.67230922607	3881164.6131577706	80
507506.51739290456	3881164.5243117246	80
507506.51739290456	3881164.5243117246	80
507506.353359546	3881164.435458154	80
507506.353359546	3881164.435458154	80
507506.1893261842	3881164.3466045856	80
507506.1893261842	3881164.3466045856	80
507506.0344098558	3881164.257758548	80
507506.0344098558	3881164.257758548	80
507505.8703764877	3881164.168904987	80
507505.71546015545	3881164.080058954	80
507505.71546015545	3881164.080058954	80
507505.71546015545	3881164.080058954	80
507505.5514359372	3881163.98011564	80
507505.5514359372	3881163.98011564	80
507505.3965287499	3881163.880179856	80
507505.2324953712	3881163.791326304	80
507505.2324953712	3881163.791326304	80
507505.2324953712	3881163.791326304	80
507505.0684711423	3881163.691383	80
507505.0684711423	3881163.691383	80
507504.9044469123	3881163.591439697	80
507504.9044469123	3881163.591439697	80
507504.7404135212	3881163.502586155	80
507504.5672722468	3881163.402635332	80
507504.5672722468	3881163.402635332	80
507504.4032388536	3881163.313781796	80
507504.5672722468	3881163.402635332	80
507504.4032388536	3881163.313781796	80
507504.2392054526	3881163.224928265	80
507504.2392054526	3881163.224928265	80
507504.06606416736	3881163.1249774513	80
507503.90203075967	3881163.036123925	80
507503.90203075967	3881163.036123925	80
507503.90203075967	3881163.036123925	80
507503.7288894695	3881162.936173118	80
507503.7288894695	3881162.936173118	80
507503.5648560551	3881162.847319597	80
507503.5648560551	3881162.847319597	80
507503.3917147553	3881162.747368797	80
507503.218573454	3881162.647418	80
507503.218573454	3881162.647418	80
507503.218573454	3881162.647418	80
507503.0454229936	3881162.558556964	80
507503.0454229936	3881162.558556964	80
507502.87228168256	3881162.4586061738	80
507502.87228168256	3881162.4586061738	80
507502.69913121744	3881162.369745144	80
507502.525989899	3881162.26979436	80
507502.525989899	3881162.26979436	80
507502.525989899	3881162.26979436	80
507502.3619564632	3881162.180940861	80
507502.3619564632	3881162.180940861	80
507502.1888151398	3881162.080990083	80
507502.0156646585	3881161.992129068	80
507502.1888151398	3881162.080990083	80
507502.0156646585	3881161.992129068	80
507501.8425233278	3881161.892178297	80
507501.67848987615	3881161.80332481	80
507501.8425233278	3881161.892178297	80
507501.67848987615	3881161.80332481	80
507501.5053485358	3881161.703374046	80
507501.5053485358	3881161.703374046	80
507501.3321980406	3881161.6145130433	80
507501.3321980406	3881161.6145130433	80
507501.1590566952	3881161.5145622855	80
507501.1590566952	3881161.5145622855	80
507500.9859061931	3881161.42570129	80
507500.9859061931	3881161.42570129	80
507500.8127648402	3881161.325750538	80
507500.63962348126	3881161.225799791	80
507500.63962348126	3881161.225799791	80
507500.4755991558	3881161.1258565686	80
507500.63962348126	3881161.225799791	80
507500.4755991558	3881161.1258565686	80
507500.302457794	3881161.025905828	80
507500.302457794	3881161.025905828	80
507500.1293072742	3881160.937044848	80
507500.1293072742	3881160.937044848	80
507499.9470488604	3881160.8370865914	80
507499.7830153759	3881160.7482331386	80
507499.7830153759	3881160.7482331386	80
507499.7830153759	3881160.7482331386	80
507499.6189818836	3881160.6593796895	80
507499.6189818836	3881160.6593796895	80
507499.44583135017	3881160.570518723	80
507499.2818069998	3881160.470575522	80
507499.2818069998	3881160.470575522	80
507499.1177734999	3881160.3817220833	80
507499.2818069998	3881160.470575522	80
507498.9537399968	3881160.2928686473	80
507498.9537399968	3881160.2928686473	80
507498.7805894499	3881160.204007692	80
507498.7805894499	3881160.204007692	80
507498.7805894499	3881160.204007692	80
507498.6256729763	3881160.115161783	80
507498.6256729763	3881160.115161783	80
507498.4616394636	3881160.026308355	80
507498.4616394636	3881160.026308355	80
507498.297615095	3881159.9263651706	80
507498.142698612	3881159.837519269	80
507498.297615095	3881159.9263651706	80
507498.142698612	3881159.837519269	80
507497.9786650872	3881159.74866585	80
507497.9786650872	3881159.74866585	80
507497.81463156384	3881159.6598124346	80
507497.6505980327	3881159.570959021	80
507497.81463156384	3881159.6598124346	80
507497.6505980327	3881159.570959021	80
507497.4956906836	3881159.471023373	80
507497.4956906836	3881159.471023373	80
507497.3407650413	3881159.3932672422	80
507497.3407650413	3881159.3932672422	80
507497.1858576857	3881159.2933315993	80
507497.1858576857	3881159.2933315993	80
507497.0218241418	3881159.2044781977	80
507496.86690763634	3881159.115632317	80
507496.86690763634	3881159.115632317	80
507496.86690763634	3881159.115632317	80
507496.7028740884	3881159.026778922	80
507496.7028740884	3881159.026778922	80
507496.53884053504	3881158.9379255287	80
507496.53884053504	3881158.9379255287	80
507496.3748069785	3881158.849072138	80
507496.3748069785	3881158.849072138	80
507496.2107825656	3881158.7491289945	80
507496.2107825656	3881158.7491289945	80
507496.0558660422	3881158.660283129	80
507496.0558660422	3881158.660283129	80
507495.89183247817	3881158.571429748	80
507495.89183247817	3881158.571429748	80
507495.7278080551	3881158.4714866113	80
507495.7278080551	3881158.4714866113	80
507495.5637744822	3881158.382633236	80
507495.5637744822	3881158.382633236	80
507495.399740906	3881158.293779864	80
507495.399740906	3881158.293779864	80
507495.2357164725	3881158.1938367374	80
507495.2357164725	3881158.1938367374	80
507495.0716920354	3881158.0938936127	80
507495.0716920354	3881158.0938936127	80
507494.8985414088	3881158.005032733	80
507494.7345169646	3881157.905089616	80
507494.7345169646	3881157.905089616	80
507494.7345169646	3881157.905089616	80
507494.5613754738	3881157.805138984	80
507494.5613754738	3881157.805138984	80
507494.3973418775	3881157.71628563	80
507494.3973418775	3881157.71628563	80
507494.2333174202	3881157.616342522	80
507494.2333174202	3881157.616342522	80
507494.0601667787	3881157.527481657	80
507494.0601667787	3881157.527481657	80
507493.89614231663	3881157.427538554	80
507493.7230008076	3881157.32758794	80
507493.7230008076	3881157.32758794	80
507493.7230008076	3881157.32758794	80
507493.54985015554	3881157.2387270858	80
507493.3858256804	3881157.138783992	80
507493.3858256804	3881157.138783992	80
507493.2126841602	3881157.0388333863	80
507493.2126841602	3881157.0388333863	80
507493.0486596801	3881156.9388903	80
507493.0486596801	3881156.9388903	80
507492.8755090118	3881156.850029458	80
507492.8755090118	3881156.850029458	80
507492.8755090118	3881156.850029458	80
507492.7114845245	3881156.750086377	80
507492.5383429919	3881156.650135786	80
507492.5383429919	3881156.650135786	80
507492.374309355	3881156.561282468	80
507492.374309355	3881156.561282468	80
507492.2011678128	3881156.4613318816	80
507492.374309355	3881156.561282468	80
507492.2011678128	3881156.4613318816	80
507492.0371433087	3881156.361388813	80
507491.8639926219	3881156.2725279913	80
507491.8639926219	3881156.2725279913	80
507491.6908510685	3881156.172577415	80
507491.6908510685	3881156.172577415	80
507491.6908510685	3881156.172577415	80
507491.5268174148	3881156.0837241127	80
507491.3627929012	3881155.983781057	80
507491.3627929012	3881155.983781057	80
507491.3627929012	3881155.983781057	80
507491.19875924085	3881155.894927761	80
507491.19875924085	3881155.894927761	80
507491.0347347157	3881155.7949847104	80
507491.0347347157	3881155.7949847104	80
507490.8707101868	3881155.695041663	80
507490.8707101868	3881155.695041663	80
507490.7066765211	3881155.606188375	80
507490.5517690282	3881155.506252847	80
507490.5517690282	3881155.506252847	80
507490.5517690282	3881155.506252847	80
507490.38773535134	3881155.417399565	80
507490.38773535134	3881155.417399565	80
507490.2237016736	3881155.3285462856	80
507490.2237016736	3881155.3285462856	80
507490.0687941707	3881155.228610767	80
507490.0687941707	3881155.228610767	80
507489.9138775274	3881155.139765005	80
507489.9138775274	3881155.139765005	80
507489.7498438423	3881155.0509117353	80
507489.7498438423	3881155.0509117353	80
507489.5949271928	3881154.96206598	80
507489.4309026332	3881154.862122959	80
507489.4309026332	3881154.862122959	80
507489.4309026332	3881154.862122959	80
507489.27598597977	3881154.7732772073	80
507489.27598597977	3881154.7732772073	80
507489.1119614132	3881154.673334192	80
507489.1119614132	3881154.673334192	80
507488.9570447512	3881154.5844884487	80
507488.9570447512	3881154.5844884487	80
507488.7930201824	3881154.484545439	80
507488.7930201824	3881154.484545439	80
507488.638103514	3881154.3956996994	80
507488.48318684485	3881154.306853963	80
507488.48318684485	3881154.306853963	80
507488.3191622612	3881154.206910962	80
507488.3191622612	3881154.206910962	80
507488.3191622612	3881154.206910962	80
507488.1642455834	3881154.118065231	80
507488.0002209975	3881154.0181222367	80
507488.0002209975	3881154.0181222367	80
507488.0002209975	3881154.0181222367	80
507487.83619640337	3881153.9181792415	80
507487.83619640337	3881153.9181792415	80
507487.681279716	3881153.829333521	80
507487.5081472042	3881153.718293267	80
507487.681279716	3881153.829333521	80
507487.5081472042	3881153.718293267	80
507487.3441225993	3881153.618350284	80
507487.3441225993	3881153.618350284	80
507487.17098095047	3881153.518399793	80
507487.17098095047	3881153.518399793	80
507486.9978392932	3881153.4184493087	80
507486.8246976344	3881153.3184988257	80
507486.9978392932	3881153.4184493087	80
507486.6515651025	3881153.207458588	80
507486.6515651025	3881153.207458588	80
507486.4784234336	3881153.1075081113	80
507486.4784234336	3881153.1075081113	80
507486.3052908958	3881152.996467881	80
507486.4784234336	3881153.1075081113	80
507486.1230413059	3881152.885420146	80
507486.1230413059	3881152.885420146	80
507486.1230413059	3881152.885420146	80
507485.9498996274	3881152.78546968	80
507485.7676500266	3881152.674421952	80
507485.7676500266	3881152.674421952	80
507485.5854004237	3881152.5633742274	80
507485.5854004237	3881152.5633742274	80
507485.4031416872	3881152.463416265	80
507485.4031416872	3881152.463416265	80
507485.2208920756	3881152.352368549	80
507485.2208920756	3881152.352368549	80
507485.2208920756	3881152.352368549	80
507485.0386424619	3881152.2413208336	80
507484.8472757951	3881152.130265618	80
507485.0386424619	3881152.2413208336	80
507484.65591825417	3881152.0081206495	80
507484.65591825417	3881152.0081206495	80
507484.4554436616	3881151.885968177	80
507484.4554436616	3881151.885968177	80
507484.245861147	3881151.7527184472	80
507484.245861147	3881151.7527184472	80
507484.0180445327	3881151.6194537096	80
507484.245861147	3881151.7527184472	80
507483.79023704113	3881151.47509922	80
507483.79023704113	3881151.47509922	80
507483.535087528	3881151.319632463	80
507483.535087528	3881151.319632463	80
507483.535087528	3881151.319632463	80
507483.2799380084	3881151.164165714	80
507483.2799380084	3881151.164165714	80
507482.9974464663	3881150.9975867	80
507482.9974464663	3881150.9975867	80
507482.7149549116	3881150.831007693	80
507482.7149549116	3881150.831007693	80
507482.4142383788	3881150.65332393	80
507482.4142383788	3881150.65332393	80
507482.113530964	3881150.464550421	80
507482.113530964	3881150.464550421	80
507481.7945894358	3881150.275761914	80
507481.46653997735	3881150.075876157	80
507481.46653997735	3881150.075876157	80
507481.46653997735	3881150.075876157	80
507481.1384904999	3881149.875990412	80
507481.1384904999	3881149.875990412	80
507480.8013239638	3881149.676097177	80
507480.8013239638	3881149.676097177	80
507480.4641665337	3881149.4651141977	80
507480.4641665337	3881149.4651141977	80
507480.1178829161	3881149.265213485	80
507480.1178829161	3881149.265213485	80
507479.7807163327	3881149.065320288	80
507479.4435406079	3881148.876516861	80
507479.7807163327	3881149.065320288	80
507479.10636487376	3881148.687713448	80
507479.4435406079	3881148.876516861	80
507479.10636487376	3881148.687713448	80
507478.7874232209	3881148.4989250456	80
507478.4593645093	3881148.310129156	80
507478.4593645093	3881148.310129156	80
507478.4593645093	3881148.310129156	80
507478.14953075984	3881148.132438035	80
507478.14953075984	3881148.132438035	80
507477.83969699824	3881147.954746926	80
507477.83969699824	3881147.954746926	80
507477.52986322687	3881147.7770558265	80
507477.52986322687	3881147.7770558265	80
507477.2291464919	3881147.599372237	80
507477.2291464919	3881147.599372237	80
507476.9375376751	3881147.432785913	80
507476.9375376751	3881147.432785913	80
507476.6459288453	3881147.266199599	80
507476.6459288453	3881147.266199599	80
507476.3634370608	3881147.099620792	80
507476.3634370608	3881147.099620792	80
507476.0718282121	3881146.933034496	80
507476.0718282121	3881146.933034496	80
507475.79845345847	3881146.7664632048	80
507475.5250695754	3881146.610981679	80
507475.79845345847	3881146.7664632048	80
507475.5250695754	3881146.610981679	80
507475.25169479975	3881146.4444104033	80
507475.25169479975	3881146.4444104033	80
507474.9874370663	3881146.2778466335	80
507474.9874370663	3881146.2778466335	80
507474.7231702069	3881146.122372631	80
507474.7231702069	3881146.122372631	80
507474.4680112706	3881145.977995886	80
507474.4680112706	3881145.977995886	80
507474.22197850136	3881145.822536889	80
507474.22197850136	3881145.822536889	80
507473.9759366015	3881145.678167656	80
507473.9759366015	3881145.678167656	80
507473.739011749	3881145.533805924	80
507473.739011749	3881145.533805924	80
507473.5111857058	3881145.411631209	80
507473.5111857058	3881145.411631209	80
507473.3198096404	3881145.311665996	80
507473.3198096404	3881145.311665996	80
507473.1466676748	3881145.211715774	80
507473.1466676748	3881145.211715774	80
507472.94618366176	3881145.100653316	80
507472.94618366176	3881145.100653316	80
507472.74569964607	3881144.989590863	80
507472.74569964607	3881144.989590863	80
507472.5543326745	3881144.878535905	80
507472.5543326745	3881144.878535905	80
507472.1806975473	3881144.678613016	80
507472.0257896673	3881144.578677804	80
507472.1806975473	3881144.678613016	80
507472.0257896673	3881144.578677804	80
507471.8799806079	3881144.500929603	80
507471.8799806079	3881144.500929603	80
507471.7523965369	3881144.43428615	80
507471.7523965369	3881144.43428615	80
507471.6339295205	3881144.367650192	80
507471.6339295205	3881144.367650192	80
507471.3514284399	3881144.2121612974	80
507471.3514284399	3881144.2121612974	80
507471.25118641206	3881144.1566300895	80
507471.25118641206	3881144.1566300895	80
507471.1600614373	3881144.1011063727	80
507471.1600614373	3881144.1011063727	80
507471.0689273474	3881144.056672415	80
507471.0689273474	3881144.056672415	80
507470.9960273679	3881144.0122534414	80
507470.9960273679	3881144.0122534414	80
507470.9231273853	3881143.9678344727	80
507470.9231273853	3881143.9678344727	80
507470.850227402	3881143.923415503	80
507470.850227402	3881143.923415503	80
507470.7773183067	3881143.890086291	80
507470.7773183067	3881143.890086291	80
507470.6953012674	3881143.845659828	80
507470.6953012674	3881143.845659828	80
507470.6406262802	3881143.8123456025	80
507470.6406262802	3881143.8123456025	80
507470.585951288	3881143.779031376	80
507470.585951288	3881143.779031376	80
507471.0051535362	3881144.001171179	80
507471.0051535362	3881144.001171179	80
507470.9778205984	3881143.9789691856	80
507470.9778205984	3881143.9789691856	80
507470.9413614943	3881143.967849458	80
507470.9413614943	3881143.967849458	80
507470.9140285584	3881143.9456474646	80
507470.9140285584	3881143.9456474646	80
507470.77733653394	3881143.867906775	80
507470.6497524461	3881143.8012633375	80
507470.6497524461	3881143.8012633375	80
507470.59506834496	3881143.779038869	80
507470.6497524461	3881143.8012633375	80
507470.59506834496	3881143.779038869	80
507470.4857183662	3881143.7124104174	80
507470.4857183662	3881143.7124104174	80
507470.44015131664	3881143.690193442	80
507470.44015131664	3881143.690193442	80
507470.403701324	3881143.6679839594	80
507470.403701324	3881143.6679839594	80
507470.358134274	3881143.645766984	80
507470.358134274	3881143.645766984	80
507470.3216842809	3881143.6235575	80
507470.3216842809	3881143.6235575	80
507470.2852251723	3881143.612437776	80
507470.2578922361	3881143.5902357846	80
507470.2852251723	3881143.612437776	80
507470.2578922361	3881143.5902357846	80
507470.1758660788	3881143.556899086	80
507470.1758660788	3881143.556899086	80
507470.1576501947	3881143.5347045874	80
507470.1576501947	3881143.5347045874	80
507470.1303081405	3881143.523592354	80
507470.1303081405	3881143.523592354	80
507470.1029660885	3881143.5124801206	80
507470.1029660885	3881143.5124801206	80
507470.0847410914	3881143.50137538	80
507470.0847410914	3881143.50137538	80
507470.0665069792	3881143.501360397	80
507470.0665069792	3881143.501360397	80
507470.850227402	3881143.923415503	80
507470.850227402	3881143.923415503	80
507470.9504694349	3881143.978946708	80
507470.9504694349	3881143.978946708	80
507470.9686853161	3881144.001141208	80
507470.9686853161	3881144.001141208	80
507470.98691942735	3881144.001156194	80
507470.9960273679	3881144.0122534414	80
507470.9960273679	3881144.0122534414	80
507470.9960273679	3881144.0122534414	80
507470.9960273679	3881144.0122534414	80
507471.0051444223	3881144.0122609353	80
507471.0051444223	3881144.0122609353	80
507471.0051444223	3881144.0122609353	80
507471.0051444223	3881144.0122609353	80
507471.0051444223	3881144.0122609353	80
507471.0051444223	3881144.0122609353	80
507471.0051444223	3881144.0122609353	80
507471.0051444223	3881144.0122609353	80
507471.0051444223	3881144.0122609353	80
507471.0051444223	3881144.0122609353	80
507471.0051444223	3881144.0122609353	80
507471.0051444223	3881144.0122609353	80
507471.0142614744	3881144.0122684273	80
507471.0051444223	3881144.0122609353	80
507471.0142614744	3881144.0122684273	80
507471.0142614744	3881144.0122684273	80
507471.0142614744	3881144.0122684273	80
507471.0051444223	3881144.0122609353	80
507471.0051444223	3881144.0122609353	80
507471.0051444223	3881144.0122609353	80
507471.0051444223	3881144.0122609353	80
507471.0051444223	3881144.0122609353	80
507471.0051444223	3881144.0122609353	80
507471.0051444223	3881144.0122609353	80
507471.0051444223	3881144.0122609353	80
507471.0051444223	3881144.0122609353	80
