166026.4431793313	1.0	100
507504.8680590739	3881224.4276596415	100
507504.8680590739	3881224.4276596415	100
507504.8680590739	3881224.4276596415	100
507504.8680590739	3881224.4276596415	100
507504.8680590739	3881224.4276596415	100
507504.8680590739	3881224.4276596415	100
507504.8680590739	3881224.4276596415	100
507504.8680590739	3881224.4276596415	100
507504.8680590739	3881224.4276596415	100
507504.8680590739	3881224.4276596415	100
507504.8680590739	3881224.4276596415	100
507504.8680590739	3881224.4276596415	100
507504.8680590739	3881224.4276596415	100
507504.8680590739	3881224.4276596415	100
507504.8680590739	3881224.4276596415	100
507504.8680590739	3881224.4276596415	100
507504.8680590739	3881224.4276596415	100
507504.8680590739	3881224.4276596415	100
507504.8680590739	3881224.4276596415	100
507504.8680590739	3881224.4276596415	100
507504.8680590739	3881224.4276596415	100
507504.8680590739	3881224.4276596415	100
507504.8680590739	3881224.4276596415	100
507504.8680590739	3881224.4276596415	100
507504.8680590739	3881224.4276596415	100
507504.8680590739	3881224.4276596415	100
507504.8680590739	3881224.4276596415	100
507504.8680590739	3881224.4276596415	100
507504.8680590739	3881224.4276596415	100
507504.8680590739	3881224.4276596415	100
507504.8680590739	3881224.4276596415	100
507504.8680590739	3881224.4276596415	100
507504.8680590739	3881224.4276596415	100
507504.8680590739	3881224.4276596415	100
507504.8680590739	3881224.4276596415	100
507504.8680590739	3881224.4276596415	100
507504.8680590739	3881224.4276596415	100
507504.8680590739	3881224.4276596415	100
507504.8680590739	3881224.4276596415	100
507504.8680590739	3881224.4276596415	100
507504.8680590739	3881224.4276596415	100
507504.8680590739	3881224.4276596415	100
507504.8680590739	3881224.4276596415	100
507504.8680590739	3881224.4276596415	100
507504.8680590739	3881224.4276596415	100
507504.8680590739	3881224.4276596415	100
507504.8680590739	3881224.4276596415	100
507504.8680590739	3881224.4276596415	100
507504.8680590739	3881224.4276596415	100
507504.8680682233	3881224.416569884	100
507504.8680682233	3881224.416569884	100
507504.8771851982	3881224.4165774058	100
507504.8771851982	3881224.4165774058	100
507504.8771851982	3881224.4165774058	100
507504.88631132006	3881224.405495168	100
507504.89544659376	3881224.383323172	100
507504.89544659376	3881224.383323172	100
507504.9137079941	3881224.350068941	100
507504.9137079941	3881224.350068941	100
507504.9137079941	3881224.350068941	100
507504.9319693923	3881224.316814706	100
507504.9593660669	3881224.261388479	100
507504.9593660669	3881224.261388479	100
507504.9593660669	3881224.261388479	100
507504.9867627372	3881224.205962251	100
507505.0232946866	3881224.128364028	100
507505.0232946866	3881224.128364028	100
507505.0232946866	3881224.128364028	100
507505.0598174848	3881224.061855561	100
507505.0872324602	3881223.9842498167	100
507505.0872324602	3881223.9842498167	100
507505.1237644092	3881223.906651593	100
507505.1237644092	3881223.906651593	100
507505.1237644092	3881223.906651593	100
507505.1603055084	3881223.817963612	100
507505.1968283088	3881223.751455147	100
507505.1968283088	3881223.751455147	100
507505.1968283088	3881223.751455147	100
507505.2333602619	3881223.673856924	100
507505.2607660878	3881223.6073409375	100
507505.2607660878	3881223.6073409375	100
507505.28816276416	3881223.551914711	100
507505.28816276416	3881223.551914711	100
507505.3064424674	3881223.496480961	100
507505.28816276416	3881223.551914711	100
507505.3338299922	3881223.452144493	100
507505.3338299922	3881223.452144493	100
507505.352109696	3881223.396710743	100
507505.352109696	3881223.396710743	100
507505.352109696	3881223.396710743	100
507505.3703710976	3881223.363456512	100
507505.3703710976	3881223.363456512	100
507505.3886416518	3881223.319112521	100
507505.4160383275	3881223.263686295	100
507505.4160383275	3881223.263686295	100
507505.4343088821	3881223.219342304	100
507505.4343088821	3881223.219342304	100
507505.4617055607	3881223.163916077	100
507505.4617055607	3881223.163916077	100
507505.4617055607	3881223.163916077	100
507505.4891113897	3881223.097400092	100
507505.4891113897	3881223.097400092	100
507505.5165172215	3881223.030884106	100
507505.5165172215	3881223.030884106	100
507505.5530491756	3881222.953285884	100
507505.5895811349	3881222.875687664	100
507505.5895811349	3881222.875687664	100
507505.6261222428	3881222.7869996848	100
507505.5895811349	3881222.875687664	100
507505.6626633538	3881222.6983117033	100
507505.6261222428	3881222.7869996848	100
507505.6626633538	3881222.6983117033	100
507505.6992136135	3881222.598533965	100
507505.6992136135	3881222.598533965	100
507505.7448808531	3881222.498763749	100
507505.7814311145	3881222.398986012	100
507505.7814311145	3881222.398986012	100
507505.827098356	3881222.299215797	100
507505.827098356	3881222.299215797	100
507505.827098356	3881222.299215797	100
507505.8727655962	3881222.1994455815	100
507505.9093250132	3881222.088578085	100
507505.9093250132	3881222.088578085	100
507505.9549922553	3881221.988807871	100
507505.9549922553	3881221.988807871	100
507505.9549922553	3881221.988807871	100
507506.0006503477	3881221.900127415	100
507506.0006503477	3881221.900127415	100
507506.0372006143	3881221.8003496784	100
507506.0372006143	3881221.8003496784	100
507506.0828587108	3881221.711669224	100
507506.0828587108	3881221.711669224	100
507506.11939982814	3881221.622981244	100
507506.11939982814	3881221.622981244	100
507506.1559409462	3881221.5342932674	100
507506.2015990452	3881221.445612813	100
507506.2015990452	3881221.445612813	100
507506.2015990452	3881221.445612813	100
507506.2381401648	3881221.356924834	100
507506.27469043847	3881221.2571471008	100
507506.2381401648	3881221.356924834	100
507506.27469043847	3881221.2571471008	100
507506.3203576888	3881221.1573768873	100
507506.3203576888	3881221.1573768873	100
507506.3569079618	3881221.057599152	100
507506.3569079618	3881221.057599152	100
507506.4025843676	3881220.946739181	100
507506.4025843676	3881220.946739181	100
507506.39297322335	3881221.545578629	100
507506.4386496248	3881221.434718658	100
507506.4386496248	3881221.434718658	100
507506.4751999004	3881221.3349409215	100
507506.4751999004	3881221.3349409215	100
507506.5208671525	3881221.2351707113	100
507506.5208671525	3881221.2351707113	100
507506.56654355937	3881221.1243107417	100
507506.56654355937	3881221.1243107417	100
507506.56654355937	3881221.1243107417	100
507506.6122108136	3881221.0245405305	100
507506.6122108136	3881221.0245405305	100
507506.65788722027	3881220.91368056	100
507506.7035636304	3881220.8028205913	100
507506.65788722027	3881220.91368056	100
507506.7035636304	3881220.8028205913	100
507506.7401139091	3881220.703042857	100
507506.7401139091	3881220.703042857	100
507506.7857811696	3881220.603272647	100
507506.7857811696	3881220.603272647	100
507506.831439277	3881220.514592196	100
507506.831439277	3881220.514592196	100
507506.8679895606	3881220.414814461	100
507506.8679895606	3881220.414814461	100
507506.9045306885	3881220.326126488	100
507506.9045306885	3881220.326126488	100
507506.9501979504	3881220.22635628	100
507506.9958560636	3881220.137675828	100
507506.9501979504	3881220.22635628	100
507506.9958560636	3881220.137675828	100
507507.04151417536	3881220.048995378	100
507507.04151417536	3881220.048995378	100
507507.078046159	3881219.971397163	100
507507.11458729306	3881219.8827091902	100
507507.078046159	3881219.971397163	100
507507.11458729306	3881219.8827091902	100
507507.1602454073	3881219.794028739	100
507507.1967865452	3881219.7053407673	100
507507.1602454073	3881219.794028739	100
507507.1967865452	3881219.7053407673	100
507507.2424355088	3881219.627750077	100
507507.2880936279	3881219.539069627	100
507507.2880936279	3881219.539069627	100
507507.3337608979	3881219.43929942	100
507507.3337608979	3881219.43929942	100
507507.3337608979	3881219.43929942	100
507507.3794190165	3881219.350618973	100
507507.4342032708	3881219.25085629	100
507507.4342032708	3881219.25085629	100
507507.4798796964	3881219.1399963247	100
507507.4342032708	3881219.25085629	100
507507.5346731056	3881219.029143884	100
507507.5346731056	3881219.029143884	100
507507.59858349664	3881218.9182989686	100
507507.59858349664	3881218.9182989686	100
507507.59858349664	3881218.9182989686	100
507507.6533860591	3881218.796356769	100
507507.6533860591	3881218.796356769	100
507507.717305606	3881218.6744220974	100
507507.717305606	3881218.6744220974	100
507507.79034213535	3881218.552494949	100
507507.79034213535	3881218.552494949	100
507507.85427083645	3881218.419470517	100
507507.85427083645	3881218.419470517	100
507507.92730736965	3881218.2975433706	100
507507.92730736965	3881218.2975433706	100
507507.9912269214	3881218.175608698	100
507508.0551464772	3881218.053674027	100
507508.0551464772	3881218.053674027	100
507508.1190660323	3881217.9317393578	100
507508.0551464772	3881218.053674027	100
507508.1190660323	3881217.9317393578	100
507508.192102573	3881217.809812212	100
507508.2560129805	3881217.698967301	100
507508.192102573	3881217.809812212	100
507508.2560129805	3881217.698967301	100
507508.3108064079	3881217.588114865	100
507508.3108064079	3881217.588114865	100
507508.3747168161	3881217.477269955	100
507508.3747168161	3881217.477269955	100
507508.4295010903	3881217.377507279	100
507508.4295010903	3881217.377507279	100
507508.4842853656	3881217.277744604	100
507508.4842853656	3881217.277744604	100
507508.5390696468	3881217.177981928	100
507508.5390696468	3881217.177981928	100
507508.5938539245	3881217.0782192526	100
507508.6395120672	3881216.989538812	100
507508.5938539245	3881217.0782192526	100
507508.6395120672	3881216.989538812	100
507508.6851702131	3881216.9008583697	100
507508.6851702131	3881216.9008583697	100
507508.7308192035	3881216.823267687	100
507508.7308192035	3881216.823267687	100
507508.7764681947	3881216.745677004	100
507508.7764681947	3881216.745677004	100
507508.8130002063	3881216.668078797	100
507508.8130002063	3881216.668078797	100
507508.85864919896	3881216.590488115	100
507508.904307349	3881216.5018076734	100
507508.904307349	3881216.5018076734	100
507508.9499563432	3881216.424216993	100
507508.9499563432	3881216.424216993	100
507508.9499563432	3881216.424216993	100
507509.0047314756	3881216.33554408	100
507509.0047314756	3881216.33554408	100
507509.05038962833	3881216.246863641	100
507509.05038962833	3881216.246863641	100
507509.1051739196	3881216.147100968	100
507509.1051739196	3881216.147100968	100
507509.15996736434	3881216.0362485377	100
507509.15996736434	3881216.0362485377	100
507509.2147516557	3881215.9364858666	100
507509.2147516557	3881215.9364858666	100
507509.2786620912	3881215.8256409625	100
507509.2786620912	3881215.8256409625	100
507509.3425725235	3881215.7147960607	100
507509.3973751286	3881215.5928538726	100
507509.3425725235	3881215.7147960607	100
507509.3973751286	3881215.5928538726	100
507509.4612947213	3881215.470919213	100
507509.5252051584	3881215.36007431	100
507509.5252051584	3881215.36007431	100
507509.5252051584	3881215.36007431	100
507509.5891339095	3881215.2270498914	100
507509.6530535073	3881215.105115233	100
507509.6530535073	3881215.105115233	100
507509.7260900912	3881214.9831881006	100
507509.7260900912	3881214.9831881006	100
507509.7900096902	3881214.861253444	100
507509.7900096902	3881214.861253444	100
507509.7900096902	3881214.861253444	100
507509.8539384487	3881214.7282290254	100
507509.8539384487	3881214.7282290254	100
507509.926975036	3881214.606301895	100
507509.926975036	3881214.606301895	100
507510.0000116275	3881214.484374765	100
507510.0730573767	3881214.351357877	100
507510.0000116275	3881214.484374765	100
507510.0730573767	3881214.351357877	100
507510.1369769848	3881214.229423222	100
507510.1369769848	3881214.229423222	100
507510.210022738	3881214.096406336	100
507510.210022738	3881214.096406336	100
507510.2739423497	3881213.97447168	100
507510.2739423497	3881213.97447168	100
507510.34698810696	3881213.841454796	100
507510.34698810696	3881213.841454796	100
507510.42002471024	3881213.719527668	100
507510.49307046935	3881213.586510783	100
507510.42002471024	3881213.719527668	100
507510.5569900908	3881213.46457613	100
507510.49307046935	3881213.586510783	100
507510.5569900908	3881213.46457613	100
507510.6300358563	3881213.3315592473	100
507510.6300358563	3881213.3315592473	100
507510.7030816216	3881213.198542365	100
507510.7030816216	3881213.198542365	100
507510.77612739126	3881213.0655254815	100
507510.8491731631	3881212.932508601	100
507510.8491731631	3881212.932508601	100
507510.8491731631	3881212.932508601	100
507510.9222189348	3881212.7994917193	100
507510.995264711	3881212.66647484	100
507510.9222189348	3881212.7994917193	100
507510.995264711	3881212.66647484	100
507511.0683104893	3881212.533457961	100
507511.14134711033	3881212.411530841	100
507511.0683104893	3881212.533457961	100
507511.14134711033	3881212.411530841	100
507511.2143928928	3881212.278513962	100
507511.27832168783	3881212.1454895567	100
507511.27832168783	3881212.1454895567	100
507511.3513674744	3881212.01247268	100
507511.27832168783	3881212.1454895567	100
507511.4244132631	3881211.8794558025	100
507511.3513674744	3881212.01247268	100
507511.49745905166	3881211.746438927	100
507511.49745905166	3881211.746438927	100
507511.5613878592	3881211.613414523	100
507511.5613878592	3881211.613414523	100
507511.5613878592	3881211.613414523	100
507511.6344244966	3881211.491487407	100
507511.6344244966	3881211.491487407	100
507511.6983441457	3881211.369552762	100
507511.6983441457	3881211.369552762	100
507511.7622729542	3881211.23652836	100
507511.7622729542	3881211.23652836	100
507511.8261926091	3881211.1145937154	100
507511.8261926091	3881211.1145937154	100
507511.8901122634	3881210.992659074	100
507511.8901122634	3881210.992659074	100
507511.9540319217	3881210.870724431	100
507512.0179515794	3881210.748789789	100
507512.0179515794	3881210.748789789	100
507512.0179515794	3881210.748789789	100
507512.0818712412	3881210.626855147	100
507512.1457909046	3881210.504920506	100
507512.0818712412	3881210.626855147	100
507512.1457909046	3881210.504920506	100
507512.20971056976	3881210.3829858657	100
507512.2736302343	3881210.261051225	100
507512.20971056976	3881210.3829858657	100
507512.32843291137	3881210.139109056	100
507512.32843291137	3881210.139109056	100
507512.32843291137	3881210.139109056	100
507512.3923525816	3881210.017174417	100
507512.3923525816	3881210.017174417	100
507512.4471552617	3881209.895232249	100
507512.4471552617	3881209.895232249	100
507512.5110749374	3881209.7732976098	100
507512.5658776206	3881209.651355444	100
507512.5110749374	3881209.7732976098	100
507512.5658776206	3881209.651355444	100
507512.6206803052	3881209.5294132754	100
507512.6206803052	3881209.5294132754	100
507512.6845908248	3881209.418568397	100
507512.6845908248	3881209.418568397	100
507512.7485013435	3881209.30772352	100
507512.803294876	3881209.196871113	100
507512.7485013435	3881209.30772352	100
507512.8672054	3881209.086026235	100
507512.803294876	3881209.196871113	100
507512.8672054	3881209.086026235	100
507512.9220080921	3881208.96408407	100
507512.9220080921	3881208.96408407	100
507512.9859186169	3881208.853239194	100
507513.0407121549	3881208.742386788	100
507512.9859186169	3881208.853239194	100
507513.09550569433	3881208.631534383	100
507513.09550569433	3881208.631534383	100
507513.159425383	3881208.509599749	100
507513.159425383	3881208.509599749	100
507513.159425383	3881208.509599749	100
507513.2142189253	3881208.398747344	100
507513.2142189253	3881208.398747344	100
507513.2690124666	3881208.28789494	100
507513.2690124666	3881208.28789494	100
507513.3238060115	3881208.177042536	100
507513.37859955546	3881208.066190132	100
507513.37859955546	3881208.066190132	100
507513.37859955546	3881208.066190132	100
507513.4333839433	3881207.9664274873	100
507513.4790604984	3881207.855567552	100
507513.4790604984	3881207.855567552	100
507513.5156200653	3881207.7447000896	100
507513.4790604984	3881207.855567552	100
507513.5612874625	3881207.644929916	100
507513.5612874625	3881207.644929916	100
507513.59783786896	3881207.5451522106	100
507513.59783786896	3881207.5451522106	100
507513.59783786896	3881207.5451522106	100
507513.6343882762	3881207.4453745065	100
507513.6343882762	3881207.4453745065	100
507513.6709386866	3881207.3455968015	100
507513.70749825554	3881207.2347293394	100
507513.70749825554	3881207.2347293394	100
507513.70749825554	3881207.2347293394	100
507513.7440486676	3881207.134951636	100
507513.7440486676	3881207.134951636	100
507513.78060823824	3881207.024084175	100
507513.8171586496	3881206.924306469	100
507513.8171586496	3881206.924306469	100
507513.8171586496	3881206.924306469	100
507513.84460122953	3881206.813431476	100
507513.8720438124	3881206.702556484	100
507513.8720438124	3881206.702556484	100
507513.8720438124	3881206.702556484	100
507513.8994863936	3881206.591681492	100
507513.8994863936	3881206.591681492	100
507513.9178119826	3881206.4807989686	100
507513.9361375721	3881206.369916445	100
507513.9178119826	3881206.4807989686	100
507513.9361375721	3881206.369916445	100
507513.9544631644	3881206.2590339216	100
507513.97278875473	3881206.1481514	100
507513.97278875473	3881206.1481514	100
507513.97278875473	3881206.1481514	100
507513.9819973522	3881206.037261344	100
507513.9819973522	3881206.037261344	100
507513.9911967872	3881205.937461048	100
507513.9911967872	3881205.937461048	100
507514.00952238095	3881205.8265785263	100
507514.00952238095	3881205.8265785263	100
507514.0096048251	3881205.7267707	100
507514.0096048251	3881205.7267707	100
507514.01880426303	3881205.626970405	100
507514.0188958678	3881205.51607282	100
507514.0188958678	3881205.51607282	100
507514.0188958678	3881205.51607282	100
507514.018978312	3881205.4162649936	100
507514.0190607563	3881205.316457168	100
507514.0190607563	3881205.316457168	100
507514.0191432006	3881205.216649342	100
507514.0190607563	3881205.316457168	100
507514.0010008169	3881205.105736695	100
507514.0010008169	3881205.105736695	100
507514.0010008169	3881205.105736695	100
507514.0010832609	3881205.005928869	100
507514.0010832609	3881205.005928869	100
507513.9829317161	3881204.9061059807	100
507513.97389716544	3881204.806290624	100
507513.97389716544	3881204.806290624	100
507513.9648626145	3881204.706475267	100
507513.9648626145	3881204.706475267	100
507513.9467019061	3881204.6177421375	100
507513.9467019061	3881204.6177421375	100
507513.9285503599	3881204.517919249	100
507513.9285503599	3881204.517919249	100
507513.9103988155	3881204.418096361	100
507513.9103988155	3881204.418096361	100
507513.8922381059	3881204.3293632334	100
507513.8922381059	3881204.3293632334	100
507513.8649695634	3881204.229532814	100
507513.8649695634	3881204.229532814	100
507513.83769186	3881204.140792154	100
507513.83769186	3881204.140792154	100
507513.83769186	3881204.140792154	100
507513.81954030937	3881204.040969268	100
507513.81954030937	3881204.040969268	100
507513.7922717653	3881203.9411388487	100
507513.7649940603	3881203.852398188	100
507513.7649940603	3881203.852398188	100
507513.7649940603	3881203.852398188	100
507513.7377163549	3881203.7636575294	100
507513.7013216508	3881203.6749093393	100
507513.7013216508	3881203.6749093393	100
507513.7013216508	3881203.6749093393	100
507513.67405310425	3881203.5750789214	100
507513.63766755885	3881203.475240973	100
507513.63766755885	3881203.475240973	100
507513.601291175	3881203.364313266	100
507513.601291175	3881203.364313266	100
507513.5649147902	3881203.253385561	100
507513.601291175	3881203.364313266	100
507513.5285384045	3881203.142457855	100
507513.5285384045	3881203.142457855	100
507513.5285384045	3881203.142457855	100
507513.4921620157	3881203.0315301497	100
507513.446659472	3881202.931684672	100
507513.446659472	3881202.931684672	100
507513.446659472	3881202.931684672	100
507513.4194000777	3881202.820764496	100
507513.3830145288	3881202.720926549	100
507513.3830145288	3881202.720926549	100
507513.3830145288	3881202.720926549	100
507513.3557459759	3881202.621096132	100
507513.3557459759	3881202.621096132	100
507513.3284774223	3881202.521265717	100
507513.3284774223	3881202.521265717	100
507513.31032586505	3881202.4214428295	100
507513.31032586505	3881202.4214428295	100
507513.28305730806	3881202.3216124144	100
507513.2558711909	3881202.121974172	100
507513.2558711909	3881202.121974172	100
507513.2558711909	3881202.121974172	100
507513.2377104702	3881202.033241044	100
507513.2286667489	3881201.944515446	100
507513.2286667489	3881201.944515446	100
507513.2286667489	3881201.944515446	100
507513.2196230274	3881201.8557898495	100
507513.2105884629	3881201.755974493	100
507513.2105884629	3881201.755974493	100
507513.2105884629	3881201.755974493	100
507513.19242774334	3881201.6672413647	100
507513.19242774334	3881201.6672413647	100
507513.1833840236	3881201.578515768	100
507513.1833840236	3881201.578515768	100
507513.1744227361	3881201.389982344	100
507513.1653881706	3881201.290166989	100
507513.1653881706	3881201.290166989	100
507513.1653881706	3881201.290166989	100
507513.16547060537	3881201.190359164	100
507513.16547060537	3881201.190359164	100
507513.1746700407	3881201.090558869	100
507513.1747524757	3881200.9907510425	100
507513.1746700407	3881201.090558869	100
507513.1839427495	3881200.902040506	100
507513.1839427495	3881200.902040506	100
507513.1839427495	3881200.902040506	100
507513.1840251845	3881200.802232681	100
507513.1840251845	3881200.802232681	100
507513.1932246158	3881200.7024323856	100
507513.1933162104	3881200.591534801	100
507513.1933162104	3881200.591534801	100
507513.1933162104	3881200.591534801	100
507513.2116326431	3881200.491742036	100
507513.2208320797	3881200.39194174	100
507513.2116326431	3881200.491742036	100
507513.2208320797	3881200.39194174	100
507513.2300315141	3881200.292141445	100
507513.2300315141	3881200.292141445	100
507513.2483479479	3881200.19234868	100
507513.2483479479	3881200.19234868	100
507513.26666438207	3881200.092555915	100
507513.26666438207	3881200.092555915	100
507513.2940978161	3881199.9927706793	100
507513.2940978161	3881199.9927706793	100
507513.3215404125	3881199.8818956856	100
507513.3398568458	3881199.7821029215	100
507513.3215404125	3881199.8818956856	100
507513.3398568458	3881199.7821029215	100
507513.3672902838	3881199.682317687	100
507513.3947237224	3881199.582532452	100
507513.3947237224	3881199.582532452	100
507513.3947237224	3881199.582532452	100
507513.4312833166	3881199.471664989	100
507513.4312833166	3881199.471664989	100
507513.4587167565	3881199.371879755	100
507513.4952671948	3881199.272102051	100
507513.4952671948	3881199.272102051	100
507513.4952671948	3881199.272102051	100
507513.5409437963	3881199.16124212	100
507513.5774942363	3881199.061464416	100
507513.5774942363	3881199.061464416	100
507513.6231708398	3881198.950604485	100
507513.6231708398	3881198.950604485	100
507513.6688474421	3881198.839744553	100
507513.6688474421	3881198.839744553	100
507513.7145240455	3881198.728884623	100
507513.6688474421	3881198.839744553	100
507513.769308493	3881198.6291219806	100
507513.769308493	3881198.6291219806	100
507513.769308493	3881198.6291219806	100
507513.8332191027	3881198.518277112	100
507513.888021871	3881198.396334956	100
507513.888021871	3881198.396334956	100
507513.9428246407	3881198.274392798	100
507513.888021871	3881198.396334956	100
507514.0706641896	3881198.0305235465	100
507514.0706641896	3881198.0305235465	100
507514.0706641896	3881198.0305235465	100
507514.1437009692	3881197.908596453	100
507514.2167377485	3881197.78666936	100
507514.2167377485	3881197.78666936	100
507514.2167377485	3881197.78666936	100
507514.289774532	3881197.664742266	100
507514.3719283193	3881197.542822705	100
507514.3719283193	3881197.542822705	100
507514.4449559459	3881197.431985372	100
507514.4449559459	3881197.431985372	100
507514.5179835719	3881197.32114804	100
507514.5179835719	3881197.32114804	100
507514.59100204095	3881197.221400466	100
507514.59100204095	3881197.221400466	100
507514.654903507	3881197.121645362	100
507514.654903507	3881197.121645362	100
507514.654903507	3881197.121645362	100
507514.7096879767	3881197.021882727	100
507514.7735711226	3881196.944307138	100
507514.7096879767	3881197.021882727	100
507514.7735711226	3881196.944307138	100
507514.8283464287	3881196.855634264	100
507514.8283464287	3881196.855634264	100
507514.8739864102	3881196.789133372	100
507514.8739864102	3881196.789133372	100
507514.9287525612	3881196.711550255	100
507514.9287525612	3881196.711550255	100
507514.9743925442	3881196.6450493634	100
507514.9743925442	3881196.6450493634	100
507515.0291403689	3881196.589645763	100
507515.0747803556	3881196.523144872	100
507515.0747803556	3881196.523144872	100
507515.12041117874	3881196.46773374	100
507515.12041117874	3881196.46773374	100
507515.1569250018	3881196.4123150776	100
507515.1569250018	3881196.4123150776	100
507515.2025558261	3881196.3569039446	100
507515.2025558261	3881196.3569039446	100
507515.2390604882	3881196.31257504	100
507515.2390604882	3881196.31257504	100
507515.2390604882	3881196.31257504	100
507515.2755743103	3881196.257156378	100
507515.2755743103	3881196.257156378	100
507515.3120789732	3881196.2128274734	100
507515.3120789732	3881196.2128274734	100
507515.33946662856	3881196.168491037	100
507515.33946662856	3881196.168491037	100
507515.3759712921	3881196.124162132	100
507515.3942419447	3881196.079818164	100
507515.3942419447	3881196.079818164	100
507515.4216204434	3881196.0465714848	100
507515.4216204434	3881196.0465714848	100
507515.4216204434	3881196.0465714848	100
507515.4398819366	3881196.0133172753	100
507515.4398819366	3881196.0133172753	100
507515.4672512711	3881195.9911603546	100
507515.4763865989	3881195.968988372	100
507515.4763865989	3881195.968988372	100
507515.4946389325	3881195.946823919	100
507515.4946389325	3881195.946823919	100
507515.5128912639	3881195.9246594673	100
507515.4946389325	3881195.946823919	100
507515.5128912639	3881195.9246594673	100
507515.53115276	3881195.891405258	100
507515.5494050892	3881195.869240805	100
507515.5494050892	3881195.869240805	100
507515.5494050892	3881195.869240805	100
507515.5767835891	3881195.8359941286	100
507515.6041620869	3881195.80274745	100
507515.6041620869	3881195.80274745	100
507515.6315497472	3881195.758411016	100
507515.6315497472	3881195.758411016	100
507515.6315497472	3881195.758411016	100
507515.6680635763	3881195.702992354	100
507515.6680635763	3881195.702992354	100
507515.7136944072	3881195.647581224	100
507515.7593252386	3881195.592170097	100
507515.7593252386	3881195.592170097	100
507515.7593252386	3881195.592170097	100
507515.8140822394	3881195.5256767417	100
507515.8688392387	3881195.459183389	100
507515.8688392387	3881195.459183389	100
507515.8688392387	3881195.459183389	100
507515.9144792349	3881195.392682502	100
507515.96922707744	3881195.337278908	100
507515.96922707744	3881195.337278908	100
507516.014857912	3881195.28186778	100
507516.014857912	3881195.28186778	100
507516.014857912	3881195.28186778	100
507516.0696057513	3881195.226464187	100
507516.1152274264	3881195.182142818	100
507516.1152274264	3881195.182142818	100
507516.1608490996	3881195.1378214494	100
507516.1608490996	3881195.1378214494	100
507516.2064707732	3881195.093500083	100
507516.1608490996	3881195.1378214494	100
507516.2520924496	3881195.0491787135	100
507516.2520924496	3881195.0491787135	100
507516.2885971197	3881195.004849814	100
507516.2520924496	3881195.0491787135	100
507516.2885971197	3881195.004849814	100
507516.3342187969	3881194.9605284473	100
507516.3342187969	3881194.9605284473	100
507516.37071430456	3881194.927289305	100
507516.4163268169	3881194.8940576967	100
507516.4163268169	3881194.8940576967	100
507516.4163268169	3881194.8940576967	100
507516.4528314908	3881194.849728796	100
507516.4893269969	3881194.816489656	100
507516.4893269969	3881194.816489656	100
507516.4893269969	3881194.816489656	100
507516.53493951255	3881194.783258048	100
507516.53493951255	3881194.783258048	100
507516.5714350216	3881194.7500189054	100
507516.6079305333	3881194.7167797647	100
507516.6079305333	3881194.7167797647	100
507516.6352998768	3881194.6946228496	100
507516.6079305333	3881194.7167797647	100
507516.6352998768	3881194.6946228496	100
507516.6717953866	3881194.661383709	100
507516.7082817305	3881194.6392343263	100
507516.7082817305	3881194.6392343263	100
507516.7082817305	3881194.6392343263	100
507516.7447772431	3881194.6059951847	100
507516.7447772431	3881194.6059951847	100
507516.7903897584	3881194.5727635794	100
507516.7903897584	3881194.5727635794	100
507516.8360022764	3881194.539531973	100
507516.8360022764	3881194.539531973	100
507516.8816239563	3881194.495210609	100
507516.8816239563	3881194.495210609	100
507516.9454796489	3881194.450904311	100
507516.9454796489	3881194.450904311	100
507517.0093353397	3881194.406598015	100
507517.0093353397	3881194.406598015	100
507517.0914342077	3881194.35121703	100
507517.0914342077	3881194.35121703	100
507517.1735330767	3881194.295836045	100
507517.1735330767	3881194.295836045	100
507517.2556319467	3881194.2404550575	100
507517.34684782295	3881194.18508161	100
507517.34684782295	3881194.18508161	100
507517.34684782295	3881194.18508161	100
507517.4380637003	3881194.1297081606	100
507517.4380637003	3881194.1297081606	100
507517.5201625711	3881194.0743271774	100
507517.6113692857	3881194.03004349	100
507517.6113692857	3881194.03004349	100
507517.6934589959	3881193.985752268	100
507517.6113692857	3881194.03004349	100
507517.6934589959	3881193.985752268	100
507517.7846657123	3881193.9414685806	100
507517.86675542407	3881193.8971773614	100
507517.86675542407	3881193.8971773614	100
507517.9488359715	3881193.8639758974	100
507517.86675542407	3881193.8971773614	100
507517.9488359715	3881193.8639758974	100
507518.03091651713	3881193.8307744376	100
507518.1129970657	3881193.797572977	100
507518.1129970657	3881193.797572977	100
507518.1129970657	3881193.797572977	100
507518.19507761486	3881193.764371518	100
507518.2771581623	3881193.731170058	100
507518.2771581623	3881193.731170058	100
507518.2771581623	3881193.731170058	100
507518.359229547	3881193.709058359	100
507518.359229547	3881193.709058359	100
507518.441300932	3881193.68694666	100
507518.441300932	3881193.68694666	100
507518.5233814834	3881193.653745204	100
507518.5233814834	3881193.653745204	100
507518.6054528693	3881193.631633507	100
507518.68753342185	3881193.5984320506	100
507518.68753342185	3881193.5984320506	100
507518.7604877983	3881193.5763128186	100
507518.7604877983	3881193.5763128186	100
507518.7604877983	3881193.5763128186	100
507518.84256835177	3881193.5431113658	100
507518.84256835177	3881193.5431113658	100
507518.9155227337	3881193.520992136	100
507518.9155227337	3881193.520992136	100
507518.97936927417	3881193.48777561	100
507518.97936927417	3881193.48777561	100
507519.0523328234	3881193.454566624	100
507519.1252872088	3881193.4324473953	100
507519.1252872088	3881193.4324473953	100
507519.1252872088	3881193.4324473953	100
507519.189124584	3881193.410320631	100
507519.189124584	3881193.410320631	100
507519.27120514057	3881193.3771191807	100
507519.27120514057	3881193.3771191807	100
507519.3441686917	3881193.343910196	100
507519.3441686917	3881193.343910196	100
507519.4171230765	3881193.3217909695	100
507519.4171230765	3881193.3217909695	100
507519.4992036301	3881193.288589521	100
507519.4992036301	3881193.288589521	100
507519.5812841889	3881193.2553880746	100
507519.5812841889	3881193.2553880746	100
507519.6633647484	3881193.2221866287	100
507519.6633647484	3881193.2221866287	100
507519.7454453085	3881193.188985184	100
507519.83665204287	3881193.1447015177	100
507519.83665204287	3881193.1447015177	100
507519.83665204287	3881193.1447015177	100
507519.92785877816	3881193.1004178505	100
507520.01906551205	3881193.056134186	100
507520.01906551205	3881193.056134186	100
507520.1102722492	3881193.011850524	100
507520.1102722492	3881193.011850524	100
507520.1102722492	3881193.011850524	100
507520.2014789872	3881192.967566859	100
507520.2014789872	3881192.967566859	100
507520.29269489646	3881192.91219344	100
507520.3839108022	3881192.8568200218	100
507520.3839108022	3881192.8568200218	100
507520.4751267114	3881192.801446602	100
507520.3839108022	3881192.8568200218	100
507520.5754596284	3881192.746080725	100
507520.5754596284	3881192.746080725	100
507520.6666755375	3881192.690707307	100
507520.6666755375	3881192.690707307	100
507520.7578914501	3881192.635333892	100
507520.7578914501	3881192.635333892	100
507520.7578914501	3881192.635333892	100
507520.83999952575	3881192.568863181	100
507520.83999952575	3881192.568863181	100
507520.9220984337	3881192.513482231	100
507521.0041973427	3881192.458101279	100
507520.9220984337	3881192.513482231	100
507521.0041973427	3881192.458101279	100
507521.0862962527	3881192.40272033	100
507521.1592781543	3881192.347331844	100
507521.1592781543	3881192.347331844	100
507521.2322600592	3881192.2919433545	100
507521.1592781543	3881192.347331844	100
507521.2322600592	3881192.2919433545	100
507521.3052419649	3881192.2365548704	100
507521.3782238692	3881192.181166384	100
507521.3782238692	3881192.181166384	100
507521.3782238692	3881192.181166384	100
507521.4512057767	3881192.1257779	100
507521.4512057767	3881192.1257779	100
507521.533313862	3881192.059307195	100
507521.533313862	3881192.059307195	100
507521.6245481233	3881191.981754272	100
507521.6245481233	3881191.981754272	100
507521.706665381	3881191.904193812	100
507521.706665381	3881191.904193812	100
507521.7978996477	3881191.82664089	100
507521.7978996477	3881191.82664089	100
507521.8891430859	3881191.737998212	100
507521.980386526	3881191.6493555335	100
507521.980386526	3881191.6493555335	100
507521.980386526	3881191.6493555335	100
507522.0716299655	3881191.560712856	100
507522.0716299655	3881191.560712856	100
507522.16287340905	3881191.472070183	100
507522.16287340905	3881191.472070183	100
507522.2449998464	3881191.3834199663	100
507522.3271262854	3881191.294769753	100
507522.2449998464	3881191.3834199663	100
507522.3271262854	3881191.294769753	100
507522.40013571776	3881191.2061120025	100
507522.40013571776	3881191.2061120025	100
507522.4731359785	3881191.128544009	100
507522.4731359785	3881191.128544009	100
507522.5461362428	3881191.050976016	100
507522.5461362428	3881191.050976016	100
507522.6100194999	3881190.973400485	100
507522.6739119268	3881190.8847351954	100
507522.6739119268	3881190.8847351954	100
507522.73779518617	3881190.807159665	100
507522.73779518617	3881190.807159665	100
507522.73779518617	3881190.807159665	100
507522.79256143793	3881190.729576596	100
507522.79256143793	3881190.729576596	100
507522.8564538683	3881190.640911308	100
507522.8564538683	3881190.640911308	100
507522.92033713096	3881190.563335778	100
507522.92033713096	3881190.563335778	100
507522.9751033835	3881190.485752709	100
507523.0298788083	3881190.397079884	100
507523.0298788083	3881190.397079884	100
507523.08464506274	3881190.319496816	100
507523.08464506274	3881190.319496816	100
507523.1394204943	3881190.2308239904	100
507523.1394204943	3881190.2308239904	100
507523.1394204943	3881190.2308239904	100
507523.1941867506	3881190.1532409214	100
507523.1941867506	3881190.1532409214	100
507523.2489621797	3881190.064568097	100
507523.3037376097	3881189.975895272	100
507523.3037376097	3881189.975895272	100
507523.3585038736	3881189.898312206	100
507523.3585038736	3881189.898312206	100
507523.3585038736	3881189.898312206	100
507523.41327930574	3881189.8096393817	100
507523.4589469012	3881189.70986926	100
507523.4589469012	3881189.70986926	100
507523.5137223377	3881189.621196435	100
507523.5137223377	3881189.621196435	100
507523.5593899352	3881189.521426315	100
507523.5593899352	3881189.521426315	100
507523.5593899352	3881189.521426315	100
507523.61416537385	3881189.432753492	100
507523.61416537385	3881189.432753492	100
507523.6689408136	3881189.344080668	100
507523.6689408136	3881189.344080668	100
507523.71460841416	3881189.244310548	100
507523.7602668434	3881189.155630186	100
507523.71460841416	3881189.244310548	100
507523.7602668434	3881189.155630186	100
507523.81504228624	3881189.0669573634	100
507523.86069154495	3881188.989366759	100
507523.81504228624	3881189.0669573634	100
507523.897223794	3881188.911768616	100
507523.897223794	3881188.911768616	100
507523.897223794	3881188.911768616	100
507523.9337560459	3881188.834170471	100
507523.9337560459	3881188.834170471	100
507523.9702882961	3881188.756572328	100
507524.0068113767	3881188.6900639418	100
507524.0068113767	3881188.6900639418	100
507524.0068113767	3881188.6900639418	100
507524.0342174447	3881188.623548016	100
507524.0342174447	3881188.623548016	100
507524.0707496966	3881188.545949871	100
507524.1072727787	3881188.479441486	100
507524.1072727787	3881188.479441486	100
507524.14380503184	3881188.401843343	100
507524.14380503184	3881188.401843343	100
507524.14380503184	3881188.401843343	100
507524.1712294473	3881188.3131479	100
507524.1712294473	3881188.3131479	100
507524.253429316	3881188.135779639	100
507524.299106102	3881188.024919763	100
507524.299106102	3881188.024919763	100
507524.299106102	3881188.024919763	100
507524.34478288906	3881187.914059887	100
507524.34478288906	3881187.914059887	100
507524.3995766936	3881187.803207553	100
507524.3995766936	3881187.803207553	100
507524.4543796678	3881187.681265461	100
507524.4543796678	3881187.681265461	100
507524.5091918168	3881187.54823361	100
507524.5731209817	3881187.415209303	100
507524.5731209817	3881187.415209303	100
507524.6370501461	3881187.2821849952	100
507524.5731209817	3881187.415209303	100
507524.6370501461	3881187.2821849952	100
507524.7009793124	3881187.149160688	100
507524.7009793124	3881187.149160688	100
507524.75579147285	3881187.01612884	100
507524.75579147285	3881187.01612884	100
507524.8197206428	3881186.883104533	100
507524.8197206428	3881186.883104533	100
507524.8836498168	3881186.7500802265	100
507524.8836498168	3881186.7500802265	100
507524.9293357912	3881186.628130594	100
507524.98414795566	3881186.495098748	100
507524.98414795566	3881186.495098748	100
507525.0298247588	3881186.384238876	100
507524.98414795566	3881186.495098748	100
507525.07550156297	3881186.273379005	100
507525.07550156297	3881186.273379005	100
507525.1302953838	3881186.162526674	100
507525.1302953838	3881186.162526674	100
507525.17596301634	3881186.0627565617	100
507525.17596301634	3881186.0627565617	100
507525.17596301634	3881186.0627565617	100
507525.2216398239	3881185.95189669	100
507525.2672982866	3881185.863216336	100
507525.2672982866	3881185.863216336	100
507525.2672982866	3881185.863216336	100
507525.3129659221	3881185.763446224	100
507525.3586243844	3881185.6747658704	100
507525.3586243844	3881185.6747658704	100
507525.3586243844	3881185.6747658704	100
507525.3951750103	3881185.574988216	100
507525.4408334743	3881185.4863078617	100
507525.4408334743	3881185.4863078617	100
507525.4865011159	3881185.386537749	100
507525.4865011159	3881185.386537749	100
507525.4865011159	3881185.386537749	100
507525.5321779306	3881185.2756778793	100
507525.5321779306	3881185.2756778793	100
507525.5778547511	3881185.16481801	100
507525.5778547511	3881185.16481801	100
507525.6874607644	3881184.9209338417	100
507525.6874607644	3881184.9209338417	100
507525.7422729479	3881184.787902	100
507525.8062113249	3881184.643787944	100
507525.8062113249	3881184.643787944	100
507525.8701405291	3881184.510763644	100
507525.8701405291	3881184.510763644	100
507525.8701405291	3881184.510763644	100
507525.9340789101	3881184.366649588	100
507526.007125131	3881184.2336328328	100
507526.007125131	3881184.2336328328	100
507526.007125131	3881184.2336328328	100
507526.0710635161	3881184.0895187776	100
507526.1350019008	3881183.945404723	100
507526.0710635161	3881184.0895187776	100
507526.19894029	3881183.801290668	100
507526.1350019008	3881183.945404723	100
507526.19894029	3881183.801290668	100
507526.2719865192	3881183.668273916	100
507526.2719865192	3881183.668273916	100
507526.335915737	3881183.535249621	100
507526.3998449544	3881183.4022253263	100
507526.3998449544	3881183.4022253263	100
507526.4637741783	3881183.269201032	100
507526.4637741783	3881183.269201032	100
507526.52770339936	3881183.136176739	100
507526.52770339936	3881183.136176739	100
507526.52770339936	3881183.136176739	100
507526.5916418004	3881182.992062688	100
507526.6555710253	3881182.8590383953	100
507526.6555710253	3881182.8590383953	100
507526.6555710253	3881182.8590383953	100
507526.7195002544	3881182.7260141023	100
507526.783438659	3881182.581900053	100
507526.7195002544	3881182.7260141023	100
507526.783438659	3881182.581900053	100
507526.8473770679	3881182.437786003	100
507526.9113154766	3881182.293671955	100
507526.9113154766	3881182.293671955	100
507526.9113154766	3881182.293671955	100
507526.98438008304	3881182.138475692	100
507526.98438008304	3881182.138475692	100
507527.048318496	3881181.994361643	100
507527.048318496	3881181.994361643	100
507527.11225691554	3881181.850247595	100
507527.11225691554	3881181.850247595	100
507527.1579704735	3881181.695028704	100
507527.21280105086	3881181.539817354	100
507527.21280105086	3881181.539817354	100
507527.21280105086	3881181.539817354	100
507527.26762245584	3881181.395695763	100
507527.31333601865	3881181.24047687	100
507527.26762245584	3881181.395695763	100
507527.3590495831	3881181.08525798	100
507527.3590495831	3881181.08525798	100
507527.3590495831	3881181.08525798	100
507527.3956461328	3881180.930031543	100
507527.3956461328	3881180.930031543	100
507527.4322426815	3881180.774805106	100
507527.4597130382	3881180.630660885	100
507527.4597130382	3881180.630660885	100
507527.4871833933	3881180.4865166633	100
507527.4597130382	3881180.630660885	100
507527.4871833933	3881180.4865166633	100
507527.51465374936	3881180.342372442	100
507527.51465374936	3881180.342372442	100
507527.5421241063	3881180.19822822	100
507527.560477447	3881180.054076454	100
507527.5421241063	3881180.19822822	100
507527.57883078366	3881179.909924688	100
507527.57883078366	3881179.909924688	100
507527.5880671035	3881179.765765377	100
507527.57883078366	3881179.909924688	100
507527.5880671035	3881179.765765377	100
507527.60642962274	3881179.6105238544	100
507527.60642962274	3881179.6105238544	100
507527.6156842973	3881179.444185028	100
507527.61582195206	3881179.277838656	100
507527.61582195206	3881179.277838656	100
507527.61582195206	3881179.277838656	100
507527.6159687837	3881179.100402527	100
507527.6159687837	3881179.100402527	100
507527.6161247924	3881178.911876641	100
507527.6161247924	3881178.911876641	100
507527.6071637803	3881178.72334321	100
507527.6071637803	3881178.72334321	100
507527.5890857447	3881178.534802234	100
507527.5890857447	3881178.534802234	100
507527.5801247317	3881178.3462688033	100
507527.5529388549	3881178.146630525	100
507527.5529388549	3881178.146630525	100
507527.5529388549	3881178.146630525	100
507527.5257437954	3881177.958082005	100
507527.5257437954	3881177.958082005	100
507527.4894408923	3881177.758436184	100
507527.4894408923	3881177.758436184	100
507527.4440209633	3881177.558782816	100
507527.4077088801	3881177.370226753	100
507527.4440209633	3881177.558782816	100
507527.3531627485	3881177.1816556007	100
507527.3531627485	3881177.1816556007	100
507527.3531627485	3881177.1816556007	100
507527.3077244627	3881177.004181751	100
507527.2440521299	3881176.8266928135	100
507527.2440521299	3881176.8266928135	100
507527.18948763865	3881176.660301179	100
507527.18948763865	3881176.660301179	100
507527.11668910185	3881176.493894456	100
507527.18948763865	3881176.660301179	100
507527.11668910185	3881176.493894456	100
507527.0529984045	3881176.338585037	100
507527.0529984045	3881176.338585037	100
507526.9801906841	3881176.183268073	100
507526.9801906841	3881176.183268073	100
507526.9073829658	3881176.027951111	100
507526.834566062	3881175.883723907	100
507526.9073829658	3881176.027951111	100
507526.75263213686	3881175.73948916	100
507526.75263213686	3881175.73948916	100
507526.75263213686	3881175.73948916	100
507526.5978721247	3881175.46211697	100
507526.515929014	3881175.328971984	100
507526.5978721247	3881175.46211697	100
507526.515929014	3881175.328971984	100
507526.43398590095	3881175.1958269975	100
507526.43398590095	3881175.1958269975	100
507526.35203361	3881175.0737717696	100
507526.35203361	3881175.0737717696	100
507526.2700813169	3881174.951716544	100
507526.2700813169	3881174.951716544	100
507526.1881290216	3881174.8296613167	100
507526.1881290216	3881174.8296613167	100
507526.1061675489	3881174.71869585	100
507526.0150890517	3881174.607722842	100
507526.0150890517	3881174.607722842	100
507526.0150890517	3881174.607722842	100
507525.933127575	3881174.496757377	100
507525.8420398964	3881174.396874127	100
507525.933127575	3881174.496757377	100
507525.8420398964	3881174.396874127	100
507525.7600692408	3881174.296998421	100
507525.7600692408	3881174.296998421	100
507525.6689815583	3881174.197115173	100
507525.6689815583	3881174.197115173	100
507525.5870017292	3881174.108329226	100
507525.5870017292	3881174.108329226	100
507525.50502189394	3881174.01954328	100
507525.50502189394	3881174.01954328	100
507525.4230420571	3881173.930757337	100
507525.4230420571	3881173.930757337	100
507525.3410530444	3881173.853061152	100
507525.3410530444	3881173.853061152	100
507525.2499470046	3881173.775357423	100
507525.2499470046	3881173.775357423	100
507525.1770750148	3881173.697668781	100
507525.095076824	3881173.6310623554	100
507525.095076824	3881173.6310623554	100
507525.0221956603	3881173.564463472	100
507525.0221956603	3881173.564463472	100
507524.9401974672	3881173.497857048	100
507524.9401974672	3881173.497857048	100
507524.9401974672	3881173.497857048	100
507524.8673071253	3881173.4423479233	100
507524.8673071253	3881173.4423479233	100
507524.7944167825	3881173.3868388	100
507524.7944167825	3881173.3868388	100
507524.7215264411	3881173.331329678	100
507524.6577531227	3881173.275828097	100
507524.7215264411	3881173.331329678	100
507524.6030876588	3881173.2314238166	100
507524.6577531227	3881173.275828097	100
507524.5484221943	3881173.187019536	100
507524.5484221943	3881173.187019536	100
507524.5484221943	3881173.187019536	100
507524.4937475516	3881173.153705013	100
507524.4390820861	3881173.1093007335	100
507524.4390820861	3881173.1093007335	100
507524.3844074471	3881173.0759862126	100
507524.4390820861	3881173.1093007335	100
507524.3297419807	3881173.0315819327	100
507524.3844074471	3881173.0759862126	100
507524.2841935378	3881172.987185196	100
507524.3297419807	3881173.0315819327	100
507524.2841935378	3881172.987185196	100
507524.229528068	3881172.9427809166	100
507524.229528068	3881172.9427809166	100
507524.1748626001	3881172.898376639	100
507524.1110801049	3881172.853964821	100
507524.1110801049	3881172.853964821	100
507524.0473067794	3881172.798463244	100
507524.0473067794	3881172.798463244	100
507523.9652993997	3881172.7429465847	100
507523.9652993997	3881172.7429465847	100
507523.8833011915	3881172.67634017	100
507523.9652993997	3881172.7429465847	100
507523.8833011915	3881172.67634017	100
507523.7921859552	3881172.6097262152	100
507523.7921859552	3881172.6097262152	100
507523.6919628628	3881172.532014964	100
507523.6919628628	3881172.532014964	100
507523.5917397711	3881172.4543037135	100
507523.5917397711	3881172.4543037135	100
507523.49151667295	3881172.376592463	100
507523.49151667295	3881172.376592463	100
507523.3912844059	3881172.309970972	100
507523.3912844059	3881172.309970972	100
507523.30017833406	3881172.2322672633	100
507523.30017833406	3881172.2322672633	100
507523.20905391744	3881172.176743074	100
507523.12705569854	3881172.110136665	100
507523.20905391744	3881172.176743074	100
507523.0541653344	3881172.054627557	100
507523.0541653344	3881172.054627557	100
507523.0541653344	3881172.054627557	100
507522.9812658004	3881172.010208205	100
507522.9812658004	3881172.010208205	100
507522.91749246215	3881171.954706637	100
507522.91749246215	3881171.954706637	100
507522.85370995424	3881171.9102948266	100
507522.85370995424	3881171.9102948266	100
507522.7899274434	3881171.8658830174	100
507522.7899274434	3881171.8658830174	100
507522.7261449343	3881171.821471209	100
507522.7261449343	3881171.821471209	100
507522.6714794499	3881171.777066939	100
507522.6714794499	3881171.777066939	100
507522.6076969372	3881171.7326551313	100
507522.6076969372	3881171.7326551313	100
507522.5439144263	3881171.688243325	100
507522.48013191234	3881171.6438315166	100
507522.48013191234	3881171.6438315166	100
507522.4163494001	3881171.599419709	100
507522.4163494001	3881171.599419709	100
507522.3434590277	3881171.543910605	100
507522.3434590277	3881171.543910605	100
507522.2705594838	3881171.499491261	100
507522.2705594838	3881171.499491261	100
507522.1885520839	3881171.44397462	100
507522.1885520839	3881171.44397462	100
507522.1156617087	3881171.388465516	100
507522.1156617087	3881171.388465516	100
507522.1156617087	3881171.388465516	100
507522.0336543045	3881171.332948878	100
507521.9607639276	3881171.277439777	100
507521.9607639276	3881171.277439777	100
507521.87875652144	3881171.221923139	100
507521.9607639276	3881171.277439777	100
507521.7967491166	3881171.1664065016	100
507521.7967491166	3881171.1664065016	100
507521.7967491166	3881171.1664065016	100
507521.7147417085	3881171.110889864	100
507521.7147417085	3881171.110889864	100
507521.6236172733	3881171.0553656886	100
507521.6236172733	3881171.0553656886	100
507521.5325020042	3881170.988751756	100
507521.5325020042	3881170.988751756	100
507521.44138673146	3881170.922137827	100
507521.3411452641	3881170.866606116	100
507521.44138673146	3881170.922137827	100
507521.3411452641	3881170.866606116	100
507521.2409221316	3881170.7888948913	100
507521.2409221316	3881170.7888948913	100
507521.13157279725	3881170.722265887	100
507521.13157279725	3881170.722265887	100
507521.0131064371	3881170.6556293466	100
507521.0131064371	3881170.6556293466	100
507520.9037662683	3881170.577910588	100
507520.9037662683	3881170.577910588	100
507520.7852999023	3881170.5112740505	100
507520.7852999023	3881170.5112740505	100
507520.6668335369	3881170.444637514	100
507520.6668335369	3881170.444637514	100
507520.4390178231	3881170.311371984	100
507520.3205514503	3881170.244735453	100
507520.4390178231	3881170.311371984	100
507520.20208507567	3881170.1780989226	100
507520.20208507567	3881170.1780989226	100
507520.20208507567	3881170.1780989226	100
507520.092735731	3881170.111469931	100
507520.092735731	3881170.111469931	100
507519.9833863801	3881170.0448409417	100
507519.9833863801	3881170.0448409417	100
507519.8740278647	3881169.989301711	100
507519.8740278647	3881169.989301711	100
507519.7646785108	3881169.922672724	100
507519.7646785108	3881169.922672724	100
507519.6644370199	3881169.867141031	100
507519.6644370199	3881169.867141031	100
507519.5550876652	3881169.800512047	100
507519.5550876652	3881169.800512047	100
507519.4548461717	3881169.744980358	100
507519.3546046793	3881169.6894486696	100
507519.4548461717	3881169.744980358	100
507519.3546046793	3881169.6894486696	100
507519.25436318095	3881169.633916982	100
507519.25436318095	3881169.633916982	100
507519.1541308504	3881169.567295538	100
507519.1541308504	3881169.567295538	100
507519.0538801877	3881169.522853612	100
507519.0538801877	3881169.522853612	100
507518.9627648844	3881169.4562397054	100
507518.8625233812	3881169.400708023	100
507518.8625233812	3881169.400708023	100
507518.8625233812	3881169.400708023	100
507518.76228188135	3881169.3451763424	100
507518.76228188135	3881169.3451763424	100
507518.662040378	3881169.289644661	100
507518.56179887103	3881169.234112981	100
507518.56179887103	3881169.234112981	100
507518.56179887103	3881169.234112981	100
507518.4615573675	3881169.178581303	100
507518.3613250261	3881169.111959868	100
507518.3613250261	3881169.111959868	100
507518.2519664874	3881169.056420657	100
507518.2519664874	3881169.056420657	100
507518.1426171126	3881168.989791689	100
507518.1426171126	3881168.989791689	100
507518.0241507058	3881168.923155188	100
507518.0241507058	3881168.923155188	100
507518.0241507058	3881168.923155188	100
507517.9056842948	3881168.856518688	100
507517.9056842948	3881168.856518688	100
507517.7872178868	3881168.78988219	100
507517.6596344441	3881168.723238159	100
507517.6596344441	3881168.723238159	100
507517.6596344441	3881168.723238159	100
507517.5411680279	3881168.656601664	100
507517.4227107768	3881168.5788754127	100
507517.5411680279	3881168.656601664	100
507517.4227107768	3881168.5788754127	100
507517.3042443616	3881168.5122389207	100
507517.1857779401	3881168.445602432	100
507517.3042443616	3881168.5122389207	100
507517.0673115191	3881168.3789659417	100
507517.1857779401	3881168.445602432	100
507517.0673115191	3881168.3789659417	100
507516.9488450941	3881168.312329454	100
507516.9488450941	3881168.312329454	100
507516.830378672	3881168.245692969	100
507516.830378672	3881168.245692969	100
507516.7119122458	3881168.179056484	100
507516.7119122458	3881168.179056484	100
507516.5843379478	3881168.101322711	100
507516.5843379478	3881168.101322711	100
507516.4658623546	3881168.0457759886	100
507516.33827889175	3881167.979131975	100
507516.4658623546	3881168.0457759886	100
507516.2198124585	3881167.9124954976	100
507516.2198124585	3881167.9124954976	100
507516.2198124585	3881167.9124954976	100
507516.1013460236	3881167.845859022	100
507515.9828887496	3881167.76813279	100
507516.1013460236	3881167.845859022	100
507515.9828887496	3881167.76813279	100
507515.8553052769	3881167.701488784	100
507515.7368388389	3881167.634852312	100
507515.7368388389	3881167.634852312	100
507515.6092645272	3881167.557118552	100
507515.7368388389	3881167.634852312	100
507515.6092645272	3881167.557118552	100
507515.4816810512	3881167.490474552	100
507515.4816810512	3881167.490474552	100
507515.354097571	3881167.4238305534	100
507515.354097571	3881167.4238305534	100
507515.21740622097	3881167.346089265	100
507515.21740622097	3881167.346089265	100
507515.0807057069	3881167.27943774	100
507515.0807057069	3881167.27943774	100
507514.9531313846	3881167.201703989	100
507514.8073229932	3881167.1239551767	100
507514.9531313846	3881167.201703989	100
507514.6706224728	3881167.057303657	100
507514.6706224728	3881167.057303657	100
507514.5339311092	3881166.97956238	100
507514.5339311092	3881166.97956238	100
507514.3881318737	3881166.8907238166	100
507514.3881318737	3881166.8907238166	100
507514.24232347246	3881166.812975013	100
507514.24232347246	3881166.812975013	100
507514.0965150711	3881166.735226213	100
507514.0965150711	3881166.735226213	100
507513.9507158274	3881166.646387657	100
507513.9507158274	3881166.646387657	100
507513.795790388	3881166.5686313305	100
507513.795790388	3881166.5686313305	100
507513.795790388	3881166.5686313305	100
507513.6499911387	3881166.479792777	100
507513.5041918866	3881166.390954229	100
507513.5041918866	3881166.390954229	100
507513.3583834698	3881166.31320544	100
507513.3583834698	3881166.31320544	100
507513.2125842122	3881166.224366896	100
507513.2125842122	3881166.224366896	100
507513.0667757879	3881166.146618112	100
507513.0667757879	3881166.146618112	100
507513.0667757879	3881166.146618112	100
507512.9209765248	3881166.057779572	100
507512.7842851335	3881165.980038323	100
507512.7842851335	3881165.980038323	100
507512.6384858649	3881165.891199787	100
507512.6384858649	3881165.891199787	100
507512.6384858649	3881165.891199787	100
507512.4926865912	3881165.802361254	100
507512.346887317	3881165.7135227234	100
507512.346887317	3881165.7135227234	100
507512.2010788818	3881165.6357739535	100
507512.2010788818	3881165.6357739535	100
507512.2010788818	3881165.6357739535	100
507512.0552795997	3881165.546935429	100
507512.0552795997	3881165.546935429	100
507511.90947115934	3881165.469186663	100
507511.90947115934	3881165.469186663	100
507511.60874639207	3881165.302591853	100
507511.60874639207	3881165.302591853	100
507511.4538300693	3881165.2137458087	100
507511.4538300693	3881165.2137458087	100
507511.29890458175	3881165.135989524	100
507511.29890458175	3881165.135989524	100
507511.1531052852	3881165.047151013	100
507511.1531052852	3881165.047151013	100
507511.00730598345	3881164.958312504	100
507511.00730598345	3881164.958312504	100
507510.8523896466	3881164.869466471	100
507510.8523896466	3881164.869466471	100
507510.7065994954	3881164.769538209	100
507510.5607910311	3881164.691789465	100
507510.7065994954	3881164.769538209	100
507510.5607910311	3881164.691789465	100
507510.4058746853	3881164.602943439	100
507510.4058746853	3881164.602943439	100
507510.2509491785	3881164.525187173	100
507510.2509491785	3881164.525187173	100
507509.9411073146	3881164.3585848897	100
507509.7861909548	3881164.2697388735	100
507509.9411073146	3881164.3585848897	100
507509.6312745944	3881164.180892861	100
507509.6312745944	3881164.180892861	100
507509.6312745944	3881164.180892861	100
507509.4763582308	3881164.0920468513	100
507509.4763582308	3881164.0920468513	100
507509.3214418643	3881164.003200844	100
507509.3214418643	3881164.003200844	100
507509.1665254925	3881163.914354838	100
507509.0116091198	3881163.825508836	100
507509.1665254925	3881163.914354838	100
507509.0116091198	3881163.825508836	100
507508.8566927419	3881163.736662836	100
507508.8566927419	3881163.736662836	100
507508.69265932514	3881163.647809313	100
507508.69265932514	3881163.647809313	100
507508.5377429434	3881163.5589633193	100
507508.37370952265	3881163.470109802	100
507508.37370952265	3881163.470109802	100
507508.21879313246	3881163.381263813	100
507508.37370952265	3881163.470109802	100
507508.06386758847	3881163.3035075855	100
507508.21879313246	3881163.381263813	100
507508.06386758847	3881163.3035075855	100
507507.9089603453	3881163.203571844	100
507507.9089603453	3881163.203571844	100
507507.763151832	3881163.125823145	100
507507.763151832	3881163.125823145	100
507507.60823543	3881163.036977167	100
507507.60823543	3881163.036977167	100
507507.45331902726	3881162.9481311897	100
507507.45331902726	3881162.9481311897	100
507507.2984026192	3881162.859285218	100
507507.2984026192	3881162.859285218	100
507507.1526032471	3881162.7704467694	100
507507.1526032471	3881162.7704467694	100
507506.9976868331	3881162.6816008016	100
507506.8427704207	3881162.5927548376	100
507506.9976868331	3881162.6816008016	100
507506.8427704207	3881162.5927548376	100
507506.6969618838	3881162.515006156	100
507506.5420454656	3881162.426160197	100
507506.6969618838	3881162.515006156	100
507506.3962460792	3881162.337321762	100
507506.5420454656	3881162.426160197	100
507506.3962460792	3881162.337321762	100
507506.2413204996	3881162.259565564	100
507506.086404068	3881162.170719613	100
507506.086404068	3881162.170719613	100
507506.086404068	3881162.170719613	100
507505.940604673	3881162.0818811846	100
507505.940604673	3881162.0818811846	100
507505.7948052752	3881161.99304276	100
507505.7948052752	3881161.99304276	100
507505.63988883473	3881161.904196816	100
507505.4940802812	3881161.826448154	100
507505.4940802812	3881161.826448154	100
507505.4940802812	3881161.826448154	100
507505.3391546852	3881161.7486919714	100
507505.3391546852	3881161.7486919714	100
507505.1842290888	3881161.670935793	100
507505.1842290888	3881161.670935793	100
507505.02930348745	3881161.593179616	100
507505.02930348745	3881161.593179616	100
507504.8743778858	3881161.515423442	100
507504.8743778858	3881161.515423442	100
507504.5645175258	3881161.371000861	100
507504.5645175258	3881161.371000861	100
507504.4187089522	3881161.2932522167	100
507504.2637833402	3881161.215496052	100
507504.2637833402	3881161.215496052	100
507504.1179747616	3881161.137747414	100
507504.1179747616	3881161.137747414	100
507504.1179747616	3881161.137747414	100
507503.9630491444	3881161.059991256	100
507503.9630491444	3881161.059991256	100
507503.8172405608	3881160.982242621	100
507503.8172405608	3881160.982242621	100
507503.6714319769	3881160.904493988	100
507503.6714319769	3881160.904493988	100
507503.5164972044	3881160.837827594	100
507503.5164972044	3881160.837827594	100
507503.3706886134	3881160.760078968	100
507503.3706886134	3881160.760078968	100
507503.2339970609	3881160.6823378606	100
507503.0881884673	3881160.6045892383	100
507503.0881884673	3881160.6045892383	100
507502.9423798688	3881160.526840617	100
507502.9423798688	3881160.526840617	100
507502.7965621236	3881160.460181757	100
507502.7965621236	3881160.460181757	100
507502.65987056174	3881160.382440659	100
507502.65987056174	3881160.382440659	100
507502.5140619584	3881160.3046920463	100
507502.5140619584	3881160.3046920463	100
507502.377361241	3881160.238040712	100
507502.377361241	3881160.238040712	100
507502.24066967226	3881160.16029962	100
507502.24066967226	3881160.16029962	100
507502.1039781012	3881160.0825585327	100
507502.1039781012	3881160.0825585327	100
507501.95816034265	3881160.0158996857	100
507502.1039781012	3881160.0825585327	100
507501.81235172745	3881159.9381510825	100
507501.81235172745	3881159.9381510825	100
507501.81235172745	3881159.9381510825	100
507501.67566014704	3881159.860410001	100
507501.5389685666	3881159.78266892	100
507501.5389685666	3881159.78266892	100
507501.393159944	3881159.704920325	100
507501.393159944	3881159.704920325	100
507501.393159944	3881159.704920325	100
507501.25646835886	3881159.6271792497	100
507501.1106597292	3881159.5494306586	100
507501.1106597292	3881159.5494306586	100
507500.9557340593	3881159.471674552	100
507500.9557340593	3881159.471674552	100
507500.9557340593	3881159.471674552	100
507500.809934571	3881159.382836208	100
507500.809934571	3881159.382836208	100
507500.6550088934	3881159.305080107	100
507500.6550088934	3881159.305080107	100
507500.3360496359	3881159.138470636	100
507500.3360496359	3881159.138470636	100
507500.1720160554	3881159.049617268	100
507500.1720160554	3881159.049617268	100
507500.0079733262	3881158.971853661	100
507500.0079733262	3881158.971853661	100
507499.8439397373	3881158.8830003	100
507499.67990614736	3881158.79414694	100
507499.67990614736	3881158.79414694	100
507499.5067555136	3881158.705286067	100
507499.5067555136	3881158.705286067	100
507499.3336140165	3881158.60533544	100
507499.3336140165	3881158.60533544	100
507499.3336140165	3881158.60533544	100
507499.16046337335	3881158.5164745743	100
507499.16046337335	3881158.5164745743	100
507498.9782048302	3881158.416516441	100
507498.9782048302	3881158.416516441	100
507498.8050633218	3881158.3165658223	100
507498.8050633218	3881158.3165658223	100
507498.6319218119	3881158.216615208	100
507498.6319218119	3881158.216615208	100
507498.4587802959	3881158.116664599	100
507498.285629635	3881158.02780375	100
507498.4587802959	3881158.116664599	100
507498.285629635	3881158.02780375	100
507498.1033710724	3881157.927845632	100
507498.1033710724	3881157.927845632	100
507497.9302295451	3881157.8278950313	100
507497.9302295451	3881157.8278950313	100
507497.7479618318	3881157.7390266783	100
507497.7479618318	3881157.7390266783	100
507497.5657032552	3881157.63906857	100
507497.39256171655	3881157.539117981	100
507497.39256171655	3881157.539117981	100
507497.2102939945	3881157.450249638	100
507497.2102939945	3881157.450249638	100
507497.0280445482	3881157.3392017833	100
507497.0280445482	3881157.3392017833	100
507497.0280445482	3881157.3392017833	100
507496.8548938585	3881157.2503409632	100
507496.6726352623	3881157.150382873	100
507496.6726352623	3881157.150382873	100
507496.4903766645	3881157.050424788	100
507496.4903766645	3881157.050424788	100
507496.3081180579	3881156.950466705	100
507496.3081180579	3881156.950466705	100
507496.12585945206	3881156.8505086266	100
507496.12585945206	3881156.8505086266	100
507495.9527087442	3881156.761647823	100
507495.9527087442	3881156.761647823	100
507495.5972994159	3881156.5728289527	100
507495.5972994159	3881156.5728289527	100
507495.5972994159	3881156.5728289527	100
507495.415031657	3881156.483960648	100
507495.2418809353	3881156.395099856	100
507495.2418809353	3881156.395099856	100
507495.06873934745	3881156.295149312	100
507495.06873934745	3881156.295149312	100
507494.8955886211	3881156.206288527	100
507494.8955886211	3881156.206288527	100
507494.7224378891	3881156.117427748	100
507494.7224378891	3881156.117427748	100
507494.55841333367	3881156.017484723	100
507494.55841333367	3881156.017484723	100
507494.38526259706	3881155.9286239473	100
507494.38526259706	3881155.9286239473	100
507494.2121118548	3881155.839763177	100
507494.38526259706	3881155.9286239473	100
507494.03896110906	3881155.75090241	100
507494.2121118548	3881155.839763177	100
507494.03896110906	3881155.75090241	100
507493.86581036233	3881155.662041645	100
507493.6926596099	3881155.573180885	100
507493.86581036233	3881155.662041645	100
507493.5195088541	3881155.484320128	100
507493.6926596099	3881155.573180885	100
507493.5195088541	3881155.484320128	100
507493.3463489621	3881155.406549128	100
507493.1731982021	3881155.317688378	100
507493.1731982021	3881155.317688378	100
507493.1731982021	3881155.317688378	100
507493.0000474386	3881155.22882763	100
507493.0000474386	3881155.22882763	100
507492.826887535	3881155.151056644	100
507492.826887535	3881155.151056644	100
507492.6537367627	3881155.062195903	100
507492.4805768553	3881154.9844249217	100
507492.4805768553	3881154.9844249217	100
507492.4805768553	3881154.9844249217	100
507492.2982998958	3881154.906646435	100
507491.95199833286	3881154.7289249776	100
507491.95199833286	3881154.7289249776	100
507491.7879645888	3881154.64007176	100
507491.7879645888	3881154.64007176	100
507491.7879645888	3881154.64007176	100
507491.6148137967	3881154.551211041	100
507491.4507800484	3881154.462357831	100
507491.6148137967	3881154.551211041	100
507491.4507800484	3881154.462357831	100
507491.2776292496	3881154.3734971145	100
507491.2776292496	3881154.3734971145	100
507491.11359549256	3881154.284643912	100
507491.11359549256	3881154.284643912	100
507490.9495526048	3881154.206880469	100
507490.9495526048	3881154.206880469	100
507490.7855279735	3881154.1069375128	100
507490.6306021205	3881154.029181584	100
507490.6306021205	3881154.029181584	100
507490.4756853988	3881153.940335899	100
507490.4756853988	3881153.940335899	100
507490.4756853988	3881153.940335899	100
507490.3298765859	3881153.862587482	100
507490.3298765859	3881153.862587482	100
507490.1840677729	3881153.784839066	100
507490.1840677729	3881153.784839066	100
507490.0473760031	3881153.70709816	100
507490.0473760031	3881153.70709816	100
507489.9106751	3881153.640447015	100
507489.78310036927	3881153.5627136175	100
507489.78310036927	3881153.5627136175	100
507489.66463355406	3881153.4960774886	100
507489.66463355406	3881153.4960774886	100
507489.66463355406	3881153.4960774886	100
507489.537049691	3881153.429433855	100
507489.4185737397	3881153.373887485	100
507489.537049691	3881153.429433855	100
507489.3092239677	3881153.307258868	100
507489.3092239677	3881153.307258868	100
507489.3092239677	3881153.307258868	100
507489.1998650596	3881153.251720008	100
507489.1998650596	3881153.251720008	100
507489.0905152846	3881153.1850913926	100
507488.9902734223	3881153.129560041	100
507489.0905152846	3881153.1850913926	100
507488.9902734223	3881153.129560041	100
507488.89002242906	3881153.085118447	100
507488.7897805644	3881153.029587099	100
507488.7897805644	3881153.029587099	100
507488.7897805644	3881153.029587099	100
507488.7077636621	3881152.98516052	100
507488.61662971234	3881152.9407264353	100
507488.7077636621	3881152.98516052	100
507488.61662971234	3881152.9407264353	100
507488.5346036791	3881152.907389614	100
507488.4617038256	3881152.862970541	100
507488.5346036791	3881152.907389614	100
507488.4617038256	3881152.862970541	100
507488.3887948354	3881152.829641228	100
507488.3250120226	3881152.785229663	100
507488.3887948354	3881152.829641228	100
507488.2612200826	3881152.7519078543	100
507488.2612200826	3881152.7519078543	100
507488.2612200826	3881152.7519078543	100
507488.1974281399	3881152.718586047	100
507488.14274411695	3881152.696361501	100
507488.14274411695	3881152.696361501	100
507488.14274411695	3881152.696361501	100
507488.08806922246	3881152.663047201	100
507488.0425022435	3881152.640830161	100
507488.0425022435	3881152.640830161	100
507487.9878182197	3881152.6186056174	100
507487.9878182197	3881152.6186056174	100
507487.9878182197	3881152.6186056174	100
507487.9422512426	3881152.596388579	100
507487.9422512426	3881152.596388579	100
507487.9058104382	3881152.563089288	100
507487.8693513791	3881152.551969512	100
507487.8693513791	3881152.551969512	100
507487.83290144586	3881152.529759978	100
507487.8693513791	3881152.551969512	100
507487.83290144586	3881152.529759978	100
507487.8055594312	3881152.518647708	100
507487.7782265493	3881152.496445679	100
507487.7782265493	3881152.496445679	100
507487.7782265493	3881152.496445679	100
507487.7508845343	3881152.485333408	100
507487.7326595687	3881152.474228641	100
507487.7326595687	3881152.474228641	100
507487.7144346029	3881152.463123874	100
507487.7144346029	3881152.463123874	100
507487.6962005089	3881152.4631088655	100
507487.6962005089	3881152.4631088655	100
507487.6962005089	3881152.4631088655	100
507487.687083462	3881152.4631013614	100
507487.687083462	3881152.4631013614	100
507487.67797554313	3881152.4520040993	100
507487.67797554313	3881152.4520040993	100
507487.67797554313	3881152.4520040993	100
507487.67797554313	3881152.4520040993	100
507487.67797554313	3881152.4520040993	100
507487.67797554313	3881152.4520040993	100
507487.67797554313	3881152.4520040993	100
507487.67796641495	3881152.463093857	100
507487.67796641495	3881152.463093857	100
507487.67796641495	3881152.463093857	100
507487.67796641495	3881152.463093857	100
507487.67796641495	3881152.463093857	100
507487.67796641495	3881152.463093857	100
507487.67796641495	3881152.463093857	100
507487.687083462	3881152.4631013614	100
507487.687083462	3881152.4631013614	100
507487.687083462	3881152.4631013614	100
507487.687083462	3881152.4631013614	100
507487.687083462	3881152.4631013614	100
507487.687083462	3881152.4631013614	100
507487.687083462	3881152.4631013614	100
507487.687083462	3881152.4631013614	100
507487.687083462	3881152.4631013614	100
507487.687083462	3881152.4631013614	100
507487.67796641495	3881152.463093857	100
507487.67796641495	3881152.463093857	100
507487.67796641495	3881152.463093857	100
507487.67796641495	3881152.463093857	100
507487.67796641495	3881152.463093857	100
507487.67796641495	3881152.463093857	100
507487.67796641495	3881152.463093857	100
507487.67796641495	3881152.463093857	100
507487.67796641495	3881152.463093857	100
507487.67796641495	3881152.463093857	100
507487.67796641495	3881152.463093857	100
507487.67796641495	3881152.463093857	100
507487.67796641495	3881152.463093857	100
507487.67796641495	3881152.463093857	100
507487.67796641495	3881152.463093857	100
507487.67796641495	3881152.463093857	100
507487.67796641495	3881152.463093857	100
507487.67796641495	3881152.463093857	100
507487.67796641495	3881152.463093857	100
507487.67796641495	3881152.463093857	100
507487.67796641495	3881152.463093857	100
507487.67796641495	3881152.463093857	100
507487.67796641495	3881152.463093857	100
507487.67796641495	3881152.463093857	100
507487.67796641495	3881152.463093857	100
507487.6779572868	3881152.474183615	100
507487.6779572868	3881152.474183615	100
507487.6779572868	3881152.474183615	100
507487.6779572868	3881152.474183615	100
507487.6779572868	3881152.474183615	100
507487.6779572868	3881152.474183615	100
507487.6779572868	3881152.474183615	100
507487.6779572868	3881152.474183615	100
507487.6779572868	3881152.474183615	100
507487.6779572868	3881152.474183615	100
507487.6779572868	3881152.474183615	100
507487.6779572868	3881152.474183615	100
507487.6779572868	3881152.474183615	100
507487.67796641495	3881152.463093857	100
507487.67796641495	3881152.463093857	100
507487.67796641495	3881152.463093857	100
507487.67796641495	3881152.463093857	100
507487.67796641495	3881152.463093857	100
507487.67796641495	3881152.463093857	100
507487.6779572868	3881152.474183615	100
