507880.176488455	3881462.25705271	80
507880.176488455	3881462.25705271	80
507880.185605191	3881462.25706061	80
507880.185605191	3881462.25706061	80
507880.185605191	3881462.25706061	80
507880.185605191	3881462.25706061	80
507880.185605191	3881462.25706061	80
507880.185605191	3881462.25706061	80
507880.40407997	3881462.63430225	80
507880.40407997	3881462.63430225	80
507880.99593705	3881463.47763802	80
507880.99593705	3881463.47763802	80
507881.432780692	3881464.35410873	80
507881.432780692	3881464.35410873	80
507881.969956394	3881465.17521761	80
507881.969956394	3881465.17521761	80
507882.279454108	3881465.71888479	80
507882.279454108	3881465.71888479	80
507882.661808705	3881466.35133334	80
507882.661808705	3881466.35133334	80
507883.053222273	3881467.05032839	80
507883.053222273	3881467.05032839	80
507883.563037861	3881467.88250341	80
507883.563037861	3881467.88250341	80
507884.155067444	3881468.52622365	80
507884.155067444	3881468.52622365	80
507884.883867124	3881469.14788303	80
507884.883867124	3881469.14788303	80
507884.883867124	3881469.14788303	80
507885.658288831	3881469.72522297	80
507885.658288831	3881469.72522297	80
507886.305172458	3881470.19155459	80
507886.305172458	3881470.19155459	80
507886.91533893	3881470.94618847	80
507887.488951787	3881471.80059862	80
507887.488951787	3881471.80059862	80
507887.488951787	3881471.80059862	80
507887.907686054	3881472.53288691	80
507887.907686054	3881472.53288691	80
507888.27172953	3881473.25403798	80
507888.27172953	3881473.25403798	80
507888.654044892	3881473.93084585	80
507888.654044892	3881473.93084585	80
507888.981669481	3881474.59651649	80
507888.981669481	3881474.59651649	80
507889.291022074	3881475.30653037	80
507889.291022074	3881475.30653037	80
507889.527296456	3881476.18282741	80
507889.672644223	3881476.78180124	80
507889.672644223	3881476.78180124	80
507889.881626124	3881477.59153598	80
507889.881626124	3881477.59153598	80
507890.218193932	3881478.45683032	80
507890.218193932	3881478.45683032	80
507890.527517416	3881479.20011354	80
507890.527517416	3881479.20011354	80
507890.527517416	3881479.20011354	80
507890.764003374	3881479.83243583	80
507891.05524737	3881480.39826702	80
507891.05524737	3881480.39826702	80
507891.05524737	3881480.39826702	80
507891.437398549	3881481.26360099	80
507891.437398549	3881481.26360099	80
507891.929017651	3881482.05140161	80
507891.929017651	3881482.05140161	80
507892.320429829	3881482.75039709	80
507892.320429829	3881482.75039709	80
507892.620819234	3881483.28296696	80
507892.920919713	3881484.14822975	80
507892.920919713	3881484.14822975	80
507893.194064832	3881484.55878849	80
507893.194064832	3881484.55878849	80
507893.47621107	3881485.10243233	80
507893.47621107	3881485.10243233	80
507893.949615622	3881485.86803771	80
507893.949615622	3881485.86803771	80
507894.331852979	3881486.63356393	80
507894.331852979	3881486.63356393	80
507894.331852979	3881486.63356393	80
507894.786985429	3881487.44351258	80
507894.786985429	3881487.44351258	80
507895.415306393	3881488.28688099	80
507895.415306393	3881488.28688099	80
507895.415306393	3881488.28688099	80
507895.788542412	3881488.9193222	80
507895.788542412	3881488.9193222	80
507895.788542412	3881488.9193222	80
507896.225604975	3881489.5407291	80
507896.225604975	3881489.5407291	80
507896.708077602	3881490.36179137	80
507896.708077602	3881490.36179137	80
507896.999022212	3881491.27140543	80
507896.999022212	3881491.27140543	80
507897.208349982	3881491.68190886	80
507897.208349982	3881491.68190886	80
507897.526702428	3881492.52500813	80
507897.526702428	3881492.52500813	80
507897.808790347	3881493.13519069	80
507897.808790347	3881493.13519069	80
507898.036168362	3881493.75641549	80
507898.327488545	3881494.23352882	80
507898.327488545	3881494.23352882	80
507898.327488545	3881494.23352882	80
507898.600556019	3881494.73280585	80
507898.600556019	3881494.73280585	80
507898.928323679	3881495.23213042	80
507898.928323679	3881495.23213042	80
507899.174060258	3881495.70920417	80
507899.174060258	3881495.70920417	80
507899.492691875	3881496.23070036	80
507899.492691875	3881496.23070036	80
507899.701942313	3881496.72992196	80
507899.701942313	3881496.72992196	80
507899.701942313	3881496.72992196	80
507900.002379016	3881497.20704327	80
507900.002379016	3881497.20704327	80
507900.211735428	3881497.58427748	80
507900.211735428	3881497.58427748	80
507900.64892258	3881498.06151767	80
507900.64892258	3881498.06151767	80
507901.158715529	3881498.91587325	80
507901.158715529	3881498.91587325	80
507901.541028849	3881499.59268169	80
507901.541028849	3881499.59268169	80
507902.068968255	3881500.54686104	80
507902.068968255	3881500.54686104	80
507902.569624956	3881501.42338831	80
507902.569624956	3881501.42338831	80
507903.115961456	3881502.18905759	80
507903.115961456	3881502.18905759	80
507903.525653509	3881502.8326206	80
507903.525653509	3881502.8326206	80
507903.798739722	3881503.30971827	80
507903.798739722	3881503.30971827	80
507904.053582874	3881503.79788984	80
507904.053582874	3881503.79788984	80
507904.335573563	3881504.51897026	80
507904.335573563	3881504.51897026	80
507904.335573563	3881504.51897026	80
507904.745255779	3881505.17362309	80
507904.745255779	3881505.17362309	80
507905.1275975	3881505.81716239	80
507905.1275975	3881505.81716239	80
507905.400596736	3881506.39406798	80
507905.400596736	3881506.39406798	80
507905.737451355	3881506.92667002	80
507906.028722483	3881507.45923243	80
507906.028722483	3881507.45923243	80
507906.028722483	3881507.45923243	80
507906.392849928	3881508.0805764	80
507906.392849928	3881508.0805764	80
507906.392849928	3881508.0805764	80
507906.875397825	3881508.81292112	80
507906.875397825	3881508.81292112	80
507907.385228173	3881509.62291801	80
507907.385228173	3881509.62291801	80
507907.831338096	3881510.32196177	80
507907.831338096	3881510.32196177	80
507908.240884717	3881511.13187146	80
507908.240884717	3881511.13187146	80
507908.677771674	3881511.95289473	80
507908.677771674	3881511.95289473	80
507909.114870843	3881512.52994322	80
507909.114870843	3881512.52994322	80
507909.551960306	3881513.11808149	80
507909.551960306	3881513.11808149	80
507909.770297533	3881513.65058056	80
507909.770297533	3881513.65058056	80
507910.189192137	3881514.19434395	80
507910.189192137	3881514.19434395	80
507910.626223542	3881514.84902086	80
507910.626223542	3881514.84902086	80
507911.054138198	3881515.50368985	80
507911.054138198	3881515.50368985	80
507911.08141103	3881515.59243177	80
507911.08141103	3881515.59243177	80
507911.646027591	3881516.30266864	80
507911.646027591	3881516.30266864	80
507911.928210346	3881516.80195402	80
507911.928210346	3881516.80195402	80
507912.456302121	3881517.57869778	80
507912.456302121	3881517.57869778	80
507912.702047032	3881518.04468215	80
507912.702047032	3881518.04468215	80
507912.702047032	3881518.04468215	80
507913.020763978	3881518.46637096	80
507913.020763978	3881518.46637096	80
507913.184622851	3881518.74375792	80
507913.448736221	3881519.05450149	80
507913.448736221	3881519.05450149	80
507913.685538159	3881519.3208622	80
507913.685538159	3881519.3208622	80
507913.904077758	3881519.62047632	80
507913.904077758	3881519.62047632	80
507914.159180613	3881519.80922457	80
507914.159180613	3881519.80922457	80
507914.487120323	3881520.10893397	80
507914.487120323	3881520.10893397	80
507914.724009112	3881520.27548682	80
507914.724009112	3881520.27548682	80
507915.143125219	3881520.56418586	80
507915.143125219	3881520.56418586	80
507915.380023641	3881520.71964897	80
507915.380023641	3881520.71964897	80
507915.872121415	3881520.95296274	80
507915.872121415	3881520.95296274	80
507916.227459349	3881521.1972472	80
507916.227459349	3881521.1972472	80
507916.610166614	3881521.41937596	80
507916.610166614	3881521.41937596	80
507916.974717779	3881521.55277075	80
507916.974717779	3881521.55277075	80
507917.412057451	3881521.85257554	80
507917.412057451	3881521.85257554	80
507917.412057451	3881521.85257554	80
507917.658053154	3881522.03022618	80
507917.658053154	3881522.03022618	80
507918.049896346	3881522.23018342	80
507918.049896346	3881522.23018342	80
507918.478138596	3881522.5078008	80
507918.478138596	3881522.5078008	80
507918.94289583	3881522.73000114	80
507918.94289583	3881522.73000114	80
507919.316505613	3881522.92994255	80
507919.316505613	3881522.92994255	80
507919.62625034	3881523.18527719	80
507919.62625034	3881523.18527719	80
507919.881381965	3881523.34075631	80
507919.881381965	3881523.34075631	80
507920.373450492	3881523.60733961	80
507920.373450492	3881523.60733961	80
507920.655903128	3881523.79611187	80
507920.655903128	3881523.79611187	80
507920.93838474	3881523.95161485	80
507920.93838474	3881523.95161485	80
507921.348451458	3881524.16267788	80
507921.348451458	3881524.16267788	80
507921.61265138	3881524.37361381	80
507921.61265138	3881524.37361381	80
507921.895103962	3881524.56238611	80
507921.895103962	3881524.56238611	80
507921.895103962	3881524.56238611	80
507922.20493555	3881524.71791296	80
507922.20493555	3881524.71791296	80
507922.487426777	3881524.86232623	80
507922.487426777	3881524.86232623	80
507922.870095065	3881525.12881431	80
507922.870095065	3881525.12881431	80
507923.216315978	3881525.3730911	80
507923.216315978	3881525.3730911	80
507923.325667719	3881525.42863529	80
507923.325667719	3881525.42863529	80
507923.690131618	3881525.66183822	80
507923.690131618	3881525.66183822	80
507924.081935849	3881525.90615478	80
507924.081935849	3881525.90615478	80
507924.60137347	3881526.15058263	80
507924.60137347	3881526.15058263	80
507924.865640935	3881526.2838903	80
507924.865640935	3881526.2838903	80
507925.32129082	3881526.49499326	80
507925.32129082	3881526.49499326	80
507925.767911039	3881526.60628042	80
507925.767911039	3881526.60628042	80
507926.250978592	3881526.73977892	80
507926.250978592	3881526.73977892	80
507926.697656815	3881526.78452754	80
507926.697656815	3881526.78452754	80
507927.071372648	3881526.86248186	80
507927.071372648	3881526.86248186	80
507927.472428814	3881526.95154982	80
507927.472428814	3881526.95154982	80
507927.882591973	3881527.05171551	80
507927.882591973	3881527.05171551	80
507928.520681575	3881527.14099025	80
507928.520681575	3881527.14099025	80
507929.076701779	3881527.252373	80
507929.076701779	3881527.252373	80
507929.97009684	3881527.29751147	80
507929.97009684	3881527.29751147	80
507930.662760644	3881527.53100102	80
507930.662760644	3881527.53100102	80
507931.382706685	3881527.84214285	80
507931.382706685	3881527.84214285	80
507932.22109197	3881528.24210627	80
507932.22109197	3881528.24210627	80
507932.740393741	3881528.64179128	80
507932.740393741	3881528.64179128	80
507933.168615882	3881528.94158888	80
507933.168615882	3881528.94158888	80
507933.505671305	3881529.24130693	80
507933.505671305	3881529.24130693	80
507933.897368641	3881529.60761132	80
507933.897368641	3881529.60761132	80
507933.897368641	3881529.60761132	80
507934.216142276	3881529.9627623	80
507934.39814651	3881530.33997344	80
507934.39814651	3881530.33997344	80
507934.39814651	3881530.33997344	80
507934.625656618	3881530.8059425	80
507934.625656618	3881530.8059425	80
507934.853205426	3881531.22755251	80
507935.089851515	3881531.67135	80
507935.089851515	3881531.67135	80
507935.317458372	3881532.02642144	80
507935.317458372	3881532.02642144	80
507935.718136632	3881532.54799057	80
507936.018676764	3881532.90312569	80
507936.018676764	3881532.90312569	80
507936.018676764	3881532.90312569	80
507936.32834322	3881533.24717902	80
507936.32834322	3881533.24717902	80
507936.601591408	3881533.5357517	80
507936.601591408	3881533.5357517	80
507937.275701668	3881534.13518807	80
507937.275701668	3881534.13518807	80
507937.858664569	3881534.71236534	80
507937.858664569	3881534.71236534	80
507938.715136974	3881535.27869175	80
507938.715136974	3881535.27869175	80
507939.553337198	3881535.88936138	80
507939.553337198	3881535.88936138	80
507940.154620356	3881536.36674685	80
507940.154620356	3881536.36674685	80
507940.774078643	3881536.91068687	80
507940.774078643	3881536.91068687	80
507941.457372857	3881537.43250316	80
507941.457372857	3881537.43250316	80
507941.547948427	3881538.10905844	80
507941.547948427	3881538.10905844	80
507941.985305872	3881538.3866849	80
507942.42263422	3881538.69758067	80
507942.42263422	3881538.69758067	80
507942.905526454	3881539.03069582	80
507942.905526454	3881539.03069582	80
507943.197046342	3881539.27492558	80
507943.197046342	3881539.27492558	80
507943.634423065	3881539.53037259	80
507943.634423065	3881539.53037259	80
507944.126460945	3881539.83022648	80
507944.126460945	3881539.83022648	80
507944.609420905	3881540.08571338	80
507945.165314105	3881540.34126405	80
507945.165314105	3881540.34126405	80
507945.593632226	3881540.53016459	80
507945.593632226	3881540.53016459	80
507946.012901537	3881540.64142884	80
507946.012901537	3881540.64142884	80
507946.377441806	3881540.78591457	80
507946.377441806	3881540.78591457	80
507946.71464179	3881540.91928665	80
507946.71464179	3881540.91928665	80
507947.142930766	3881541.14145656	80
507947.142930766	3881541.14145656	80
507947.826486113	3881541.3638497	80
507947.826486113	3881541.3638497	80
507948.218395691	3881541.48617989	80
507948.546508059	3881541.58627477	80
507948.546508059	3881541.58627477	80
507948.965786983	3881541.68644939	80
507949.594797492	3881541.73135859	80
507950.077960893	3881541.75396072	80
507950.077960893	3881541.75396072	80
507950.077960893	3881541.75396072	80
507950.506501952	3881541.68779691	80
507950.506501952	3881541.68779691	80
507951.099162238	3881541.59959715	80
507951.099162238	3881541.59959715	80
507951.491236683	3881541.53340149	80
507951.491236683	3881541.53340149	80
507951.965477472	3881541.33420045	80
507951.965477472	3881541.33420045	80
507952.357610151	3881541.20146624	80
507952.357610151	3881541.20146624	80
507952.667644411	3881541.12410909	80
507952.667644411	3881541.12410909	80
507952.995911994	3881541.04676789	80
507953.233013007	3881540.96934694	80
507952.995911994	3881541.04676789	80
507953.233013007	3881540.96934694	80
507953.652485989	3881540.84772648	80
507953.652485989	3881540.84772648	80
507953.97165634	3881540.74819782	80
507953.97165634	3881540.74819782	80
507953.97165634	3881540.74819782	80
507954.418508432	3881540.59333204	80
507954.418508432	3881540.59333204	80
507954.847098102	3881540.47171962	80
507954.847098102	3881540.47171962	80
507955.284804445	3881540.35011519	80
507955.284804445	3881540.35011519	80
507955.284804445	3881540.35011519	80
507955.613072076	3881540.27277409	80
507955.613072076	3881540.27277409	80
507955.950514614	3881540.1289024	80
507955.950514614	3881540.1289024	80
507956.388230696	3881539.99620826	80
507956.388230696	3881539.99620826	80
507956.59797208	3881539.92985322	80
507956.59797208	3881539.92985322	80
507957.017416032	3881539.84150222	80
507957.017416032	3881539.84150222	80
507957.318324013	3881539.775227	80
507957.318324013	3881539.775227	80
507957.673931949	3881539.70899968	80
507957.673931949	3881539.70899968	80
507957.983976016	3881539.62055294	80
507957.983976016	3881539.62055294	80
507958.339632512	3881539.49887683	80
507958.649725144	3881539.35498129	80
507958.649725144	3881539.35498129	80
507959.114781568	3881539.233401	80
507959.55250745	3881539.08961725	80
507959.55250745	3881539.08961725	80
507959.971980606	3881538.96799709	80
507959.971980606	3881538.96799709	80
507960.400570431	3881538.84638492	80
507960.400570431	3881538.84638492	80
507960.838354628	3881538.63606265	80
507960.838354628	3881538.63606265	80
507961.294284746	3881538.52556425	80
507961.294284746	3881538.52556425	80
507961.932616072	3881538.33759723	80
507962.461518359	3881538.18280372	80
507962.461518359	3881538.18280372	80
507963.035955387	3881538.08349899	80
507963.035955387	3881538.08349899	80
507963.482827195	3881537.90645413	80
507963.482827195	3881537.90645413	80
507964.075555875	3881537.74062685	80
507964.075555875	3881537.74062685	80
507964.850676094	3881537.5084208	80
507964.850676094	3881537.5084208	80
507965.77171153	3881537.22089383	80
507965.77171153	3881537.22089383	80
507965.77171153	3881537.22089383	80
507966.783903914	3881536.94453662	80
507966.783903914	3881536.94453662	80
507967.440546555	3881536.66786786	80
507967.440546555	3881536.66786786	80
507968.10619896	3881536.51319454	80
507968.197404466	3881536.4689154	80
507968.10619896	3881536.51319454	80
507968.197404466	3881536.4689154	80
507968.872124948	3881536.36969896	80
507968.872124948	3881536.36969896	80
507969.847850874	3881536.09331012	80
507969.847850874	3881536.09331012	80
507970.850897672	3881535.85021466	80
507970.850897672	3881535.85021466	80
507971.680679302	3881535.66241622	80
507971.680679302	3881535.66241622	80
507972.437547117	3881535.45237435	80
507972.59255957	3881535.419241	80
507972.437547117	3881535.45237435	80
507972.59255957	3881535.419241	80
507973.458788472	3881535.25365424	80
507973.458788472	3881535.25365424	80
507974.1883161	3881535.03249876	80
507975.045642466	3881534.62292933	80
507976.067029939	3881534.25786304	80
507977.03371751	3881533.89274885	80
507977.03371751	3881533.89274885	80
507977.799828794	3881533.5385485	80
507977.799828794	3881533.5385485	80
507978.693592924	3881533.16228072	80
507978.693592924	3881533.16228072	80
507979.496141792	3881532.84138181	80
507979.496141792	3881532.84138181	80
507980.152814327	3881532.53144467	80
507980.152814327	3881532.53144467	80
507980.809516119	3881532.18823829	80
507980.809516119	3881532.18823829	80
507981.694193052	3881531.7786935	80
507981.694193052	3881531.7786935	80
507982.341885421	3881531.31349181	80
507982.341885421	3881531.31349181	80
507982.341885421	3881531.31349181	80
507982.97130556	3881530.89263322	80
507982.97130556	3881530.89263322	80
507983.801126859	3881530.66047682	80
507984.612890214	3881530.22868873	80
507984.612890214	3881530.22868873	80
507985.58875368	3881529.79704488	80
507985.58875368	3881529.79704488	80
507986.482411318	3881529.54276527	80
507986.482411318	3881529.54276527	80
507987.403565187	3881529.12216332	80
507987.403565187	3881529.12216332	80
507988.260843981	3881528.76804396	80
507988.260843981	3881528.76804396	80
507989.236600557	3881528.45838791	80
507989.236600557	3881528.45838791	80
507990.148657493	3881528.01559869	80
507990.148657493	3881528.01559869	80
507990.805281995	3881527.76111115	80
507990.805281995	3881527.76111115	80
507991.562111913	3881527.59542993	80
507991.562111913	3881527.59542993	80
507992.255095907	3881527.46296196	80
507992.255095907	3881527.46296196	80
507992.255095907	3881527.46296196	80
507993.249017842	3881527.23095072	80
507993.249017842	3881527.23095072	80
507994.160919041	3881526.96559814	80
507994.160919041	3881526.96559814	80
507994.69897823	3881526.76645546	80
507994.69897823	3881526.76645546	80
507995.364670848	3881526.56742508	80
507995.364670848	3881526.56742508	80
507995.474090421	3881526.54534179	80
507995.364670848	3881526.56742508	80
507995.474090421	3881526.54534179	80
507996.039519193	3881526.32404372	80
507996.039519193	3881526.32404372	80
507996.58661708	3881526.21362729	80
507996.58661708	3881526.21362729	80
507997.033421833	3881526.11421242	80
507997.033421833	3881526.11421242	80
507997.99998426	3881525.89326741	80
507997.99998426	3881525.89326741	80
507999.057752498	3881525.62804367	80
507999.057752498	3881525.62804367	80
508000.051694329	3881525.37385364	80
508000.051694329	3881525.37385364	80
508000.799281044	3881525.35233211	80
508000.799281044	3881525.35233211	80
508001.309834263	3881525.33060198	80
508001.309834263	3881525.33060198	80
508001.774726013	3881525.39754986	80
508001.774726013	3881525.39754986	80
508002.622586373	3881525.38720653	80
508002.622586373	3881525.38720653	80
508002.622586373	3881525.38720653	80
508003.443018594	3881525.4655573	80
508003.443018594	3881525.4655573	80
508004.062981654	3881525.43283389	80
508004.062981654	3881525.43283389	80
508004.801490767	3881525.3669456	80
508004.801490767	3881525.3669456	80
508005.540068262	3881525.22342902	80
508005.540068262	3881525.22342902	80
508006.406259668	3881525.10220445	80
508006.406259668	3881525.10220445	80
508006.406259668	3881525.10220445	80
508007.208712541	3881524.89220564	80
508007.208712541	3881524.89220564	80
508007.837958418	3881524.67096452	80
508007.837958418	3881524.67096452	80
508007.837958418	3881524.67096452	80
508008.758928122	3881524.46107025	80
508008.758928122	3881524.46107025	80
508009.625227141	3881524.21785859	80
508009.625227141	3881524.21785859	80
508010.309094988	3881524.08538396	80
508010.309094988	3881524.08538396	80
508011.148053834	3881523.83105857	80
508011.148053834	3881523.83105857	80
508011.82279528	3881523.70966578	80
508011.82279528	3881523.70966578	80
508012.734648502	3881523.49976388	80
