507488.87650304224	3881241.2842116714	100
507488.87650304224	3881241.2842116714	100
507488.87650304224	3881241.2842116714	100
507488.87650304224	3881241.2842116714	100
507488.8765121783	3881241.273121912	100
507488.9495848775	3881241.1068356116	100
507489.09571200924	3881240.796442535	100
507489.3331549155	3881240.3086884245	100
507489.68936500745	3881239.521608479	100
507490.0089976744	3881238.8675756073	100
507490.2829450699	3881238.335492534	100
507490.7486319599	3881237.459784706	100
507491.09562479804	3881236.794684653	100
507491.51567219803	3881235.9854778554	100
507491.899151277	3881235.2982283714	100
507492.27348603436	3881234.6442406652	100
507492.68431612436	3881233.957013756	100
507493.1225245947	3881233.236540138	100
507493.55165273545	3881232.4716999866	100
507493.962537873	3881231.7179345856	100
507494.29128808744	3881231.0639093863	100
507494.65678965434	3881230.0661317413	100
507494.7943122103	3881229.1347047454	100
507494.7768371532	3881228.2142397272	100
507494.7504279887	3881227.0719720167	100
507494.79632371315	3881226.694957799	70
507494.80547725747	3881226.6506062807	70
507494.90613882145	3881226.196008853	70
507495.01582593797	3881225.852316532	100
507495.28070276254	3881225.2647773097	100
507495.38113577024	3881225.0874238578	100
507495.60022660013	3881224.7438217523	100
507496.3211168199	3881223.9570427877	100
507496.9596617223	3881223.5250684936	100
507497.2880466004	3881223.31463376	100
507497.8901236901	3881222.882629455	100
507498.4283728586	3881222.461662305	100
507499.24948621105	3881221.7525946097	100
507500.1254662492	3881220.843956465	100
507500.7552148388	3881220.0238333605	100
507501.2480990385	3881219.3366745557	100
507501.84144397674	3881218.438893125	100
507502.3982753445	3881217.59653043	100
507502.9825492914	3881216.643292757	100
507503.60332790896	3881215.6457261913	100
507504.26975566376	3881214.5705689886	100
507504.9452822519	3881213.5175988805	100
507505.6208181481	3881212.4535390646	100
507506.29636336386	3881211.378389542	100
507507.0175577832	3881210.2256494067	100
507507.78437397204	3881209.0285879434	100
507508.52384854853	3881207.8204141967	100
507509.2450435316	3881206.6676742435	100
507509.90243807057	3881205.492702109	100
507510.4867868797	3881204.450746864	100
507511.153326223	3881203.2425130806	100
507511.7832328065	3881202.233864864	100
507512.43141935143	3881201.1697829682	100
507513.09790419776	3881200.0280878823	100
507513.75530887896	3881198.842026278	100
507514.4217848991	3881197.7114210497	100
507515.14302727085	3881196.5032327864	100
507515.92818971316	3881195.173110006	100
507516.7315772263	3881193.854092129	100
507517.4984327486	3881192.6126724775	100
507518.1831803894	3881191.437723581	100
507518.87703604245	3881190.2738720374	100
507519.55266702286	3881189.098915706	100
507520.2373784962	3881187.9683260014	100
507520.8947391025	3881186.837713721	70
507521.4973427419	3881185.7735947804	70
507522.0908111533	3881184.731647853	70
507522.58408430556	3881183.5787203945	70
507523.0045774715	3881182.237206716	70
507523.188037478	3881180.8844071254	70
507523.0887689922	3881179.6533609834	70
507522.86178877816	3881178.510927282	70
507522.55266354786	3881177.4793232656	70
507522.12502613285	3881176.436531433	70
507521.49695173936	3881175.2272272934	70
507520.631898765	3881173.940098787	70
507519.8668576183	3881172.985746063	70
507519.2019018046	3881172.275451032	70
507518.07219762035	3881171.298617311	70
507517.15194641514	3881170.6102908314	70
507516.568768385	3881170.2327565844	70
507515.4479239857	3881169.5664439537	70
507514.1357134608	3881168.7890756233	70
507512.65933200554	3881168.0892001684	100
507511.1191860811	3881167.322733676	100
507509.67014609295	3881166.633971064	100
507508.0571275244	3881165.789816536	100
507506.4168124993	3881164.8791011632	100
507505.03162762837	3881164.1460329625	70
507503.66471322207	3881163.3686209936	70
507502.04266799823	3881162.4135624347	70
507500.3932804751	3881161.4473918434	70
507498.6709654434	3881160.470071631	70
507496.9213172162	3881159.470549676	70
507495.1534528116	3881158.448833511	70
507493.27614694624	3881157.4713865416	70
507491.4900111067	3881156.4940150934	70
507489.68568647455	3881155.4611801873	70
507487.61704022984	3881154.339409806	100
507485.320595175	3881153.0621956117	100
507483.106202898	3881151.785049544	100
507481.0376827736	3881150.5080240616	100
507478.7048588629	3881149.1198839624	100
507476.2353149633	3881147.687272968	100
507473.85683139943	3881146.3878146918	100
507471.6879300114	3881145.221606475	100
507469.6739997702	3881144.0777056464	100
507467.7147531407	3881142.9560297187	100
507465.7919013898	3881141.923102223	100
507463.96925489465	3881140.990065295	100
507462.365280877	3881140.2235547076	100
507460.80690099037	3881139.4459920605	100
507459.4673029775	3881138.7018784964	100
507457.6173676858	3881137.691192104	100
507455.9131958327	3881136.8137028185	100
507454.7740814662	3881136.1806520307	100
507454.20906911587	3881135.880765065	100
507454.1817270192	3881135.8696528804	100
507454.1908440841	3881135.869660356	100
507454.1908440841	3881135.869660356	100
507454.1908440841	3881135.869660356	100
507454.1908440841	3881135.869660356	100
507454.1908440841	3881135.869660356	100
507454.19085317745	3881135.8585705985	100
