507856.4291009897	3881418.0659383517	100
507856.4291105747	3881418.0548485895	100
507856.4291009897	3881418.0659383517	100
507856.4291105747	3881418.0548485895	100
507856.4928226009	3881418.176891133	100
507856.8114402281	3881418.720565288	100
507857.1027649901	3881419.1976772374	100
507857.5033185188	3881419.8744994905	100
507857.9493887663	3881420.6289895037	100
507858.42275174585	3881421.4500417584	100
507858.93253380357	3881422.3265743824	100
507859.442200701	3881423.336184184	100
507859.9792465748	3881424.31254838	100
507860.5527402472	3881425.3111236673	100
507861.1261858373	3881426.3651478062	100
507861.73603123956	3881427.4968318623	100
507862.39137400733	3881428.7283632504	100
507863.1195835914	3881430.0375861195	100
507863.8933096434	3881431.4244768233	100
507864.4121690009	3881432.3453767058	100
507864.60332364764	3881432.689324992	100
507864.6397235424	3881432.7669848823	100
507864.7489424249	3881432.9777850285	100
507864.9674089564	3881433.3661160376	100
507865.3224062341	3881434.009629921	100
507865.7593295831	3881434.797381734	100
507866.2053504249	3881435.6073209853	100
507866.7151117417	3881436.5060335915	100
507867.2976726682	3881437.56006603	100
507867.9166525049	3881438.6695788866	100
507868.5083299113	3881439.7236192976	100
507869.16378608247	3881440.822074048	100
507869.84652515635	3881441.9981808662	100
507870.53834239685	3881443.2186546833	100
507871.2483353422	3881444.5056829224	100
507871.9856207191	3881445.8592734816	100
507872.7411297707	3881447.2239696593	100
507873.3965560699	3881448.3556940174	100
507874.0702253119	3881449.476344457	100
507874.81678993866	3881450.6414171867	100
507875.4904396165	3881451.7842472615	100
507876.06392023223	3881452.7939133393	100
507876.5827771312	3881453.7148139495	100
507877.1652781451	3881454.8353856294	100
507877.702310634	3881455.8228406855	100
507878.29400500737	3881456.8547022394	100
507878.9677018485	3881457.942083769	100
507879.6323010157	3881459.0072779213	100
507880.2787146217	3881460.0170075023	100
507880.8067162612	3881460.9046469796	100
507881.2982989289	3881461.7368060555	100
507881.8262619041	3881462.6688046474	100
507882.35418630374	3881463.645162324	100
507882.83653653675	3881464.6103907404	100
507883.30073014734	3881465.486885263	100
507883.7649332843	3881466.3522900473	100
507884.25644804933	3881467.2620776324	100
507884.7753032885	3881468.182978734	100
507885.2850801745	3881469.059512904	100
507885.749340667	3881469.858379218	100
507886.18628937856	3881470.612862771	100
507886.63234511996	3881471.3784440192	100
507887.0966342428	3881472.1440411145	100
507887.57915673783	3881472.9096540553	100
507888.05256242456	3881473.6752591105	100
507888.51681281044	3881474.4852153338	100
507889.00843253423	3881475.2730157925	100
507889.4635756563	3881476.0718743894	100
507889.9187283242	3881476.859643246	100
507890.3921143541	3881477.647427956	100
507890.9019479287	3881478.4574238756	100
507891.4208788754	3881479.289607268	100
507891.91244994197	3881480.1328567057	100
507892.385787485	3881480.9760903413	100
507892.85913456726	3881481.808234239	100
507893.2869365079	3881482.595979525	100
507893.678281141	3881483.3726033974	100
507894.07873279223	3881484.160324972	100
507894.49740816635	3881484.9591521635	100
507894.9889497451	3881485.835671068	100
507895.4805201273	3881486.6789207086	100
507895.9538762613	3881487.4999750126	100
507896.38165839424	3881488.309899977	100
507896.8094789887	3881489.0754659106	100
507897.2373476835	3881489.7855830463	100
507897.6196231399	3881490.5067503606	100
507898.0018985354	3881491.227917692	100
507898.4206503314	3881491.938026964	100
507898.8120037584	3881492.7035613083	100
507899.18510443735	3881493.4912593514	100
507899.62208944414	3881494.201384529	100
507900.00430669426	3881494.9890905297	100
507900.4503697114	3881495.743582726	100
507900.90556863503	3881496.4759033434	100
507901.3243199613	3881497.186012756	100
507901.6337190163	3881497.8405782664	100
507902.07976247574	3881498.6172500737	100
507902.5076592344	3881499.294098178	100
507902.9081672669	3881500.0152815795	100
507903.3360349704	3881500.7253990164	100
507903.736571805	3881501.413313163	100
507904.13712786115	3881502.079047801	100
507904.5285382336	3881502.778043823	100
507904.93821086606	3881503.4437864255	100
507905.3387763915	3881504.0984313563	100
507905.7667112303	3881504.7309205635	100
507906.13997479045	3881505.3300929223	100
507906.5041119604	3881505.9403471323	100
507906.86826837494	3881506.528421829	100
507907.3417189157	3881507.2385791144	100
507907.8060816383	3881507.915459202	100
507908.2703864005	3881508.6588778975	100
507908.6800295457	3881509.357889968	100
507909.1715008814	3881510.312038023	100
507909.66308791866	3881511.1331089395	100
507910.1455774824	3881511.931992421	100
507910.60982393665	3881512.741949826	80
507911.08320629643	3881513.5297356616	80
507911.5201411438	3881514.2953102537	80
507911.93887151266	3881515.027599705	80
507912.3576114627	3881515.748799413	80
507912.7854680302	3881516.470007078	80
507913.22240259213	3881517.2355817556	80
507913.66846341564	3881517.990074631	80
507914.15103916096	3881518.6891504563	80
507914.66099383956	3881519.3549808334	80
507915.24393015564	3881519.965425929	80
507915.7904672851	3881520.4982109554	80
507916.373519351	3881520.9755789554	80
507917.0112714179	3881521.452994637	80
507917.67640242656	3881521.897164895	80
507918.3415237117	3881522.352424968	100
507919.1342300754	3881522.863245107	100
507919.87221697625	3881523.396197183	100
507920.6011450958	3881523.8626027904	100
507921.2662177687	3881524.3733118987	100
507921.985990404	3881524.88406873	100
507922.78778401634	3881525.42816643	100
507923.5895678678	3881525.9833539645	100
507924.3458456067	3881526.4497837154	100
507925.06568559055	3881526.882912443	100
507925.74906849023	3881527.304919666	100
507926.4597819985	3881527.7491303203	100
507927.19781643205	3881528.226634175	100
507927.9358701333	3881528.6819585613	100
507928.6374957785	3881529.0928921415	100
507929.30264500703	3881529.5148837296	100
507930.0315915078	3881529.9591105706	100
507930.8152379413	3881530.4033851973	100
507931.51684396755	3881530.836498531	100
507932.16379831237	3881531.214115362	100
507932.8107526082	3881531.5917322394	100
507933.4941638331	3881531.9804707547	100
507934.2777808849	3881532.4580149753	100
507935.1251951456	3881532.9577945033	100
507935.9543566215	3881533.479737721	100
507936.7926152995	3881534.023868505	100
507937.61268896994	3881534.512534621	100
507938.4509668269	3881535.0344860298	100
507939.28013760684	3881535.5453397874	100
507940.0637443605	3881536.033974276	100
507940.8655746626	3881536.5337145245	100
507941.66740487656	3881537.0334548443	100
507942.46011834184	3881537.53318727	100
507943.2710747339	3881538.021845935	100
507944.100244971	3881538.5327001363	100
507944.89296786766	3881539.02134301	100
507945.6674864424	3881539.4767007222	100
507946.4602188656	3881539.9542539692	100
507947.37147745636	3881540.4208211466	100
507948.2554829538	3881540.7764668544	100
507949.0210785209	3881541.010021591	100
507949.9235015021	3881541.154977881	100
507950.8442547717	3881541.189052566	100
507951.77424111427	3881541.090058145	100
507952.6952078461	3881540.880158197	100
507953.5251050846	3881540.559280924	100
507954.3003412513	3881540.1939968015	100
507955.09383991425	3881539.7954594083	100
507955.94204830844	3881539.3858801983	100
507956.7263819164	3881539.0427837907	100
507957.4012671277	3881538.755040498	100
507958.10347323027	3881538.500590496	100
507958.84213630384	3881538.2572622406	100
507959.6263924313	3881538.0028841994	100
507960.4289499071	3881537.6708938438	100
507961.2223519279	3881537.3832546296	100
507962.0977845223	3881537.1178668872	100
507962.8273408698	3881536.8634412065	100
507963.7210166032	3881536.5869798297	100
507964.57824517373	3881536.2883070596	100
507965.4719404541	3881535.9896663264	100
507966.1923706032	3881535.7463226914	100
507966.94927716645	3881535.4919213117	100
507967.6605615687	3881535.2818390955	100
507968.48133346427	3881534.972044963	100
507969.49354562856	3881534.673508525	100
507970.40543565794	3881534.4192433204	100
507971.2717229699	3881534.187117763	100
507972.128903384	3881533.9438945255	100
507972.90399495396	3881533.744958455	100
507973.7065241079	3881533.4462385657	100
507974.6002005106	3881533.1697782595	100
507975.3114950032	3881532.9486068767	100
507976.150432583	3881532.716457786	100
507976.97117580404	3881532.439933712	100
507977.80102600553	3881532.17450748	100
507978.56702065654	3881531.9533843617	100
507979.36040428333	3881531.687926261	100
507980.09906848357	3881531.444599735	100
507980.8559757946	3881531.190199515	100
507981.7132151813	3881530.880438596	100
507982.6160379648	3881530.5707177897	100
507983.4185482419	3881530.2941782847	100
507984.45811142854	3881529.9956675377	100
507985.31534130656	3881529.6969967233	100
507986.3275643594	3881529.387372396	100
507987.2212220581	3881529.133092859	100
507988.1604436593	3881528.901032998	100
507989.0449945351	3881528.6356558646	100
507989.9204580352	3881528.33700151	100
507990.7229394833	3881528.0937319435	100
507991.5892376695	3881527.8505185572	100
507992.5102456796	3881527.5962635875	100
507993.4494870833	3881527.3420247445	100
507994.4252244854	3881527.05454878	100
507995.4100493539	3881526.8003502316	100
507996.30369780725	3881526.557161351	100
507997.4070297652	3881526.3141570473	100
507998.61982040375	3881526.0047105616	100
508000.3250676289	3881525.5182613023	100
508002.76896086184	3881524.81066721	100
508005.40435347194	3881524.0477935644	100
508007.90292801056	3881523.3624285567	100
508010.22829585726	3881522.6658218205	100
508012.489798449	3881522.024608245	100
508014.66004658455	3881521.4831227246	100
508016.67549729825	3881520.7307955096	100
508018.5635594233	3881519.7011120403	100
508020.06879970484	3881518.5823729928	100
508021.6746957511	3881517.042311658	100
508022.8520690863	3881515.546231457	100
508023.6920080088	3881514.1829308113	100
508024.18503342086	3881513.362722851	100
508024.48634417687	3881512.8417695314	100
508024.9063872861	3881512.0769460443	100
508025.5090481663	3881510.9906804096	100
508026.0112787301	3881510.0706727244	100
508026.64124097815	3881509.039880136	100
508027.2073277746	3881508.0755698183	100
508027.7826391174	3881506.9892801843	100
508028.2027513346	3881506.1468285075	100
508028.403720166	3881505.6923253317	100
508028.3763113178	3881505.75883976	100
508028.38543780777	3881505.7477580477	100
508028.3763211128	3881505.7477499954	100
508028.3763211128	3881505.7477499954	100
508028.36719462514	3881505.7588317073	100
508028.3763211128	3881505.7477499954	100
508028.3763211128	3881505.7477499954	100
508028.3763211128	3881505.7477499954	100
508028.3672044202	3881505.747741943	100
508028.36719462514	3881505.7588317073	100
508028.3763113178	3881505.75883976	100
