298516.995	4137859.512	150
298516.3803	4137858.723	150
298515.7661	4137857.934	150
298515.1525	4137857.144	150
298514.5389	4137856.355	150
298513.9275	4137855.563	150
298513.3174	4137854.771	150
298512.7073	4137853.979	150
298512.0971	4137853.187	150
298511.4849	4137852.396	150
298510.8721	4137851.606	150
298510.2593	4137850.815	150
298509.6466	4137850.025	150
298509.0337	4137849.235	150
298508.42	4137848.445	150
298507.8063	4137847.656	150
298507.1926	4137846.866	150
298506.5788	4137846.077	150
298505.9651	4137845.287	150
298505.3481	4137844.5	150
298504.7305	4137843.714	150
298504.1129	4137842.927	150
298503.4952	4137842.141	150
298502.8776	4137841.354	150
298502.2625	4137840.566	150
298501.6477	4137839.777	150
298501.0329	4137838.989	150
298500.4181	4137838.2	150
298499.8031	4137837.411	150
298499.1878	4137836.623	150
298498.5725	4137835.835	150
298497.9571	4137835.047	150
298497.3418	4137834.258	150
298496.725	4137833.471	150
298496.1073	4137832.685	150
298495.4897	4137831.898	150
298494.8721	4137831.112	150
298494.2546	4137830.325	150
298493.6381	4137829.538	150
298493.0217	4137828.75	150
298492.4053	4137827.963	150
298491.7889	4137827.176	150
298491.1724	4137826.388	150
298490.5556	4137825.601	150
298489.9388	4137824.814	150
298489.322	4137824.027	150
298488.7052	4137823.24	150
298488.0878	4137822.453	150
298487.4692	4137821.667	150
298486.8507	4137820.882	150
298486.2321	4137820.096	100
298485.6135	4137819.31	100
298484.995	4137818.524	100
298484.3774	4137817.738	100
298483.7598	4137816.952	100
298483.1421	4137816.165	100
298482.5245	4137815.379	100
298481.9068	4137814.592	100
298481.2899	4137813.805	100
298480.6731	4137813.018	100
298480.0562	4137812.231	100
298479.4394	4137811.444	100
298478.8225	4137810.657	100
298478.2056	4137809.87	100
298477.5886	4137809.083	100
298476.9716	4137808.296	100
298476.3546	4137807.509	100
298475.7376	4137806.722	100
298475.1213	4137805.934	100
298474.5058	4137805.146	100
298473.8904	4137804.358	100
298473.2749	4137803.57	90
298472.6594	4137802.782	80
298472.0438	4137801.994	70
298471.4261	4137801.207	60
298470.8084	4137800.421	50
298470.1906	4137799.635	40
298469.5729	4137798.848	30
298468.9552	4137798.062	20
298468.3357	4137797.277	10
298467.7152	4137796.493	0
298467.0946	4137795.708	150
298466.4741	4137794.924	150
298465.8536	4137794.14	150
298465.2329	4137793.356	150
298464.6118	4137792.572	150
298463.9906	4137791.789	150
298463.3695	4137791.005	150
298462.7483	4137790.221	150
298462.1272	4137789.437	150
298461.509	4137788.651	150