298561.2327	4137851.773
298561.2239	4137851.773
298561.1889	4137851.792
298561.1632	4137851.83
298561.1455	4137851.83
298561.1371	4137851.849
298561.1198	4137851.867
298561.0764	4137851.906
298561.0499	4137851.907
298561.0326	4137851.925
298561.0065	4137851.945
298560.9896	4137851.982
298560.9724	4137852.001
298560.964	4137852.02
298560.9201	4137852.039
298560.9029	4137852.058
298560.8767	4137852.078
298560.8422	4137852.115
298560.8338	4137852.134
298560.7988	4137852.153
298560.7727	4137852.172
298560.7289	4137852.192
298560.7116	4137852.21
298560.6855	4137852.23
298560.6686	4137852.267
298560.6425	4137852.286
298560.6168	4137852.324
298560.5557	4137852.363
298560.5301	4137852.4
298560.4951	4137852.42
298560.4689	4137852.438
298560.4428	4137852.458
298560.4079	4137852.477
298560.3994	4137852.495
298560.3649	4137852.534
298560.3388	4137852.552
298560.3126	4137852.572
298560.2777	4137852.592
298560.252	4137852.629
298560.2259	4137852.648
298560.2086	4137852.667
298560.1825	4137852.686
298560.1652	4137852.705
298560.1218	4137852.743
298560.0957	4137852.763
298560.0612	4137852.8
298560.035	4137852.82
298560.0089	4137852.838
298559.9739	4137852.858
298559.9301	4137852.878
298559.9221	4137852.914
298559.8871	4137852.934
298559.861	4137852.953
298559.8172	4137852.972
298559.7911	4137852.992
298559.7565	4137853.029
298559.7304	4137853.049
298559.6865	4137853.068
298559.6609	4137853.106
298559.6263	4137853.144
298559.5825	4137853.164
298559.5564	4137853.182
298559.5307	4137853.22
298559.4873	4137853.258
298559.4435	4137853.278
298559.4001	4137853.316
298559.3651	4137853.335
298559.3217	4137853.373
298559.296	4137853.41
298559.2522	4137853.43
298559.2265	4137853.467
298559.1827	4137853.487
298559.1393	4137853.525
298559.0959	4137853.564
298559.0609	4137853.582
298559.0352	4137853.621
298558.9741	4137853.659
298558.9307	4137853.697
298558.8874	4137853.735
298558.8612	4137853.754
298558.8178	4137853.793
298558.7744	4137853.83
298558.7133	4137853.868
298558.6877	4137853.907
298558.6443	4137853.944
298558.6004	4137853.964
298558.5566	4137853.983
298558.5132	4137854.022
298558.4698	4137854.06
298558.4264	4137854.097
298558.383	4137854.136
298558.3396	4137854.174
298558.3139	4137854.211
298558.2701	4137854.231
298558.2267	4137854.269
298558.1829	4137854.289
298558.1395	4137854.326
298558.0961	4137854.365
298558.0527	4137854.403
298557.9916	4137854.441
298557.9482	4137854.48
298557.9048	4137854.517
298557.8614	4137854.555
298557.7569	4137854.632
298557.7312	4137854.669
298557.6702	4137854.709
298557.6268	4137854.746
298557.5834	4137854.784
298557.54	4137854.823
298557.4961	4137854.841
298557.4528	4137854.88
298557.4094	4137854.918
298557.366	4137854.956
298557.3137	4137854.995
298557.2526	4137855.033
298557.2092	4137855.07
298557.1663	4137855.127
298557.1224	4137855.147
298557.0613	4137855.185
298557.0179	4137855.224
298556.9918	4137855.242
298556.8873	4137855.319
298556.8351	4137855.357
298556.7917	4137855.396
298556.7483	4137855.434
298556.7049	4137855.471
298556.6615	4137855.51
298556.6004	4137855.548
298556.557	4137855.586
298556.5136	4137855.625
298556.4698	4137855.643
298556.4264	4137855.682
298556.3653	4137855.72
298556.3219	4137855.758
298556.2785	4137855.797
298556.2351	4137855.835
298556.1828	4137855.872
298556.1395	4137855.911
298556.0961	4137855.949
298556.0527	4137855.987
298556.0093	4137856.025
298555.9482	4137856.063
298555.9052	4137856.12
298555.8007	4137856.197
298555.7485	4137856.235
298555.7051	4137856.273
298555.644	4137856.312
298555.5829	4137856.35
298555.5395	4137856.388
298555.4965	4137856.444
298555.4443	4137856.483
298555.4009	4137856.521
298555.3398	4137856.559
298555.2787	4137856.598
298555.2353	4137856.636
298555.1831	4137856.674
298555.122	4137856.713
298555.0786	4137856.751
298555.0179	4137856.808
298554.9223	4137856.884
298554.8789	4137856.922
298554.8178	4137856.96
298554.7567	4137856.999
298554.7133	4137857.037
298554.6615	4137857.094
298554.6181	4137857.131
298554.557	4137857.171
298554.4959	4137857.209
298554.4525	4137857.246
298554.4095	4137857.303
298554.3568	4137857.323
298554.2957	4137857.361
298554.2528	4137857.418
298554.2094	4137857.457
298554.1483	4137857.495
298554.1049	4137857.532
298554.0527	4137857.571
298553.9915	4137857.61
298553.9048	4137857.686
298553.8437	4137857.724
298553.8003	4137857.762
298553.7569	4137857.801
298553.7046	4137857.838
298553.6612	4137857.876
298553.6001	4137857.915
298553.5567	4137857.953
298553.4956	4137857.991
298553.4522	4137858.03
298553.4088	4137858.068
298553.3566	4137858.106
298553.3132	4137858.144
298553.2521	4137858.182
298553.2087	4137858.22
298553.1653	4137858.259
298553.1042	4137858.297
298553.0608	4137858.335
298553.0086	4137858.374
298552.8859	4137858.432
298552.843	4137858.489
298552.7996	4137858.526
298552.7473	4137858.564
298552.6867	4137858.621
298552.6256	4137858.661
298552.5733	4137858.698
298552.5122	4137858.737
298552.4688	4137858.775
298552.4082	4137858.832
298552.3559	4137858.87
298552.2948	4137858.908
298552.2341	4137858.965
298552.1642	4137859.005
298552.1031	4137859.043
298552.0513	4137859.1
298551.9902	4137859.138
298551.9295	4137859.195
298551.8773	4137859.234
298551.7555	4137859.329
298551.6855	4137859.367
298551.6426	4137859.424
298551.5726	4137859.463
298551.5115	4137859.501
298551.4509	4137859.558
298551.3986	4137859.596
298551.2769	4137859.692
298551.2246	4137859.73
298551.1812	4137859.768
298551.1206	4137859.825
298551.0506	4137859.864
298550.9899	4137859.921
298550.9288	4137859.959
298550.8766	4137859.997
298550.8155	4137860.037
298550.7548	4137860.094
298550.7026	4137860.131
298550.5981	4137860.208
298550.5374	4137860.265
298550.4852	4137860.303
298550.4245	4137860.36
298550.363	4137860.381
298550.3107	4137860.418
298550.2678	4137860.475
298550.2067	4137860.513
298550.1633	4137860.552
298550.1022	4137860.59
298550.0499	4137860.628
298549.9888	4137860.667
298549.9454	4137860.705
298549.8848	4137860.762
298549.8414	4137860.799
298549.7891	4137860.838
298549.7457	4137860.876
298549.6846	4137860.914
298549.6412	4137860.953
298549.5367	4137861.029
298549.4934	4137861.068
298549.4411	4137861.106
298549.3977	4137861.143
298549.3543	4137861.182
298549.2932	4137861.22
298549.2498	4137861.258
298549.206	4137861.278
298549.1626	4137861.315
298549.1192	4137861.354
298549.0581	4137861.392
298549.0147	4137861.43
298548.9713	4137861.469
298548.9275	4137861.488
298548.8841	4137861.526
298548.8407	4137861.564
298548.7973	4137861.602
298548.7539	4137861.641
298548.7101	4137861.659
298548.6667	4137861.698
298548.5972	4137861.755
298548.5538	4137861.793
298548.5099	4137861.813
298548.4665	4137861.851
298548.4231	4137861.888
298548.3793	4137861.908
298548.3359	4137861.946
298548.3102	4137861.984
298548.2664	4137862.003
298548.223	4137862.042
298548.1796	4137862.08
298548.1446	4137862.099
298548.1012	4137862.137
298548.0574	4137862.157
298548.014	4137862.195
298547.9879	4137862.214
298547.9622	4137862.252
298547.9184	4137862.271
298547.8404	4137862.347
298547.8143	4137862.366
298547.7705	4137862.386
298547.7271	4137862.424
298547.701	4137862.443
298547.6664	4137862.481
298547.6403	4137862.5
298547.5965	4137862.519
298547.5531	4137862.558
298547.5274	4137862.595
298547.4924	4137862.615
298547.4486	4137862.634
298547.4225	4137862.653
298547.3968	4137862.69
298547.3529	4137862.71
298547.318	4137862.73
298547.2923	4137862.767
298547.2662	4137862.787
298547.2228	4137862.824
298547.1617	4137862.863
298547.1183	4137862.901
298547.0749	4137862.939
298547.0488	4137862.959
298547.0138	4137862.977
298546.9877	4137862.997
298546.9443	4137863.034
298546.9186	4137863.073
298546.8747	4137863.092
298546.8398	4137863.111
298546.8136	4137863.131
298546.7702	4137863.168
298546.7446	4137863.206
298546.7007	4137863.226
298546.6573	4137863.263
298546.6224	4137863.283
298546.579	4137863.321
298546.5356	4137863.36
298546.4922	4137863.397
298546.405	4137863.455
298546.3616	4137863.493
298546.3182	4137863.531
298546.2748	4137863.569
298546.231	4137863.589
298546.1876	4137863.627
298546.1442	4137863.664
298546.1008	4137863.703
298546.0569	4137863.722
298546.0135	4137863.761
298545.9613	4137863.799
298545.9179	4137863.836
298545.8834	4137863.875
298545.8395	4137863.894
298545.7961	4137863.933
298545.7527	4137863.97
298545.7093	4137864.008
298545.666	4137864.047
298545.6221	4137864.066
298545.5531	4137864.142
298545.4919	4137864.18
298545.4663	4137864.218
298545.4224	4137864.237
298545.3791	4137864.276
298545.3179	4137864.314
298545.2745	4137864.351
298545.2312	4137864.39
298545.205	4137864.409
298545.1444	4137864.466
298545.1005	4137864.486
298545.0571	4137864.523
298545.0049	4137864.562
298544.962	4137864.619
298544.9008	4137864.657
298544.8574	4137864.695
298544.8141	4137864.733
298544.753	4137864.771
298544.7007	4137864.809
298544.6578	4137864.866
298544.5967	4137864.905
298544.5533	4137864.943
298544.4403	4137865.038
298544.3797	4137865.095
298544.3367	4137865.151
298544.2752	4137865.172
298544.2323	4137865.228
298544.18	4137865.266
298544.1193	4137865.323
298544.0583	4137865.362
298544.006	4137865.4
298543.9453	4137865.457
298543.8847	4137865.514
298543.8324	4137865.552
298543.7718	4137865.609
298543.7107	4137865.648
298543.6677	4137865.705
298543.5978	4137865.743
298543.5371	4137865.8
298543.4242	4137865.895
298543.3635	4137865.952
298543.3117	4137866.009
298543.2506	4137866.048
298543.19	4137866.105
298543.1382	4137866.162
298543.0771	4137866.2
298543.0164	4137866.257
298542.9646	4137866.313
298542.8862	4137866.371
298542.8344	4137866.428
298542.7733	4137866.466
298542.7126	4137866.523
298542.6604	4137866.562
298542.5998	4137866.619
298542.5302	4137866.676
298542.4691	4137866.714
298542.4085	4137866.771
298542.2956	4137866.866
298542.2349	4137866.923
298542.1831	4137866.98
298542.122	4137867.019
298542.0613	4137867.076
298542.0095	4137867.133
298541.9489	4137867.19
298541.8878	4137867.228
298541.8355	4137867.266
298541.7749	4137867.323
298541.7142	4137867.38
298541.6713	4137867.436
298541.619	4137867.475
298541.5584	4137867.532
298541.4972	4137867.57
298541.445	4137867.608
298541.3843	4137867.665
298541.341	4137867.704
298541.2803	4137867.761
298541.228	4137867.799
298541.1669	4137867.837
298541.1063	4137867.894
298541.0629	4137867.933
298541.0106	4137867.971
298540.9672	4137868.008
298540.9066	4137868.065
298540.8632	4137868.104
298540.8021	4137868.142
298540.7591	4137868.199
298540.7153	4137868.219
298540.6724	4137868.275
298540.6201	4137868.313
298540.5767	4137868.351
298540.5333	4137868.389
298540.4904	4137868.446
298540.4293	4137868.484
298540.3859	4137868.522
298540.3248	4137868.561
298540.273	4137868.618
298540.2296	4137868.656
298540.1251	4137868.732
298540.0817	4137868.77
298540.021	4137868.827
298539.9776	4137868.865
298539.9254	4137868.904
298539.882	4137868.941
298539.8214	4137868.998
298539.7602	4137869.037
298539.708	4137869.076
298539.6469	4137869.114
298539.5862	4137869.171
298539.5433	4137869.227
298539.491	4137869.265
298539.4299	4137869.304
298539.3693	4137869.361
298539.317	4137869.399
298539.2387	4137869.457
298539.1869	4137869.513
298539.1257	4137869.551
298539.0651	4137869.608
298538.9956	4137869.666
298538.8822	4137869.743
298538.8216	4137869.8
298538.7614	4137869.876
298538.7091	4137869.913
298538.6307	4137869.971
298538.5785	4137870.009
298538.5001	4137870.066
298538.4572	4137870.123
298538.3876	4137870.18
298538.3177	4137870.219
298538.257	4137870.276
298538.1964	4137870.333
298538.1441	4137870.371
298538.0657	4137870.429
298538.0139	4137870.485
298537.9528	4137870.523
298537.8833	4137870.581
298537.8404	4137870.637
298537.7098	4137870.734
298537.6664	4137870.771
298537.6057	4137870.828
298537.5446	4137870.866
298537.4751	4137870.924
298537.4144	4137870.981
298537.3622	4137871.02
298537.3188	4137871.057
298537.2404	4137871.115
298537.1886	4137871.171
298537.1275	4137871.21
298537.0668	4137871.267
298537.0235	4137871.305
298536.9717	4137871.362
298536.8928	4137871.401
298536.8406	4137871.439
298536.7799	4137871.495
298536.667	4137871.591
298536.6236	4137871.629
298536.5453	4137871.687
298536.4935	4137871.743
298536.4323	4137871.781
298536.389	4137871.82
298536.3279	4137871.858
298536.2761	4137871.915
298536.2149	4137871.953
298536.1543	4137872.01
298536.1021	4137872.049
298536.0232	4137872.088
298535.9714	4137872.145
298535.9285	4137872.201
298535.8678	4137872.258
298535.8067	4137872.296
298535.7545	4137872.335
298535.6756	4137872.374
298535.6238	4137872.43
298535.5198	4137872.525
298535.3892	4137872.622
298535.3285	4137872.679
298535.2763	4137872.716
298535.2156	4137872.773
298535.1456	4137872.812
298535.085	4137872.869
298535.042	4137872.925
298534.9721	4137872.965
298534.911	4137873.003
298534.8503	4137873.06
298534.7981	4137873.098
298534.7197	4137873.155
298534.6767	4137873.212
298534.6245	4137873.251
298534.5634	4137873.289
298534.4939	4137873.346
298534.4505	4137873.384
298534.3022	4137873.48
298534.2415	4137873.537
298534.1981	4137873.575
298534.1458	4137873.613
298534.0852	4137873.67
298534.0241	4137873.709
298533.9807	4137873.747
298533.9112	4137873.804
298533.8678	4137873.842
298533.8244	4137873.881
298533.7633	4137873.919
298533.6933	4137873.957
298533.6322	4137873.996
298533.607	4137874.052
298533.537	4137874.091
298533.4759	4137874.129
298533.4148	4137874.168
298533.3719	4137874.225
298533.328	4137874.243
298533.2151	4137874.339
298533.1717	4137874.377
298533.1106	4137874.415
298533.0584	4137874.454
298533.015	4137874.492
298532.9539	4137874.53
298532.9105	4137874.569
298532.8494	4137874.607
298532.7971	4137874.645
298532.7538	4137874.684
298532.7104	4137874.721
298532.6665	4137874.741
298532.6054	4137874.779
298532.5443	4137874.817
298532.4921	4137874.856
298532.4487	4137874.894
298532.4049	4137874.914
298532.3437	4137874.952
298532.2826	4137874.99
298532.1954	4137875.048
298532.1432	4137875.087
298532.0643	4137875.125
298532.0209	4137875.163
298531.9771	4137875.183
298531.9249	4137875.221
298531.8638	4137875.26
298531.7938	4137875.299
298531.7504	4137875.336
298531.6716	4137875.376
298531.6282	4137875.414
298531.5759	4137875.451
298531.5149	4137875.491
298531.4537	4137875.529
298531.4015	4137875.567
298531.3408	4137875.624
298531.2974	4137875.662
298531.254	4137875.7
298531.1929	4137875.738
298531.1407	4137875.777
298531.0973	4137875.815
298531.0362	4137875.853
298530.9928	4137875.892
298530.9322	4137875.949
298530.8799	4137875.987
298530.8365	4137876.024
298530.7931	4137876.063
298530.732	4137876.101
298530.6886	4137876.139
298530.6275	4137876.178
298530.5576	4137876.217
298530.5319	4137876.254
298530.4974	4137876.292
298530.4451	4137876.33
298530.4017	4137876.368
298530.3583	4137876.407
298530.2972	4137876.445
298530.2361	4137876.483
298530.1927	4137876.522
298530.1493	4137876.559
298530.0803	4137876.636
298530.0191	4137876.674
298529.9757	4137876.711
298529.9324	4137876.75
298529.8801	4137876.788
298529.8456	4137876.825
298529.8022	4137876.864
298529.7322	4137876.903
298529.6888	4137876.94
298529.6632	4137876.979
298529.6198	4137877.016
298529.5591	4137877.073
298529.5157	4137877.111
298529.4542	4137877.131
298529.4108	4137877.169
298529.359	4137877.226
298529.3156	4137877.265
298529.2722	4137877.302
298529.15	4137877.38
298529.1066	4137877.417
298529.0809	4137877.455
298529.0198	4137877.494
298528.9764	4137877.531
298528.9242	4137877.569
298528.8808	4137877.608
298528.8369	4137877.627
298528.794	4137877.684
298528.7329	4137877.723
298528.689	4137877.742
298528.6279	4137877.781
298528.5845	4137877.819
298528.5411	4137877.856
298528.4889	4137877.895
298528.4278	4137877.933
298528.3844	4137877.971
298528.3229	4137877.991
298528.2795	4137878.029
298528.1838	4137878.106
298528.1404	4137878.143
298528.0966	4137878.163
298528.0355	4137878.201
298527.9487	4137878.278
298527.9053	4137878.316
298527.8615	4137878.336
298527.8004	4137878.374
298527.757	4137878.412
298527.7136	4137878.45
298527.6613	4137878.488
298527.618	4137878.527
298527.5564	4137878.546
298527.513	4137878.585
298527.4696	4137878.623
298527.4262	4137878.66
298527.3829	4137878.699
298527.3213	4137878.718
298527.2345	4137878.795
298527.1907	4137878.815
298527.165	4137878.852
298527.1039	4137878.89
298527.0605	4137878.929
298527.0171	4137878.967
298526.9733	4137878.987
298526.9299	4137879.024
298526.8865	4137879.062
298526.8342	4137879.101
298526.7904	4137879.12
298526.747	4137879.159
298526.7036	4137879.196
298526.6602	4137879.234
298526.6168	4137879.273
298526.5557	4137879.311
298526.5123	4137879.348
298526.4862	4137879.368
298526.4433	4137879.425
298526.3211	4137879.502
298526.2777	4137879.54
298526.2343	4137879.577
298526.182	4137879.616
298526.1209	4137879.654
298526.0598	4137879.692
298526.0164	4137879.731
298525.9646	4137879.788
298525.9212	4137879.826
298525.8601	4137879.864
298525.799	4137879.903
298525.7468	4137879.941
298525.6861	4137879.998
298525.625	4137880.036
298525.5816	4137880.075
298525.5294	4137880.113
298525.4687	4137880.17
298525.4076	4137880.208
298525.3554	4137880.247
298525.2509	4137880.323
298525.1898	4137880.362
298525.1464	4137880.4
298525.0941	4137880.437
298525.0335	4137880.494
298524.9724	4137880.534
298524.929	4137880.571
298524.886	4137880.628
298524.8338	4137880.666
298524.7727	4137880.705
298524.7116	4137880.743
298524.6593	4137880.781
298524.6159	4137880.82
298524.5725	4137880.857
298524.5114	4137880.896
298524.4508	4137880.953
298524.4074	4137880.991
298524.364	4137881.029
298524.3117	4137881.067
298524.2684	4137881.106
298524.2072	4137881.144
298524.1461	4137881.182
298524.051	4137881.278
298523.9898	4137881.316
298523.9287	4137881.354
298523.9031	4137881.392
298523.842	4137881.43
298523.7986	4137881.468
298523.7463	4137881.507
298523.6852	4137881.545
298523.6423	4137881.602
298523.5989	4137881.639
298523.5378	4137881.679
298523.4944	4137881.716
298523.451	4137881.754
298523.4076	4137881.793
298523.3642	4137881.83
298523.3119	4137881.868
298523.2075	4137881.945
298523.1468	4137882.002
298523.1207	4137882.022
298523.06	4137882.079
298523.0166	4137882.116
298522.9909	4137882.154
298522.9476	4137882.192
298522.8864	4137882.23
298522.843	4137882.268
298522.7997	4137882.307
298522.7479	4137882.364
298522.7045	4137882.401
298522.6611	4137882.439
298522.5827	4137882.496
298522.5393	4137882.535
298522.4959	4137882.573
298522.4437	4137882.611
298522.3401	4137882.724
298522.2356	4137882.801
298522.1833	4137882.839
298522.1227	4137882.896
298522.0797	4137882.953
298522.0186	4137882.992
298521.9668	4137883.049
298521.9234	4137883.086
298521.8623	4137883.125
298521.7928	4137883.182
298521.7317	4137883.221
298521.6883	4137883.259
298521.6277	4137883.316
298521.5847	4137883.372
298521.532	4137883.392
298521.4714	4137883.449
298521.4102	4137883.487
298521.3673	4137883.544
298521.315	4137883.582
298521.254	4137883.621
298521.2106	4137883.659
298521.1406	4137883.697
298521.0543	4137883.792
298520.9932	4137883.831
298520.8887	4137883.907
298520.8453	4137883.945
298520.7935	4137884.002
298520.7324	4137884.04
298520.6451	4137884.098
298520.6022	4137884.154
298520.5415	4137884.211
298520.4977	4137884.231
298520.4543	4137884.269
298520.4113	4137884.325
298520.3591	4137884.364
298520.3153	4137884.383
298520.2723	4137884.44
298520.1851	4137884.497
298520.0806	4137884.574
298520.0195	4137884.612
298519.9765	4137884.669
298519.9327	4137884.689
298519.8893	4137884.726
298519.8459	4137884.765
298519.7941	4137884.822
298519.7507	4137884.86
298519.7069	4137884.88
298519.664	4137884.936
298519.6206	4137884.974
298519.5772	4137885.012
298519.5338	4137885.05
298519.4904	4137885.088
298519.3863	4137885.183
298519.343	4137885.222
298519.2389	4137885.316
298519.1428	4137885.374
298519.0999	4137885.431
298518.9777	4137885.508
298518.9343	4137885.546
298518.882	4137885.583
298518.8391	4137885.64
298518.778	4137885.679
298518.7341	4137885.698
298518.673	4137885.737
298518.6212	4137885.794
298518.5601	4137885.832
298518.5167	4137885.87
298518.4556	4137885.909
298518.4034	4137885.947
298518.3423	4137885.985
298518.2989	4137886.024
298518.1855	4137886.1
298518.1244	4137886.139
298518.081	4137886.177
298518.0199	4137886.215
298517.9066	4137886.292
298517.8636	4137886.349
298517.8025	4137886.387
298517.7503	4137886.426
298517.6892	4137886.464
298517.6458	4137886.502
298517.5847	4137886.541
298517.5329	4137886.597
298517.4718	4137886.636
298517.4107	4137886.674
298517.3584	4137886.713
298517.2973	4137886.751
298517.2544	4137886.807
298517.1932	4137886.846
298517.0799	4137886.923
298517.0188	4137886.961
298516.9754	4137887
298516.9232	4137887.037
298516.8625	4137887.094
298516.8014	4137887.133
298516.758	4137887.171
298516.7058	4137887.209
298516.6451	4137887.266
298516.6017	4137887.304
298516.5406	4137887.343
298516.4884	4137887.381
298516.4272	4137887.419
298516.3843	4137887.476
298516.3232	4137887.515
298516.271	4137887.553
298516.2098	4137887.591
298516.1665	4137887.63
298516.1054	4137887.668
298516.0101	4137887.762
298515.9491	4137887.801
298515.8884	4137887.858
298515.8445	4137887.877
298515.7923	4137887.916
298515.7317	4137887.973
298515.6705	4137888.011
298515.6271	4137888.049
298515.5749	4137888.088
298515.4965	4137888.145
298515.4527	4137888.164
298515.4009	4137888.221
298515.3575	4137888.26
298515.2964	4137888.298
298515.2353	4137888.336
298515.1831	4137888.375
298515.1224	4137888.432
298515.0613	4137888.47
298515.0179	4137888.508
298514.9223	4137888.585
298514.8611	4137888.623
298514.8178	4137888.661
298514.7571	4137888.718
298514.7048	4137888.756
298514.6433	4137888.777
298514.6004	4137888.833
298514.5392	4137888.871
298514.4958	4137888.909
298514.4436	4137888.948
298514.383	4137889.005
298514.3391	4137889.024
298514.2957	4137889.063
298514.2346	4137889.101
298514.1828	4137889.158
298514.1394	4137889.195
298514.0172	4137889.273
298513.9654	4137889.329
298513.8609	4137889.406
298513.8175	4137889.444
298513.7564	4137889.482
298513.713	4137889.521
298513.6608	4137889.559
298513.5997	4137889.597
298513.5563	4137889.636
298513.4952	4137889.674
298513.4514	4137889.694
298513.408	4137889.731
298513.3646	4137889.769
298513.3119	4137889.789
298513.2685	4137889.827
298513.2074	4137889.866
298513.1458	4137889.885
298513.102	4137889.905
298513.0586	4137889.943
298513.0064	4137889.982
298512.9634	4137890.039
298512.8403	4137890.078
298512.788	4137890.116
298512.7447	4137890.155
298512.6836	4137890.193
298512.6397	4137890.213
298512.5698	4137890.251
298512.5264	4137890.289
298512.4648	4137890.309
298512.4037	4137890.347
298512.3603	4137890.386
298512.3165	4137890.405
298512.2465	4137890.444
298512.2031	4137890.482
298512.1416	4137890.502
298512.0893	4137890.54
298512.0459	4137890.578
298511.9414	4137890.655
298511.8803	4137890.693
298511.8276	4137890.713
298511.705	4137890.772
298511.6527	4137890.81
298511.5912	4137890.83
298511.4774	4137890.888
298511.3986	4137890.927
298511.3463	4137890.966
298511.3025	4137890.985
298511.2237	4137891.024
298511.1537	4137891.063
298511.0922	4137891.083
298511.0217	4137891.102
298510.9607	4137891.142
298510.9079	4137891.161
298510.8291	4137891.2
298510.7764	4137891.219
298510.6888	4137891.259
298510.6272	4137891.278
298510.478	4137891.338
298510.4253	4137891.358
298510.2761	4137891.417
298510.2061	4137891.455
298510.1268	4137891.476
298510.0742	4137891.496
298509.986	4137891.516
298509.9072	4137891.556
298509.8368	4137891.575
298509.7669	4137891.614
298509.6876	4137891.634
298509.6172	4137891.655
298509.5468	4137891.675
298509.4679	4137891.714
298509.3976	4137891.734
298509.3271	4137891.754
298509.2483	4137891.794
298509.1779	4137891.813
298509.0282	4137891.854
298508.9583	4137891.893
298508.8879	4137891.913
298508.8086	4137891.933
298508.6767	4137891.974
298508.5358	4137892.014
298508.4566	4137892.035
298508.3866	4137892.073
298508.3162	4137892.094
298508.2374	4137892.132
298508.167	4137892.153
298508.0966	4137892.172
298508.0173	4137892.193
298507.9646	4137892.213
298507.8853	4137892.233
298507.8149	4137892.253
298507.7445	4137892.274
298507.5953	4137892.333
298507.4456	4137892.373
298507.3934	4137892.411
298507.2614	4137892.452
298507.1822	4137892.472
298507.1118	4137892.492
298507.0418	4137892.531
298506.9802	4137892.551
298506.9099	4137892.572
298506.831	4137892.61
298506.7606	4137892.631
298506.6986	4137892.632
298506.6464	4137892.67
298506.5671	4137892.691
298506.5144	4137892.71
298506.4352	4137892.731
298506.3648	4137892.751
298506.2328	4137892.791
298506.1008	4137892.831
298506.0393	4137892.851
298505.9069	4137892.873
298505.8542	4137892.892
298505.7926	4137892.913
298505.7222	4137892.933
298505.6429	4137892.953
298505.5903	4137892.973
298505.4579	4137892.995
298505.3254	4137893.016
298505.2639	4137893.037
298505.2024	4137893.057
298505.1319	4137893.076
298505.0615	4137893.097
298504.9384	4137893.137
298504.806	4137893.159
298504.7356	4137893.179
298504.6214	4137893.219
298504.5421	4137893.239
298504.4894	4137893.258
298504.3575	4137893.299
298504.2959	4137893.319
298504.2255	4137893.339
298504.102	4137893.361
298503.9877	4137893.4
298503.873	4137893.422
298503.7499	4137893.462
298503.6352	4137893.483
298503.5205	4137893.504
298503.3965	4137893.507
298503.2646	4137893.548
298503.2115	4137893.549
298503.1056	4137893.569
298502.99	4137893.554
298502.8665	4137893.575
298502.7691	4137893.577
298502.7071	4137893.579
298502.6451	4137893.58
298502.5299	4137893.583
298502.4856	4137893.584
298502.4237	4137893.586
298502.3705	4137893.587
298502.2461	4137893.572
298502.131	4137893.575
298502.0154	4137893.559
298501.8914	4137893.562
298501.8382	4137893.563
298501.7758	4137893.546
298501.6429	4137893.549
298501.5809	4137893.551
298501.4658	4137893.553
298501.3502	4137893.538
298501.2882	4137893.54
298501.2169	4137893.523
298501.0929	4137893.526
298501.0398	4137893.527
298500.9153	4137893.511
298500.8445	4137893.513
298500.7289	4137893.498
298500.6669	4137893.499
298500.5341	4137893.503
298500.4716	4137893.485
298500.3388	4137893.488
298500.2852	4137893.471
298500.2232	4137893.472
298500.1523	4137893.474
298500.0279	4137893.459
298499.9743	4137893.442
298499.8499	4137893.426
298499.7967	4137893.427
298499.6723	4137893.412
298499.6187	4137893.395
298499.574	4137893.377
298499.45	4137893.38
298499.3344	4137893.365
298499.272	4137893.348
298499.2272	4137893.33
298499.1737	4137893.313
298499.1117	4137893.315
298499.0492	4137893.297
298498.9336	4137893.281
298498.8265	4137893.247
298498.7286	4137893.231
298498.6037	4137893.197
298498.5054	4137893.163
298498.381	4137893.147
298498.2649	4137893.113
298498.1493	4137893.097
298498.0869	4137893.08
298497.9802	4137893.065
298497.8641	4137893.03
298497.7481	4137892.996
298497.6414	4137892.979
298497.5254	4137892.946
298497.4182	4137892.912
298497.3026	4137892.895
298497.1954	4137892.861
298497.0883	4137892.826
298497.0435	4137892.81
298496.9452	4137892.774
298496.8823	4137892.739
298496.7747	4137892.686
298496.6764	4137892.652
298496.6317	4137892.634
298496.5688	4137892.599
298496.4612	4137892.546
298496.4076	4137892.528
298496.3177	4137892.475
298496.2552	4137892.458
298496.1923	4137892.423
298496.1476	4137892.405
298496.0936	4137892.369
298496.0488	4137892.352
298495.986	4137892.317
298495.9412	4137892.299
298495.8332	4137892.228
298495.7791	4137892.192
298495.6715	4137892.139
298495.5639	4137892.086
298495.4651	4137892.033
298495.3398	4137891.98
298495.2233	4137891.927
298495.1777	4137891.873
298495.0612	4137891.82
298494.9275	4137891.787
298494.8017	4137891.716
298494.6857	4137891.682
298494.5688	4137891.61
298494.4346	4137891.558
298494.3265	4137891.487
298494.2101	4137891.434
298494.1294	4137891.399
298494.0754	4137891.363
298493.9501	4137891.311
298493.8332	4137891.239
298493.7163	4137891.169
298493.5905	4137891.097
298493.4917	4137891.044
298493.3659	4137890.973
298493.2672	4137890.92
298493.1595	4137890.867
298493.1144	4137890.831
298493.0692	4137890.796
298492.9611	4137890.724
298492.8708	4137890.652
298492.7716	4137890.581
298492.6635	4137890.509
298492.5732	4137890.437
298492.4655	4137890.384
298492.3752	4137890.313
298492.276	4137890.241
298492.2308	4137890.205
298492.1856	4137890.169
298492.0776	4137890.098
298491.9872	4137890.026
298491.8973	4137889.973
298491.807	4137889.9
298491.7171	4137889.847
298491.6267	4137889.776
298491.5541	4137889.703
298491.4642	4137889.65
298491.3738	4137889.578
298491.2835	4137889.507
298491.2024	4137889.453
298491.1125	4137889.4
298491.0222	4137889.327
298490.95	4137889.274
298490.8773	4137889.201
298490.7959	4137889.13
298490.7237	4137889.076
298490.6515	4137889.022
298490.57	4137888.95
298490.4978	4137888.896
298490.4251	4137888.823
298490.3445	4137888.789
298490.2719	4137888.716
298490.1997	4137888.662
298490.1634	4137888.626
298490.0912	4137888.573
298490.0642	4137888.554
298490.0279	4137888.519
298490.0008	4137888.501
298489.9286	4137888.447
298489.8653	4137888.393
298489.7931	4137888.339
298489.7298	4137888.285
298489.6665	4137888.231
298489.612	4137888.177
298489.5309	4137888.123
298489.4769	4137888.088
298489.4583	4137888.052
298489.4308	4137888.015
298489.3679	4137887.979
298489.3223	4137887.925
298489.259	4137887.871
298489.2045	4137887.817
298489.1593	4137887.781
298489.1137	4137887.727
298489.0681	4137887.673
298489.0229	4137887.636
298488.9866	4137887.6
298488.9596	4137887.582
298488.8962	4137887.528
298488.8506	4137887.473
298488.8055	4137887.438
298488.751	4137887.384
298488.6872	4137887.311
298488.6155	4137887.276
298488.5698	4137887.222
298488.506	4137887.149
298488.4786	4137887.113
298488.4427	4137887.095
298488.3882	4137887.041
298488.3068	4137886.969
298488.2523	4137886.915
298488.1708	4137886.843
298488.1163	4137886.788
298488.0348	4137886.716
298487.9799	4137886.644
298487.8984	4137886.572
298487.8714	4137886.553
298487.8439	4137886.517
298487.7535	4137886.445
298487.6893	4137886.355
298487.6167	4137886.282
298487.5352	4137886.211
298487.4448	4137886.138
298487.3899	4137886.065
298487.2996	4137885.994
298487.2181	4137885.922
298487.1902	4137885.867
298487.145	4137885.831
298487.0538	4137885.723
298486.9634	4137885.65
298486.8903	4137885.56
298486.7818	4137885.469
298486.7092	4137885.398
298486.6184	4137885.307
298486.5276	4137885.217
298486.4461	4137885.144
298486.3464	4137885.055
298486.2556	4137884.965
298486.1741	4137884.892
298486.1011	4137884.802
298486.028	4137884.71
298485.9376	4137884.639
298485.8557	4137884.548
298485.8101	4137884.494
298485.737	4137884.403
298485.6732	4137884.33
298485.6276	4137884.276
298485.5545	4137884.185
298485.4641	4137884.113
298485.3915	4137884.042
298485.3091	4137883.933
298485.2365	4137883.86
298485.1634	4137883.77
298485.0814	4137883.678
298485.0088	4137883.607
298484.945	4137883.534
298484.872	4137883.444
298484.7989	4137883.352
298484.7169	4137883.262
298484.662	4137883.189
298484.5801	4137883.099
298484.507	4137883.008
298484.4432	4137882.935
298484.3706	4137882.863
298484.3249	4137882.808
298484.2519	4137882.718
298484.1876	4137882.627
298484.115	4137882.555
298484.0508	4137882.464
298483.9777	4137882.373
298483.8957	4137882.283
298483.8501	4137882.228
298483.7771	4137882.138
298483.7314	4137882.083
298483.6862	4137882.047
298483.6406	4137881.992
298483.6127	4137881.937
298483.5671	4137881.883
298483.4581	4137881.775
298483.3669	4137881.666
298483.3213	4137881.611
298483.23	4137881.502
298483.1667	4137881.449
298483.0754	4137881.34
298482.9842	4137881.231
298482.893	4137881.122
298482.8017	4137881.013
298482.7472	4137880.959
298482.7012	4137880.887
298482.6556	4137880.832
298482.6099	4137880.778
298482.5187	4137880.669
298482.4726	4137880.596
298482.4275	4137880.56
298482.3358	4137880.433
298482.2901	4137880.378
298482.1989	4137880.269
298482.1533	4137880.215
298482.062	4137880.106
298482.0164	4137880.052
298481.9703	4137879.978
298481.9252	4137879.943
298481.8339	4137879.834
298481.7883	4137879.78
298481.7515	4137879.725
298481.6603	4137879.616
298481.5695	4137879.526
298481.496	4137879.417
298481.4225	4137879.308
298481.3768	4137879.253
298481.2944	4137879.144
298481.2493	4137879.108
298481.2036	4137879.053
298481.158	4137878.999
298481.1301	4137878.944
298481.0393	4137878.854
298481.0114	4137878.799
298480.929	4137878.69
298480.8834	4137878.636
298480.8103	4137878.545
298480.7457	4137878.436
298480.6912	4137878.382
298480.6092	4137878.29
298480.5813	4137878.236
298480.5539	4137878.2
298480.5082	4137878.145
298480.4719	4137878.109
298480.444	4137878.055
298480.3979	4137877.981
298480.3337	4137877.891
298480.3058	4137877.836
298480.2779	4137877.781
298480.2141	4137877.708
298480.1406	4137877.599
298480.0764	4137877.508
298480.0033	4137877.417
298479.9842	4137877.362
298479.9568	4137877.326
298479.9205	4137877.29
298479.8651	4137877.198
298479.8008	4137877.107
298479.7366	4137877.017
298479.6631	4137876.908
298479.6356	4137876.87
298479.5714	4137876.78
298479.5067	4137876.67
298479.4332	4137876.561
298479.4053	4137876.506
298479.3601	4137876.471
298479.3234	4137876.416
298479.2321	4137876.307
298479.2042	4137876.252
298479.1586	4137876.198
298479.0855	4137876.107
298479.0487	4137876.052
298478.9929	4137875.942
298478.9477	4137875.907
298478.8654	4137875.798
298478.8374	4137875.743
298478.7644	4137875.652
298478.7276	4137875.598
298478.682	4137875.543
298478.6545	4137875.506
298478.5628	4137875.38
298478.4893	4137875.27
298478.3981	4137875.162
298478.3334	4137875.052
298478.2421	4137874.943
298478.1686	4137874.834
298478.0592	4137874.707
298477.968	4137874.598
298477.8944	4137874.489
298477.812	4137874.38
298477.7203	4137874.252
298477.6296	4137874.162
298477.6017	4137874.107
298477.5281	4137873.998
298477.4369	4137873.889
298477.4001	4137873.835
298477.327	4137873.744
298477.2814	4137873.69
298477.2079	4137873.58
298477.1716	4137873.544
298477.098	4137873.434
298477.0254	4137873.363
298476.9607	4137873.253
298476.8699	4137873.162
298476.8057	4137873.072
298476.7326	4137872.981
298476.7051	4137872.944
298476.6409	4137872.854
298476.5958	4137872.818
298476.5679	4137872.763
298476.5497	4137872.745
298476.4762	4137872.635
298476.4124	4137872.563
298476.3486	4137872.491
298476.2932	4137872.399
298476.2294	4137872.327
298476.1657	4137872.254
298476.1378	4137872.2
298476.074	4137872.127
298476.0191	4137872.055
298475.9739	4137872.018
298475.9553	4137871.982
298475.8915	4137871.909
298475.837	4137871.855
298475.7905	4137871.764
298475.7272	4137871.71
298475.7086	4137871.674
298475.6629	4137871.619
298475.6085	4137871.565
298475.5624	4137871.492
298475.5442	4137871.473
298475.5168	4137871.437
298475.4711	4137871.383
298475.4255	4137871.328
298475.3799	4137871.274
298475.3343	4137871.22
298475.2887	4137871.165
298475.243	4137871.111
298475.2067	4137871.075
298475.1792	4137871.038
298475.1611	4137871.021
298475.1513	4137870.983
298475.1332	4137870.966
298475.0876	4137870.911
298475.0424	4137870.875
298475.0149	4137870.839
298474.9963	4137870.803
298474.9689	4137870.765
298474.9237	4137870.73
298474.8874	4137870.694
298474.8599	4137870.657
298474.8324	4137870.621
298474.8143	4137870.603
298474.7868	4137870.567
298474.7505	4137870.531
298474.7235	4137870.513
298474.7049	4137870.477
298474.6956	4137870.458
298474.6593	4137870.422
298474.65	4137870.403
298474.6318	4137870.385
298474.6136	4137870.368
298474.6132	4137870.349
298474.5862	4137870.331
298474.5857	4137870.313
298474.5676	4137870.294
298474.5583	4137870.276
298474.5405	4137870.276
298474.5401	4137870.258
298474.5219	4137870.24
298474.5219	4137870.24
298474.5126	4137870.221
298474.5126	4137870.221
298474.5126	4137870.221
298474.5122	4137870.204
298474.5122	4137870.204
298474.5122	4137870.204
298474.5122	4137870.204
298474.5122	4137870.204
298474.5122	4137870.204
298474.5122	4137870.204
298474.5118	4137870.185
298474.494	4137870.185
298474.5118	4137870.185
298474.5118	4137870.185
298474.494	4137870.185
298474.494	4137870.185
298474.494	4137870.185
298474.494	4137870.185
298474.4759	4137870.167
298474.494	4137870.185
298474.494	4137870.185
298474.4936	4137870.166
298474.4936	4137870.166
298474.4936	4137870.166
298474.4936	4137870.166
298474.4759	4137870.167
298474.4936	4137870.166
298474.4759	4137870.167
298474.4759	4137870.167
298474.4759	4137870.167
298474.4754	4137870.149
298474.4754	4137870.149
298474.4754	4137870.149
298474.4754	4137870.149
298474.4754	4137870.149
298474.4754	4137870.149
298474.4754	4137870.149
298474.4754	4137870.149
298474.475	4137870.13
298474.475	4137870.13
298474.475	4137870.13
298474.475	4137870.13
298474.475	4137870.13
298474.475	4137870.13
298474.475	4137870.13
298474.475	4137870.13
298474.475	4137870.13
298474.475	4137870.13
298474.475	4137870.13
298474.475	4137870.13
298474.475	4137870.13
298474.475	4137870.13
298474.475	4137870.13
