298529.888	4137870.154	200
298530.679	4137869.543	200
298531.47	4137868.931	200
298532.2606	4137868.318	200
298533.0496	4137867.704	200
298533.8386	4137867.09	200
298534.6275	4137866.475	200
298535.4165	4137865.861	200
298536.2054	4137865.246	200
298536.9921	4137864.629	200
298537.7774	4137864.01	200
298538.5626	4137863.39	200
298539.3478	4137862.771	200
298540.133	4137862.152	200
298540.9179	4137861.532	200
298541.7	4137860.909	200
298542.4822	4137860.286	200
298543.2643	4137859.663	200
298544.0465	4137859.04	200
298544.8286	4137858.417	200
298545.6137	4137857.797	200
298546.3996	4137857.179	200
298547.1855	4137856.561	200
298547.9714	4137855.942	200
298548.7573	4137855.324	200
298549.5428	4137854.705	200
298550.3282	4137854.086	200
298551.1135	4137853.467	190
298551.8988	4137852.848	180
298552.6842	4137852.229	170
298553.4594	4137851.597	160
298554.2345	4137850.965	150
298555.0096	4137850.334	150
298555.7847	4137849.702	150
298556.4931	4137848.997	150
298557.1938	4137848.283	150
298557.8945	4137847.57	150
298558.5504	4137846.822	150
298559.0577	4137845.96	150
298559.5649	4137845.098	150
298560.0721	4137844.237	150
298560.3095	4137843.269	150
298560.5249	4137842.292	150
298560.7404	4137841.316	150
298560.6656	4137840.324	150
298560.5529	4137839.33	150
298560.4403	4137838.337	150
298560.0325	4137837.424	150
298559.6209	4137836.513	150
298559.2092	4137835.602	150
298558.6252	4137834.791	150
298558.0345	4137833.984	150
298557.4438	4137833.177	160
298556.828	4137832.39	170
298556.1714	4137831.636	180
298555.5148	4137830.882	190
298554.8582	4137830.128	200
298554.1969	4137829.378	200
298553.5237	4137828.638	200
298552.8505	4137827.899	200
298552.1773	4137827.159	200
298551.5041	4137826.42	200
298550.8323	4137825.679	200
298550.1612	4137824.938	200
298549.4901	4137824.196	200
298548.8189	4137823.455	200
298548.1478	4137822.714	200
298547.4762	4137821.973	200
298546.8043	4137821.232	200
298546.1324	4137820.491	200
298545.4605	4137819.751	200
298544.7886	4137819.01	200
298544.1167	4137818.269	200
298543.4448	4137817.529	200
298542.7728	4137816.788	200
298542.1008	4137816.048	200
298541.4288	4137815.307	200
298540.7568	4137814.567	200
298540.0848	4137813.826	200
298539.4116	4137813.087	200
298538.7384	4137812.347	200
298538.0653	4137811.608	200
298537.3921	4137810.868	200
298536.7189	4137810.129	200
298536.0458	4137809.389	200
298535.3797	4137808.643	200
298534.7155	4137807.896	200
298534.0513	4137807.148	200
298533.3871	4137806.401	200
298532.7229	4137805.653	200
298532.0587	4137804.905	200
298531.4006	4137804.153	200
298530.7581	4137803.386	200
298530.1156	4137802.62	200
298529.4732	4137801.854	200
298528.8307	4137801.087	200
298528.1882	4137800.321	200
298527.5457	4137799.555	200
298526.9153	4137798.779	200
298526.2954	4137797.994	200
298525.6754	4137797.209	200
298525.0554	4137796.425	200
298524.4355	4137795.64	200
298523.8155	4137794.856	200
298523.1956	4137794.071	200
298522.5801	4137793.283	200
298521.9673	4137792.492	200
298521.3545	4137791.702	200
298520.7418	4137790.912	200
298520.129	4137790.122	200
298519.5162	4137789.331	200
298518.9035	4137788.541	200
298518.2913	4137787.75	200
298517.6797	4137786.959	200
298517.0681	4137786.168	200
298516.4565	4137785.377	200
298515.8449	4137784.586	200
298515.2333	4137783.795	200
298514.6217	4137783.003	200
298514.0091	4137782.213	200
298513.3949	4137781.424	200
298512.7807	4137780.635	200
298512.1666	4137779.846	200
298511.5524	4137779.056	200
298510.9382	4137778.267	200
298510.324	4137777.478	200
298509.7081	4137776.69	200
298509.0887	4137775.905	200
298508.4693	4137775.12	200
298507.8499	4137774.335	200
298507.2305	4137773.55	200
298506.6111	4137772.765	200
298505.9917	4137771.98	200
298505.3715	4137771.195	200
298504.7501	4137770.412	200
298504.1286	4137769.628	200
298503.5071	4137768.845	200
298502.8856	4137768.062	200
298502.2642	4137767.278	200
298501.6427	4137766.495	200
298501.0218	4137765.711	200
298500.4017	4137764.926	200
298499.7816	4137764.142	200
298499.1615	4137763.357	200
298498.5414	4137762.573	200
298497.9213	4137761.788	200
298497.3012	4137761.004	200
298496.6825	4137760.218	200
298496.0643	4137759.432	200
298495.4461	4137758.646	200
298494.8279	4137757.86	200
298494.2097	4137757.074	200
298493.5915	4137756.288	200
298492.9748	4137755.501	200
298492.3613	4137754.711	200
298491.7477	4137753.921	200
298491.1342	4137753.132	200
298490.5207	4137752.342	200
298489.9071	4137751.552	200
298489.2933	4137750.763	200
298488.6784	4137749.974	200
298488.0634	4137749.186	200
298487.4484	4137748.397	200
298486.8334	4137747.609	200
298486.2184	4137746.82	200
298485.6008	4137746.034	190
298484.977	4137745.252	180
298484.3533	4137744.471	170
298483.7295	4137743.689	160
298483.1058	4137742.907	150
298482.482	4137742.126	150
298481.8343	4137741.364	150
298481.183	4137740.605	150
298480.5317	4137739.846	150
298479.8804	4137739.087	150
298479.2215	4137738.336	150
298478.4774	4137737.668	150
298477.7334	4137737	150
298476.9893	4137736.332	150
298476.2386	4137735.673	150
298475.3669	4137735.183	150
298474.4951	4137734.693	150
298473.6234	4137734.203	150
298472.7106	4137733.813	150
298471.7468	4137733.546	150
298470.7829	4137733.28	150
298469.8191	4137733.013	150
298468.8221	4137732.978	150
298467.8222	4137732.962	150
298466.8223	4137732.947	150
298465.8413	4137733.082	150
298464.8756	4137733.342	150
298463.9099	4137733.602	150
298462.9787	4137733.949	150
298462.0985	4137734.423	150
298461.2183	4137734.898	150
298460.3531	4137735.397	150
298459.5244	4137735.957	150
298458.6957	4137736.516	150
298457.8693	4137737.079	150
298457.0675	4137737.677	150
298456.2658	4137738.275	150
298455.4641	4137738.872	150
298454.6765	4137739.488	150
298453.8912	4137740.108	150
298453.1059	4137740.727	150
298452.3457	4137741.376	150
298451.5986	4137742.041	150
298450.8515	4137742.705	150
298450.1439	4137743.409	150
298449.4818	4137744.159	150
298448.8197	4137744.908	150
298448.2017	4137745.69	150
298447.6941	4137746.551	150
298447.1864	4137747.413	150
298446.6988	4137748.283	150
298446.4326	4137749.247	150
298446.1664	4137750.211	150
298445.9003	4137751.175	150
298445.9383	4137752.17	150
298445.9996	4137753.168	150
298446.0608	4137754.166	150
298446.3705	4137755.11	150
298446.7311	4137756.043	150
298447.0916	4137756.976	150
298447.5498	4137757.861	150
298448.0588	4137758.722	150
298448.5679	4137759.583	150
298449.0934	4137760.433	150
298449.657	4137761.259	150
298450.2207	4137762.085	160
298450.7844	4137762.911	170
298451.3456	4137763.739	180
298451.9052	4137764.567	190
298452.4647	4137765.396	200
298453.0243	4137766.225	200
298453.5658	4137767.065	200
298454.0848	4137767.92	200
298454.6038	4137768.775	200
298455.1228	4137769.63	200
298455.6419	4137770.484	200
298456.1244	4137771.36	200
298456.6056	4137772.237	200
298457.0868	4137773.113	200
298457.568	4137773.99	200
298458.0458	4137774.869	200
298458.514	4137775.752	200
298458.9822	4137776.636	200
298459.4504	4137777.519	200
298459.9186	4137778.403	200
298460.4025	4137779.278	200
298460.9006	4137780.145	200
298461.3987	4137781.012	200
298461.8968	4137781.879	200
298462.3948	4137782.746	200
298462.9361	4137783.587	200
298463.4888	4137784.42	200
298464.0415	4137785.254	200
298464.5942	4137786.087	200
298465.1525	4137786.917	200
298465.7432	4137787.723	200
298466.3339	4137788.53	200
298466.9245	4137789.337	200
298467.5152	4137790.144	200
298468.1196	4137790.941	200
298468.7268	4137791.735	200
298469.334	4137792.53	200
298469.9519	4137793.322	200
298470.5698	4137794.114	200
298471.1877	4137794.906	200
298471.8056	4137795.698	200
298472.4235	4137796.49	200
298473.0414	4137797.282	200
298473.6593	4137798.075	200
298474.2772	4137798.867	200
298474.8951	4137799.659	200
298475.513	4137800.451	200
298476.1309	4137801.243	200
298476.7488	4137802.035	200
298477.3667	4137802.827	200
298477.9846	4137803.619	200
298478.6025	4137804.411	200
298479.2204	4137805.203	200
298479.8383	4137805.995	200
298480.4562	4137806.787	200
298481.0741	4137807.58	200
298481.692	4137808.372	200
298482.3099	4137809.164	200
298482.9278	4137809.956	200
298483.5457	4137810.748	200
298484.1636	4137811.54	200
298484.7814	4137812.332	200
298485.3993	4137813.124	200
298486.0172	4137813.916	200
298486.6351	4137814.708	200
298487.253	4137815.5	200
298487.8709	4137816.292	200
298488.4888	4137817.085	200
298489.1067	4137817.877	200
298489.7246	4137818.669	200
298490.3425	4137819.461	200
298490.9604	4137820.253	200
298491.5783	4137821.045	200
298492.1962	4137821.837	200
298492.8141	4137822.629	200
298493.432	4137823.421	200
298494.0499	4137824.213	200
298494.6678	4137825.005	200
298495.2857	4137825.797	200
298495.9036	4137826.59	200
298496.5215	4137827.382	200
298497.1394	4137828.174	200
298497.7573	4137828.966	200
298498.3752	4137829.758	200
298498.9931	4137830.55	200
298499.611	4137831.342	200
298500.2289	4137832.134	200
298500.8468	4137832.926	200
298501.4647	4137833.718	200
298502.0826	4137834.51	200
298502.7005	4137835.302	200
298503.3184	4137836.094	200
298503.9363	4137836.887	200
298504.5542	4137837.679	200
298505.1721	4137838.471	200
298505.79	4137839.263	200
298506.4079	4137840.055	200
298507.0258	4137840.847	200
298507.6437	4137841.639	200
298508.2616	4137842.431	200
298508.8795	4137843.223	200
298509.4974	4137844.015	200
298510.1153	4137844.807	200
298510.7332	4137845.599	200
298511.3511	4137846.392	200
298511.969	4137847.184	200
298512.5869	4137847.976	200
298513.2048	4137848.768	200
298513.8227	4137849.56	200
298514.4406	4137850.352	200
298515.0584	4137851.144	200
298515.6763	4137851.936	200
298516.2942	4137852.728	200
298516.9121	4137853.52	200
298517.53	4137854.312	200
298518.1479	4137855.104	200
298518.7658	4137855.897	200
298519.3837	4137856.689	200
298520.0016	4137857.481	200
298520.6195	4137858.273	200
298521.2374	4137859.065	200
298521.8553	4137859.857	200
298522.4732	4137860.649	200
298523.0911	4137861.441	200
298523.709	4137862.233	200
298524.3269	4137863.025	200
298524.9448	4137863.817	200
298525.5627	4137864.609	200
298526.2006	4137865.402	200
298526.7985	4137866.194	200
298527.4164	4137866.986	200
298528.0343	4137867.778	200
298528.6522	4137868.57	200
298529.2701	4137869.362	200