298519.4856	4137856.226
298519.2677	4137855.891
298518.9973	4137855.598
298518.7689	4137855.271
298518.5312	4137854.95
298518.264	4137854.655
298518.0463	4137854.32
298517.7761	4137854.027
298517.5466	4137853.7
298517.3111	4137853.378
298517.0427	4137853.084
298516.8247	4137852.749
298516.5547	4137852.456
298516.3243	4137852.13
298516.0878	4137851.808
298515.8178	4137851.515
298515.5985	4137851.181
298515.3266	4137850.89
298515.0946	4137850.565
298514.8595	4137850.242
298514.5882	4137849.951
298514.3688	4137849.616
298514.097	4137849.325
298513.8641	4137849.001
298513.6304	4137848.677
298513.3585	4137848.386
298513.1391	4137848.052
298512.8673	4137847.761
298512.6335	4137847.437
298512.4006	4137847.112
298512.1289	4137846.821
298511.9093	4137846.487
298511.6382	4137846.195
298511.4029	4137845.872
298511.1708	4137845.547
298510.8991	4137845.256
298510.6795	4137844.922
298510.4098	4137844.629
298510.1723	4137844.308
298509.941	4137843.982
298509.6693	4137843.691
298509.4496	4137843.357
298509.1811	4137843.063
298508.9416	4137842.744
298508.71	4137842.418
298508.4375	4137842.128
298508.2171	4137841.794
298507.9487	4137841.5
298507.707	4137841.182
298507.4763	4137840.856
298507.2037	4137840.566
298506.9832	4137840.233
298506.7162	4137839.937
298506.4724	4137839.621
298506.2425	4137839.295
298505.97	4137839.004
298505.7486	4137838.671
298505.4839	4137838.373
298505.238	4137838.06
298505.0096	4137837.732
298504.7377	4137837.441
298504.5154	4137837.109
298504.2539	4137836.808
298504.0066	4137836.496
298503.7791	4137836.167
298503.5078	4137835.876
298503.2852	4137835.544
298503.0257	4137835.242
298502.7768	4137834.931
298502.55	4137834.602
298502.2788	4137834.31
298502.0553	4137833.979
298501.7982	4137833.675
298501.5472	4137833.365
298501.3216	4137833.035
298501.0509	4137832.743
298500.8266	4137832.412
298500.5722	4137832.106
298500.3193	4137831.798
298500.0944	4137831.468
298499.8238	4137831.176
298499.5987	4137830.846
298499.3463	4137830.537
298499.0915	4137830.232
298498.863	4137829.904
298498.5895	4137829.613
298498.3541	4137829.29
298498.1052	4137828.977
298497.8549	4137828.665
298497.6058	4137828.352
298497.3558	4137828.04
298497.1063	4137827.727
298496.8572	4137827.414
298496.6082	4137827.101
298496.3591	4137826.788
298496.1104	4137826.475
298495.8615	4137826.162
298495.6124	4137825.849
298495.3638	4137825.536
298495.1147	4137825.223
298494.866	4137824.91
298494.617	4137824.597
298494.368	4137824.284
298494.1194	4137823.97
298493.8703	4137823.657
298493.6216	4137823.344
298493.3726	4137823.031
298493.1235	4137822.718
298492.875	4137822.405
298492.6259	4137822.092
298492.3787	4137821.777
298492.1317	4137821.463
298491.8829	4137821.15
298491.6387	4137820.834
298491.3899	4137820.52
298491.1425	4137820.206
298490.8972	4137819.891
298490.6484	4137819.577
298490.4042	4137819.261
298490.1554	4137818.948
298489.9077	4137818.634
298489.6627	4137818.318
298489.4138	4137818.005
298489.1696	4137817.689
298488.9208	4137817.376
298488.673	4137817.062
298488.4281	4137816.746
298488.1793	4137816.433
298487.9354	4137816.116
298487.6866	4137815.803
298487.4394	4137815.489
298487.1967	4137815.172
298486.948	4137814.858
298486.7063	4137814.54
298486.4578	4137814.227
298486.2106	4137813.913
298485.9679	4137813.595
298485.7192	4137813.282
298485.4774	4137812.964
298485.2289	4137812.651
298484.9818	4137812.336
298484.7391	4137812.019
298484.4903	4137811.706
298484.2486	4137811.388
298484.0001	4137811.075
298483.7527	4137810.76
298483.5092	4137810.444
298483.2604	4137810.131
298483.0166	4137809.814
298482.7679	4137809.501
298482.5202	4137809.187
298482.2756	4137808.871
298482.0268	4137808.557
298481.783	4137808.241
298481.5343	4137807.928
298481.2866	4137807.614
298481.0421	4137807.298
298480.7932	4137806.984
298480.5494	4137806.668
298480.3008	4137806.355
298480.053	4137806.041
298479.8085	4137805.725
298479.5597	4137805.411
298479.3158	4137805.095
298479.0672	4137804.782
298478.8195	4137804.468
298478.5749	4137804.152
298478.3261	4137803.838
298478.0823	4137803.522
298477.8336	4137803.209
298477.5859	4137802.895
298477.3412	4137802.579
298477.0924	4137802.265
298476.8481	4137801.949
298476.5994	4137801.636
298476.3515	4137801.322
298476.1066	4137801.006
298475.8577	4137800.693
298475.6134	4137800.377
298475.3647	4137800.064
298475.1168	4137799.75
298474.8719	4137799.434
298474.623	4137799.121
298474.3787	4137798.805
298474.13	4137798.491
298473.8818	4137798.178
298473.6357	4137797.863
298473.3868	4137797.55
298473.1403	4137797.235
298472.8914	4137796.922
298472.6431	4137796.608
298472.3964	4137796.294
298472.1475	4137795.981
298471.9019	4137795.665
298471.6531	4137795.352
298471.4049	4137795.038
298471.1588	4137794.723
298470.9093	4137794.411
298470.6622	4137794.097
298470.4298	4137793.772
298470.1699	4137793.47
298469.9295	4137793.15
298469.6913	4137792.829
298469.4301	4137792.529
298469.1971	4137792.204
298468.9374	4137791.902
298468.6968	4137791.583
298468.4587	4137791.261
298468.1975	4137790.961
298467.9643	4137790.636
298467.7048	4137790.334
298467.464	4137790.015
298467.2262	4137789.693
298466.965	4137789.393
298466.7316	4137789.068
298466.4722	4137788.766
298466.2311	4137788.447
298465.9934	4137788.126
298465.7318	4137787.825
298465.4982	4137787.501
298465.2388	4137787.199
298464.9974	4137786.88
298464.76	4137786.558
298464.4984	4137786.258
298464.2645	4137785.934
298464.0053	4137785.632
298463.7637	4137785.313
298463.5265	4137784.991
298463.2649	4137784.691
298463.0308	4137784.367
298462.7726	4137784.064
298462.53	4137783.746
298462.293	4137783.424
298462.0314	4137783.124
298461.7971	4137782.8
298461.5401	4137782.496
298461.2963	4137782.179
298461.0595	4137781.857
298460.7979	4137781.557
298460.5634	4137781.233
298460.3076	4137780.928
298460.0626	4137780.612
298459.8261	4137780.29
298459.5645	4137779.99
298459.3297	4137779.666
298459.0751	4137779.36
298458.8289	4137779.045
298458.5926	4137778.723
298458.331	4137778.423
298458.0961	4137778.099
298457.8425	4137777.792
298457.5953	4137777.478
298457.3591	4137777.156
298457.0975	4137776.855
298456.8624	4137776.532
298456.61	4137776.224
298456.3616	4137775.911
298456.1257	4137775.588
298455.8641	4137775.288
298455.6287	4137774.965
298455.3775	4137774.655
298455.1279	4137774.344
298454.8922	4137774.021
298454.6299	4137773.722
298454.3942	4137773.399
298454.1441	4137773.088
298453.8918	4137772.779
298453.6563	4137772.456
298453.3936	4137772.157
298453.1574	4137771.834
298452.9085	4137771.523
298452.6551	4137771.215
298452.4198	4137770.892
298452.1571	4137770.593
298451.9207	4137770.27
298451.673	4137769.957
298451.4184	4137769.651
298451.1832	4137769.327
298450.9206	4137769.028
298450.6839	4137768.706
298450.4374	4137768.392
298450.1816	4137768.086
298449.9467	4137767.763
298449.6841	4137767.463
298449.4471	4137767.141
298449.2018	4137766.826
298448.9448	4137766.522
298448.7101	4137766.198
298448.4475	4137765.899
298448.2103	4137765.577
298447.9661	4137765.261
298447.708	4137764.958
298447.4735	4137764.634
298447.211	4137764.334
298446.9735	4137764.013
298446.7305	4137763.695
298446.4712	4137763.393
298446.2369	4137763.069
298445.9764	4137762.768
298445.7366	4137762.448
298445.5043	4137762.122
298445.272	4137761.797
298445.0397	4137761.471
