14112569.36	4472541.03
14112569.35	4472540.522
14112569.34	4472540.015
14112569.34	4472539.507
14112569.33	4472538.999
14112569.32	4472538.492
14112569.31	4472537.984
14112569.31	4472537.476
14112569.3	4472536.969
14112569.29	4472536.461
14112569.28	4472535.954
14112569.27	4472535.446
14112569.27	4472534.938
14112569.26	4472534.431
14112569.25	4472533.923
14112569.24	4472533.415
14112569.23	4472532.908
14112569.23	4472532.4
14112569.22	4472531.892
14112569.21	4472531.385
14112569.2	4472530.877
14112569.2	4472530.369
14112569.19	4472529.862
14112569.18	4472529.354
14112569.17	4472528.846
14112569.16	4472528.339
14112569.16	4472527.831
14112569.15	4472527.324
14112569.14	4472526.816
14112569.13	4472526.308
14112569.12	4472525.801
14112569.12	4472525.293
14112569.11	4472524.785
14112569.1	4472524.278
14112569.09	4472523.77
14112569.09	4472523.262
14112569.08	4472522.755
14112569.07	4472522.247
14112569.06	4472521.739
14112569.05	4472521.232
14112569.05	4472520.724
14112569.04	4472520.216
14112569.03	4472519.709
14112569.02	4472519.201
14112569.01	4472518.694
14112569.01	4472518.186
14112569	4472517.678
14112568.99	4472517.171
14112568.98	4472516.663
14112568.98	4472516.155
14112568.97	4472515.648
14112568.96	4472515.14
14112568.91	4472514.638
14112568.85	4472514.136
14112568.8	4472513.635
14112568.75	4472513.133
14112568.7	4472512.631
14112568.64	4472512.129
14112568.59	4472511.627
14112568.54	4472511.126
14112568.48	4472510.624
14112568.43	4472510.122
14112568.38	4472509.62
14112568.32	4472509.118
14112568.27	4472508.617
14112568.22	4472508.115
14112568.17	4472507.613
14112568.11	4472507.111
14112568.06	4472506.609
14112568.01	4472506.108
14112567.95	4472505.606
14112567.9	4472505.104
14112567.85	4472504.602
14112567.79	4472504.1
14112567.74	4472503.599
14112567.69	4472503.097
14112567.64	4472502.595
14112567.58	4472502.093
14112567.53	4472501.591
14112567.48	4472501.09
14112567.42	4472500.588
14112567.37	4472500.086
14112567.32	4472499.584
14112567.26	4472499.082
14112567.21	4472498.581
14112567.16	4472498.079
14112567.11	4472497.577
14112567.05	4472497.075
14112567	4472496.573
14112566.95	4472496.072
14112566.89	4472495.57
14112566.84	4472495.068
14112566.79	4472494.566
14112566.73	4472494.064
14112566.68	4472493.563
14112566.63	4472493.061
14112566.58	4472492.559
14112566.52	4472492.057
14112566.47	4472491.555
14112566.42	4472491.054
14112566.36	4472490.552
14112566.31	4472490.05
14112566.21	4472489.545
14112566.11	4472489.04
14112566.01	4472488.535
14112565.91	4472488.03
14112565.8	4472487.525
14112565.7	4472487.02
14112565.6	4472486.515
14112565.5	4472486.01
14112565.4	4472485.505
14112565.3	4472485
14112565.2	4472484.495
14112565.1	4472483.99
14112565	4472483.485
14112564.9	4472482.98
14112564.79	4472482.475
14112564.69	4472481.97
14112564.59	4472481.465
14112564.49	4472480.96
14112564.39	4472480.455
14112564.29	4472479.95
14112564.19	4472479.445
14112564.09	4472478.94
14112563.99	4472478.435
14112563.88	4472477.93
14112563.78	4472477.425
14112563.68	4472476.92
14112563.58	4472476.415
14112563.48	4472475.91
14112563.35	4472475.426
14112563.21	4472474.943
14112563.08	4472474.459
14112562.95	4472473.975
14112562.81	4472473.492
14112562.68	4472473.008
14112562.55	4472472.524
14112562.41	4472472.041
14112562.28	4472471.557
14112562.15	4472471.073
14112562.01	4472470.589
14112561.88	4472470.106
14112561.75	4472469.622
14112561.61	4472469.138
14112561.48	4472468.655
14112561.35	4472468.171
14112561.21	4472467.687
14112561.08	4472467.204
14112560.95	4472466.72
14112560.81	4472466.236
14112560.68	4472465.753
14112560.55	4472465.269
14112560.41	4472464.785
14112560.28	4472464.302
14112560.15	4472463.818
14112560.01	4472463.334
14112559.88	4472462.851
14112559.75	4472462.367
14112559.61	4472461.883
14112559.48	4472461.399
14112559.35	4472460.916
14112559.21	4472460.432
14112559.08	4472459.948
14112558.95	4472459.465
14112558.81	4472458.981
14112558.68	4472458.497
14112558.55	4472458.014
14112558.41	4472457.53
14112558.28	4472457.046
14112558.15	4472456.563
14112558.01	4472456.079
14112557.88	4472455.595
14112557.75	4472455.112
14112557.61	4472454.628
14112557.48	4472454.144
14112557.35	4472453.661
14112557.21	4472453.177
14112557.08	4472452.693
14112556.95	4472452.209
14112556.81	4472451.726
14112556.68	4472451.242
14112556.55	4472450.758
14112556.41	4472450.275
14112556.28	4472449.791
14112556.15	4472449.307
14112556.01	4472448.824
14112555.88	4472448.34
14112555.88	4472448.34
14112555.36	4472447.486
14112554.84	4472446.632
14112554.32	4472445.778
14112553.84	4472444.996
14112553.2	4472444.228
14112552.56	4472443.46
14112551.92	4472442.692
14112551.28	4472441.924
14112550.64	4472441.156
14112550	4472440.388
14112549.36	4472439.62
14112548.72	4472438.852
14112548.08	4472438.084
14112547.44	4472437.316
14112546.8	4472436.549
14112546.16	4472435.781
14112545.52	4472435.013
14112544.88	4472434.245
14112544.24	4472433.477
14112543.59	4472432.709
14112542.95	4472431.941
14112542.31	4472431.173
14112541.67	4472430.405
14112541.03	4472429.637
14112540.39	4472428.869
14112539.75	4472428.101
14112539.11	4472427.333
14112538.47	4472426.565
14112537.83	4472425.797
14112537.19	4472425.029
14112536.61	4472424.334
14112535.91	4472423.62
14112535.21	4472422.906
14112534.51	4472422.193
14112533.81	4472421.479
14112533.11	4472420.765
14112532.41	4472420.051
14112531.71	4472419.337
14112531.01	4472418.624
14112530.31	4472417.91
14112529.61	4472417.196
14112528.91	4472416.482
14112528.21	4472415.768
14112527.51	4472415.054
14112526.81	4472414.341
14112526.11	4472413.627
14112525.41	4472412.913
14112525.03	4472412.534
14112524.17	4472412.037
14112523.3	4472411.539
14112522.43	4472411.042
14112521.56	4472410.545
14112520.7	4472410.047
14112519.83	4472409.55
14112518.96	4472409.053
14112518.09	4472408.555
14112517.23	4472408.058
14112516.36	4472407.56
14112515.49	4472407.063
14112514.62	4472406.566
14112513.76	4472406.068
14112512.89	4472405.571
14112512.02	4472405.073
14112511.15	4472404.576
14112510.29	4472404.079
14112509.42	4472403.581
14112508.55	4472403.084
14112507.68	4472402.586
14112506.82	4472402.089
14112505.95	4472401.592
14112505.08	4472401.094
14112504.21	4472400.597
14112503.35	4472400.1
14112502.48	4472399.602
14112501.61	4472399.105
14112500.74	4472398.607
14112499.88	4472398.11
14112499.01	4472397.613
14112498.14	4472397.115
14112497.27	4472396.618
14112496.41	4472396.12
14112495.54	4472395.623
14112494.67	4472395.126
14112493.8	4472394.628
14112492.94	4472394.131
14112492.07	4472393.634
14112491.2	4472393.136
14112490.33	4472392.639
14112489.47	4472392.141
14112488.6	4472391.644
14112487.73	4472391.147
14112486.86	4472390.649
14112486	4472390.152
14112485.13	4472389.654
14112484.26	4472389.157
14112483.39	4472388.66
14112482.53	4472388.162
14112481.66	4472387.665
14112480.79	4472387.167
14112479.92	4472386.67
14112479.06	4472386.173
14112478.19	4472385.675
14112477.32	4472385.178
14112476.45	4472384.681
14112475.59	4472384.183
14112474.72	4472383.686
14112473.85	4472383.188
14112472.98	4472382.691
14112472.12	4472382.194
14112471.25	4472381.696
14112470.38	4472381.199
14112469.51	4472380.701
14112468.65	4472380.204
14112467.78	4472379.707
14112466.91	4472379.209
14112466.04	4472378.712
14112465.18	4472378.215
14112464.31	4472377.717
14112463.44	4472377.22
14112462.57	4472376.722
14112461.71	4472376.225
14112460.84	4472375.728
14112459.97	4472375.23
14112459.1	4472374.733
14112458.24	4472374.235
14112457.37	4472373.738
14112456.5	4472373.241
14112455.63	4472372.743
14112454.77	4472372.246
14112453.9	4472371.748
14112453.03	4472371.251
14112452.16	4472370.754
14112451.3	4472370.256
14112450.43	4472369.759
14112449.56	4472369.262
14112448.69	4472368.764
14112447.82	4472368.267
14112446.96	4472367.769
14112446.09	4472367.272
14112445.22	4472366.775
14112444.35	4472366.277
14112443.49	4472365.78
14112442.62	4472365.282
14112441.75	4472364.785
14112440.88	4472364.288
14112440.02	4472363.79
14112439.15	4472363.293
14112438.28	4472362.796
14112437.41	4472362.298
14112436.55	4472361.801
14112435.68	4472361.303
14112434.81	4472360.806
14112433.94	4472360.309
14112433.08	4472359.811
14112432.21	4472359.314
14112431.34	4472358.816
14112430.47	4472358.319
14112429.61	4472357.822
14112428.74	4472357.324
14112427.87	4472356.827
14112427	4472356.329
14112426.14	4472355.832
14112425.27	4472355.335
14112424.4	4472354.837
14112423.53	4472354.34
14112422.67	4472353.843
14112421.8	4472353.345
14112420.93	4472352.848
14112420.06	4472352.35
14112419.2	4472351.853
14112418.33	4472351.356
14112417.46	4472350.858
14112416.59	4472350.361
14112415.73	4472349.863
14112414.86	4472349.366
14112413.99	4472348.869
14112413.12	4472348.371
14112412.26	4472347.874
14112411.39	4472347.377
14112410.52	4472346.879
14112409.65	4472346.382
14112408.79	4472345.884
14112407.92	4472345.387
14112407.05	4472344.89
14112406.18	4472344.392
14112405.32	4472343.895
14112404.45	4472343.397
14112403.58	4472342.9
14112402.71	4472342.403
14112401.85	4472341.905
14112400.98	4472341.408
14112400.11	4472340.91
14112399.24	4472340.413
14112398.38	4472339.916
14112397.51	4472339.418
14112396.64	4472338.921
14112395.77	4472338.424
14112394.91	4472337.926
14112394.04	4472337.429
14112393.17	4472336.931
14112392.3	4472336.434
14112391.44	4472335.937
14112390.57	4472335.439
14112389.7	4472334.942
14112388.83	4472334.444
14112387.97	4472333.947
14112387.1	4472333.45
14112386.23	4472332.952
14112385.36	4472332.455
14112384.5	4472331.958
14112383.63	4472331.46
14112382.76	4472330.963
14112381.89	4472330.465
14112381.03	4472329.968
14112380.16	4472329.471
14112379.29	4472328.973
14112378.42	4472328.476
14112377.56	4472327.978
14112376.58	4472327.776
14112375.6	4472327.573
14112374.62	4472327.37
14112373.64	4472327.167
14112372.66	4472326.964
14112371.68	4472326.761
14112370.7	4472326.558
14112369.72	4472326.356
14112368.74	4472326.153
14112367.76	4472325.95
14112366.78	4472325.747
14112365.8	4472325.544
14112364.83	4472325.341
14112363.85	4472325.139
14112362.87	4472324.936
14112361.89	4472324.733
14112360.91	4472324.53
14112359.93	4472324.327
14112358.98	4472324.019
14112358.03	4472323.711
14112358.03	4472323.711
14112357.37	4472323.69
14112356.87	4472323.719
14112356.36	4472323.749
14112355.86	4472323.779
14112355.36	4472323.809
14112354.86	4472323.838
14112354.35	4472323.868
14112353.85	4472323.898
14112353.35	4472323.928
14112352.85	4472323.957
14112352.34	4472323.987
14112351.84	4472324.017
14112351.34	4472324.046
14112350.84	4472324.076
14112350.33	4472324.106
14112349.83	4472324.136
14112349.33	4472324.165
14112348.83	4472324.195
14112348.32	4472324.225
14112347.82	4472324.255
14112347.32	4472324.284
14112346.82	4472324.314
14112346.31	4472324.344
14112345.81	4472324.374
14112345.31	4472324.403
14112344.81	4472324.433
14112344.3	4472324.463
14112343.8	4472324.492
14112343.3	4472324.522
14112342.8	4472324.552
14112342.29	4472324.582
14112341.79	4472324.611
14112341.29	4472324.641
14112340.79	4472324.671
14112340.28	4472324.701
14112339.78	4472324.73
14112339.28	4472324.76
14112338.79	4472324.919
14112338.31	4472325.079
14112337.82	4472325.238
14112337.34	4472325.398
14112336.85	4472325.557
14112336.36	4472325.717
14112335.88	4472325.876
14112335.39	4472326.036
14112334.91	4472326.195
14112334.42	4472326.354
14112333.93	4472326.514
14112333.45	4472326.673
14112332.96	4472326.833
14112332.47	4472326.992
14112331.99	4472327.152
14112331.5	4472327.311
14112331.02	4472327.471
14112330.53	4472327.63
14112330.04	4472327.789
14112329.56	4472327.949
14112329.07	4472328.108
14112328.59	4472328.268
14112328.1	4472328.427
14112327.61	4472328.587
14112327.13	4472328.746
14112326.64	4472328.906
14112326.16	4472329.065
14112325.67	4472329.224
14112325.18	4472329.384
14112324.7	4472329.543
14112324.21	4472329.703
14112323.72	4472329.862
14112323.24	4472330.022
14112322.75	4472330.181
14112322.27	4472330.341
14112321.78	4472330.5
14112321.35	4472330.772
14112320.92	4472331.044
14112320.49	4472331.316
14112320.05	4472331.587
14112319.62	4472331.859
14112319.19	4472332.131
14112318.76	4472332.403
14112318.33	4472332.675
14112317.9	4472332.947
14112317.46	4472333.218
14112317.03	4472333.49
14112316.6	4472333.762
14112316.17	4472334.034
14112315.74	4472334.306
14112315.31	4472334.578
14112314.87	4472334.849
14112314.44	4472335.121
14112314.01	4472335.393
14112313.58	4472335.665
14112313.15	4472335.937
14112312.72	4472336.209
14112312.28	4472336.48
14112311.85	4472336.752
14112311.42	4472337.024
14112310.99	4472337.296
14112310.56	4472337.568
14112310.13	4472337.84
14112309.69	4472338.111
14112309.26	4472338.383
14112308.83	4472338.655
14112308.4	4472338.927
14112307.97	4472339.199
14112307.54	4472339.471
14112307.1	4472339.742
14112306.67	4472340.014
14112306.24	4472340.286
14112305.81	4472340.558
14112305.38	4472340.83
14112304.95	4472341.102
14112304.51	4472341.373
14112304.08	4472341.645
14112303.65	4472341.917
14112303.22	4472342.18
14112302.79	4472342.461
14112302.36	4472342.733
14112301.92	4472343.004
14112301.49	4472343.276
14112301.06	4472343.548
14112300.63	4472343.82
14112300.3	4472344.206
14112299.97	4472344.592
14112299.64	4472344.978
14112299.31	4472345.364
14112298.98	4472345.75
14112298.65	4472346.136
14112298.32	4472346.522
14112297.99	4472346.908
14112297.66	4472347.294
14112297.33	4472347.68
14112297	4472348.066
14112296.67	4472348.453
14112296.34	4472348.839
14112296.01	4472349.225
14112295.68	4472349.611
14112295.35	4472349.997
14112295.02	4472350.383
14112294.69	4472350.769
14112294.36	4472351.155
14112294.03	4472351.541
14112293.7	4472351.927
14112293.37	4472352.313
14112293.04	4472352.699
14112292.72	4472353.085
14112292.39	4472353.471
14112292.06	4472353.857
14112291.73	4472354.243
14112291.4	4472354.629
14112291.07	4472355.015
14112290.74	4472355.401
14112290.41	4472355.787
14112290.08	4472356.173
14112289.75	4472356.559
14112289.42	4472356.945
14112289.09	4472357.331
14112288.76	4472357.717
14112288.43	4472358.104
14112288.1	4472358.49
14112287.77	4472358.876
14112287.44	4472359.262
14112287.11	4472359.648
14112286.78	4472360.034
14112286.45	4472360.42
14112286.12	4472360.806
14112285.79	4472361.192
14112285.46	4472361.578
14112285.13	4472361.964
14112284.8	4472362.35
14112284.8	4472362.35
