298432.007	4137687.96	130
298431.6954	4137687.567	130
298431.3838	4137687.175	130
298431.0722	4137686.782	130
298430.7606	4137686.39	130
298430.449	4137685.997	130
298430.1374	4137685.604	130
298429.8258	4137685.212	130
298429.5142	4137684.819	130
298429.2026	4137684.427	130
298428.891	4137684.034	130
298428.5794	4137683.641	130
298428.2678	4137683.249	130
298427.9562	4137682.856	130
298427.6446	4137682.463	130
298427.333	4137682.071	130
298427.0214	4137681.678	130
298426.7098	4137681.286	130
298426.3982	4137680.893	130
298426.0866	4137680.5	130
298425.775	4137680.108	130
298425.4634	4137679.715	130
298425.1518	4137679.323	130
298424.8402	4137678.93	130
298424.5286	4137678.537	130
298424.217	4137678.145	130
298423.9054	4137677.752	130
298423.5938	4137677.36	130
298423.2822	4137676.967	130
298422.9706	4137676.574	130
298422.659	4137676.182	130
298422.3474	4137675.789	130
298422.0358	4137675.397	130
298421.7242	4137675.004	130
298421.4126	4137674.611	130
298421.101	4137674.219	130
298420.7893	4137673.826	130
298420.4777	4137673.433	130
298420.1661	4137673.041	130
298419.8545	4137672.648	130
298419.5429	4137672.256	130
298419.2313	4137671.863	130
298418.9197	4137671.47	130
298418.6081	4137671.078	130
298418.2965	4137670.685	130
298417.9849	4137670.293	130
298417.6733	4137669.9	130
298417.3617	4137669.507	130
298417.0501	4137669.115	130
298416.7385	4137668.722	130
298416.4269	4137668.33	130
298416.1153	4137667.937	130
298415.8037	4137667.544	130
298415.4921	4137667.152	130
298415.1805	4137666.759	130
298414.8689	4137666.367	130
298414.5573	4137665.974	130
298414.2457	4137665.581	130
298413.9341	4137665.189	130
298413.6225	4137664.796	130
298413.3109	4137664.403	130
298412.9993	4137664.011	130
298412.6877	4137663.618	130
298412.3761	4137663.226	130
298412.0645	4137662.833	130
298411.7529	4137662.44	130
298411.4413	4137662.048	130
298411.1297	4137661.655	130
298410.8181	4137661.263	130
298410.5065	4137660.87	130
298410.1949	4137660.477	130
298409.8833	4137660.085	130
298409.5717	4137659.692	130
298409.2601	4137659.3	130
298408.9485	4137658.907	130
298408.6369	4137658.514	130
298408.3253	4137658.122	130
298408.0137	4137657.729	130
298407.7021	4137657.337	130
298407.3905	4137656.944	130
298407.0789	4137656.551	130
298406.7673	4137656.159	130
298406.4557	4137655.766	130
298406.1441	4137655.374	130
298405.8325	4137654.981	130
298405.5209	4137654.588	130
298405.2093	4137654.196	130
298404.8977	4137653.803	130
298404.5861	4137653.41	130
298404.2745	4137653.018	130
298403.9629	4137652.625	130
298403.6513	4137652.233	130
298403.3397	4137651.84	130
298403.0281	4137651.447	130
298402.7165	4137651.055	130
298402.4049	4137650.662	130
298402.0933	4137650.27	130
298401.7817	4137649.877	130
298401.4701	4137649.484	130
298401.1585	4137649.092	130
298400.8469	4137648.699	130
298400.5353	4137648.307	130
298400.2237	4137647.914	130
298399.9121	4137647.521	130
298399.6005	4137647.129	130
298399.2889	4137646.736	130
298398.9773	4137646.344	130
298398.6657	4137645.951	130
298398.354	4137645.558	130
298398.0424	4137645.166	130
298397.7308	4137644.773	130
298397.4192	4137644.38	130
298397.1076	4137643.988	130
298396.796	4137643.595	130
298396.4844	4137643.203	130
298396.1728	4137642.81	130
298395.8612	4137642.417	130
298395.5496	4137642.025	130
298395.238	4137641.632	130
298394.9264	4137641.24	130
298394.6148	4137640.847	130
298394.3032	4137640.454	130
298393.9916	4137640.062	130
298393.68	4137639.669	130
298393.3684	4137639.277	130
298393.0568	4137638.884	130
298392.7452	4137638.491	130
298392.4336	4137638.099	130
298392.122	4137637.706	130
298391.8104	4137637.314	130
298391.4988	4137636.921	130
298391.1872	4137636.528	130
298390.8756	4137636.136	130
298390.564	4137635.743	130
298390.2524	4137635.35	130
298389.9408	4137634.958	130
298389.6292	4137634.565	130
298389.3176	4137634.173	130
298389.006	4137633.78	130
298388.6944	4137633.387	130
298388.3828	4137632.995	130
298388.0712	4137632.602	130
298387.7596	4137632.21	130
298387.448	4137631.817	130