298528.3334	4137874.752
298528.2878	4137874.698
298528.2417	4137874.626
298528.1868	4137874.553
298528.1407	4137874.479
298528.0769	4137874.408
298527.9671	4137874.262
298527.9117	4137874.171
298527.8298	4137874.081
298527.7563	4137873.971
298527.6832	4137873.88
298527.6003	4137873.753
298527.5091	4137873.644
298527.4174	4137873.517
298527.3164	4137873.371
298527.2066	4137873.225
298527.0874	4137873.062
298526.959	4137872.88
298526.8212	4137872.679
298526.6746	4137872.48
298526.5187	4137872.261
298526.3535	4137872.024
298526.1789	4137871.77
298525.9867	4137871.516
298525.7847	4137871.224
298525.4463	4137870.788
298525.2173	4137870.48
298524.979	4137870.152
298524.7319	4137869.825
298524.4577	4137869.48
298524.2012	4137869.134
298523.9089	4137868.771
298523.6166	4137868.409
298523.3322	4137868.008
298523.0394	4137867.627
298522.7192	4137867.209
298522.3994	4137866.809
298522.0792	4137866.392
298521.7408	4137865.956
298521.4112	4137865.52
298521.0551	4137865.084
298520.7079	4137864.648
298520.3606	4137864.213
298520.0222	4137863.777
298519.6749	4137863.341
298519.3095	4137862.887
298518.9534	4137862.451
298518.6057	4137861.997
298518.2403	4137861.544
298517.8749	4137861.089
298517.509	4137860.618
298517.1431	4137860.145
298516.7596	4137859.673
298516.3844	4137859.182
298515.9827	4137858.692
298515.5893	4137858.183
298515.1783	4137857.676
298514.785	4137857.167
298514.3558	4137856.641
298513.9443	4137856.114
298513.5063	4137855.588
298513.0766	4137855.043
298512.6377	4137854.48
298512.1903	4137853.935
298511.7514	4137853.373
298511.0662	4137852.519
298510.6095	4137851.957
298510.1524	4137851.375
298509.6776	4137850.795
298509.2112	4137850.196
298508.7364	4137849.615
298508.2522	4137849.016
298507.7593	4137848.418
298507.2747	4137847.8
298506.7724	4137847.182
298506.2701	4137846.566
298505.7674	4137845.93
298505.247	4137845.295
298504.7354	4137844.66
298504.2149	4137844.024
298503.694	4137843.371
298503.1643	4137842.717
298502.6345	4137842.064
298502.0955	4137841.393
298501.2916	4137840.394
298500.7437	4137839.722
298500.2135	4137839.051
298499.6656	4137838.379
298499.1173	4137837.69
298498.5693	4137837.018
298498.021	4137836.328
298497.4722	4137835.62
298496.9061	4137834.93
298496.3578	4137834.24
298495.7913	4137833.532
298495.2336	4137832.824
298494.6671	4137832.116
298494.1006	4137831.408
298493.5429	4137830.699
298492.976	4137829.973
298492.4006	4137829.265
298491.816	4137828.539
298491.2579	4137827.812
298490.6727	4137827.068
298490.0969	4137826.341
298489.503	4137825.597
298488.9271	4137824.871
298488.342	4137824.127
298487.748	4137823.381
298487.1718	4137822.637
298486.5778	4137821.893
298485.9838	4137821.148
298485.3899	4137820.404
298484.7959	4137819.66
298484.2015	4137818.897
298483.6075	4137818.152
298482.9954	4137817.39
298482.4014	4137816.646
298481.8074	4137815.902
298481.213	4137815.139
298480.619	4137814.394
298480.0246	4137813.631
298479.4213	4137812.868
298478.8274	4137812.124
298478.2152	4137811.362
298477.6208	4137810.599
298477.0087	4137809.836
298476.4147	4137809.092
298475.8114	4137808.33
298475.217	4137807.567
298474.6049	4137806.804
298473.9932	4137806.06
298473.3987	4137805.297
298472.7955	4137804.534
298472.201	4137803.771
298471.5889	4137803.009
298470.9949	4137802.265
298470.3828	4137801.503
298469.7888	4137800.759
298469.2126	4137800.013
298468.6186	4137799.269
298468.0428	4137798.542
298467.4488	4137797.798
298466.8641	4137797.072
298465.996	4137795.983
298465.4202	4137795.257
298464.8443	4137794.53
298464.2601	4137793.823
298463.702	4137793.096
298463.1173	4137792.37
298462.5415	4137791.644
298461.9661	4137790.936
298461.3992	4137790.209
298460.8238	4137789.501
298460.2391	4137788.776
298459.6633	4137788.049
298459.0879	4137787.341
298458.5033	4137786.615
298457.9452	4137785.889
298457.3609	4137785.181
298456.8033	4137784.473
298456.2368	4137783.765
298455.6702	4137783.057
298454.8389	4137782.022
298454.2728	4137781.332
298453.7244	4137780.642
298453.1765	4137779.971
298452.6282	4137779.281
298452.0979	4137778.609
298451.5593	4137777.956
298451.0292	4137777.284
298450.4994	4137776.631
298449.9608	4137775.978
298449.4488	4137775.324
298448.9456	4137774.67
298448.4428	4137774.034
298447.9485	4137773.38
298447.463	4137772.725
298446.9869	4137772.089
298446.5196	4137771.453
298446.0434	4137770.816
298445.585	4137770.18
298445.1442	4137769.543
298444.4656	4137768.597
298444.0426	4137767.96
298443.6284	4137767.322
298443.2236	4137766.703
298442.8275	4137766.083
298442.44	4137765.445
298442.0878	4137764.805
298441.7445	4137764.166
298441.4193	4137763.545
298441.1291	4137762.904
298440.8567	4137762.264
298440.6201	4137761.64
298440.4185	4137760.997
298440.2257	4137760.354
298440.06	4137759.729
298439.9292	4137759.084
298439.8078	4137758.458
298439.7302	4137757.812
298439.6707	4137757.185
298439.6219	4137756.26
298439.6248	4137755.649
298439.6544	4137755.038
298439.6928	4137754.426
298439.7671	4137753.833
298439.8769	4137753.238
298440.0047	4137752.661
298440.1596	4137752.102
298440.3322	4137751.543
298440.5319	4137751.002
298440.7492	4137750.459
298440.9763	4137749.954
298441.2295	4137749.431
298441.5013	4137748.942
298441.7643	4137748.455
298442.0636	4137748.004
298442.3806	4137747.552
298442.7064	4137747.1
298443.0504	4137746.667
298443.386	4137746.251
298443.7398	4137745.854
298444.1201	4137745.456
298444.4743	4137745.078
298444.8551	4137744.698
298445.2452	4137744.338
298445.6176	4137743.977
298446.0081	4137743.634
298446.3804	4137743.273
298446.771	4137742.931
298447.1526	4137742.588
298447.5436	4137742.265
298448.1081	4137741.788
298448.4991	4137741.465
298448.8724	4137741.141
298449.2461	4137740.836
298449.6375	4137740.53
298450.0028	4137740.244
298450.3765	4137739.939
298450.7418	4137739.653
298451.2811	4137739.232
298451.6287	4137738.947
298451.9767	4137738.679
298452.307	4137738.412
298452.6378	4137738.164
298452.9597	4137737.915
298453.2816	4137737.666
298453.5685	4137737.437
298453.8732	4137737.208
298454.1605	4137736.998
298454.4386	4137736.769
298454.7171	4137736.559
298454.9872	4137736.367
298455.2396	4137736.176
298455.4831	4137735.986
298455.7183	4137735.813
298455.9357	4137735.642
298456.1358	4137735.488
298456.3364	4137735.354
298456.5099	4137735.201
298456.6844	4137735.086
298456.85	4137734.971
298456.9802	4137734.857
298457.1108	4137734.762
