298477.4059	4137809.771
298477.4059	4137809.771
298477.4059	4137809.771
298477.4059	4137809.771
298477.4059	4137809.771
298477.4054	4137809.752
298477.3966	4137809.753
298477.3784	4137809.735
298477.3603	4137809.717
298477.351	4137809.698
298477.3324	4137809.662
298477.3142	4137809.644
298477.2867	4137809.608
298477.2593	4137809.572
298477.2229	4137809.535
298477.1773	4137809.48
298477.1317	4137809.426
298477.0857	4137809.354
298477.0307	4137809.281
298476.9669	4137809.208
298476.8939	4137809.117
298476.8119	4137809.027
298476.7384	4137808.918
298476.6471	4137808.809
298476.5377	4137808.682
298476.4368	4137808.537
298476.3092	4137808.391
298476.19	4137808.227
298476.0532	4137808.064
298475.8981	4137807.884
298475.7515	4137807.683
298475.5783	4137807.484
298475.3959	4137807.266
298475.2129	4137807.03
298475.03	4137806.794
298474.82	4137806.539
298474.6096	4137806.267
298474.3815	4137805.995
298474.153	4137805.705
298473.9063	4137805.396
298473.6507	4137805.088
298473.3858	4137804.761
298473.1116	4137804.416
298472.837	4137804.052
298472.5535	4137803.69
298472.2435	4137803.326
298471.9414	4137802.927
298471.6221	4137802.546
298471.2841	4137802.128
298470.955	4137801.711
298470.6166	4137801.275
298470.2516	4137800.84
298469.8862	4137800.385
298469.5203	4137799.913
298469.1368	4137799.442
298468.7616	4137798.951
298468.3598	4137798.461
298467.9488	4137797.953
298467.5377	4137797.444
298467.1174	4137796.918
298466.6878	4137796.373
298466.2492	4137795.829
298465.8019	4137795.284
298465.3448	4137794.704
298464.8881	4137794.141
298464.4217	4137793.541
298463.9287	4137792.942
298463.4446	4137792.344
298462.96	4137791.726
298462.4573	4137791.091
298461.955	4137790.473
298461.4523	4137789.838
298460.9314	4137789.184
298460.4109	4137788.55
298459.8812	4137787.896
298459.3598	4137787.224
298458.8301	4137786.57
298458.2999	4137785.898
298457.7608	4137785.227
298457.2129	4137784.555
298456.6827	4137783.883
298456.1348	4137783.212
298455.5869	4137782.541
298455.0567	4137781.868
298454.5177	4137781.197
298453.9879	4137780.544
298453.4577	4137779.872
298452.9191	4137779.219
298452.4071	4137778.565
298451.8866	4137777.93
298451.3569	4137777.277
298450.836	4137776.623
298450.3151	4137775.969
298449.8035	4137775.333
298449.2649	4137774.68
298448.7528	4137774.026
298448.2319	4137773.373
298447.7026	4137772.738
298447.1817	4137772.085
298446.679	4137771.449
298446.1762	4137770.813
298445.7005	4137770.196
298445.2155	4137769.559
298444.7305	4137768.924
298444.2548	4137768.306
298443.7963	4137767.67
298443.3383	4137767.051
298442.898	4137766.433
298442.4661	4137765.795
298442.052	4137765.158
298441.6644	4137764.52
298441.2945	4137763.881
298440.96	4137763.241
298440.6163	4137762.584
298440.3168	4137761.925
298440.035	4137761.265
298439.7887	4137760.605
298439.5601	4137759.944
298439.3669	4137759.283
298439.2175	4137758.601
298439.0863	4137757.938
298438.999	4137757.257
298438.9386	4137756.592
298438.8876	4137755.945
298438.8715	4137755.279
298438.8918	4137754.65
298438.9204	4137754.001
298438.9939	4137753.371
298439.0672	4137752.739
298439.1854	4137752.126
298439.3128	4137751.531
298439.4934	4137750.934
298439.6833	4137750.356
298439.8913	4137749.796
298440.1352	4137749.253
298440.388	4137748.711
298440.6682	4137748.204
298440.9661	4137747.697
298441.2823	4137747.209
298441.5904	4137746.757
298441.9517	4137746.305
298442.2957	4137745.87
298442.6667	4137745.455
298443.0466	4137745.038
298443.4181	4137744.64
298443.79	4137744.262
298444.1796	4137743.882
298444.5609	4137743.521
298444.9514	4137743.179
298445.3419	4137742.836
298445.7324	4137742.494
298446.123	4137742.151
298446.4962	4137741.827
298446.869	4137741.485
298447.2511	4137741.162
298447.6248	4137740.856
298447.9981	4137740.533
298448.363	4137740.228
298448.7367	4137739.923
298449.1192	4137739.618
298449.4757	4137739.332
298450.1881	4137738.74
298450.5534	4137738.454
298450.9098	4137738.168
298451.2574	4137737.882
298451.605	4137737.596
298451.9526	4137737.31
298452.2917	4137737.043
298452.6221	4137736.776
