298525.7736	4137877.152
298525.5639	4137877.45
298525.3543	4137877.747
298525.1	4137877.98
298524.8357	4137878.199
298524.5645	4137878.4
298524.3002	4137878.618
298524.036	4137878.837
298523.7647	4137879.038
298523.5005	4137879.257
298523.2292	4137879.458
298522.9649	4137879.677
298522.7007	4137879.895
298522.4294	4137880.096
298522.1652	4137880.315
298521.8939	4137880.516
298521.6297	4137880.735
298521.3655	4137880.953
298521.0942	4137881.154
298520.83	4137881.373
298520.559	4137881.575
298520.2948	4137881.793
298520.0306	4137882.012
298519.7601	4137882.215
298519.4959	4137882.434
298519.2255	4137882.637
298518.9613	4137882.856
298518.6971	4137883.075
298518.4267	4137883.278
298518.1625	4137883.496
298517.892	4137883.699
298517.6278	4137883.918
298517.3636	4137884.137
298517.0937	4137884.341
298516.8295	4137884.56
298516.5602	4137884.766
298516.296	4137884.985
298516.0318	4137885.204
298515.7625	4137885.409
298515.4983	4137885.628
298515.2291	4137885.834
298514.9649	4137886.053
298514.7007	4137886.272
298514.434	4137886.484
298514.1698	4137886.703
298513.9055	4137886.922
298513.6413	4137887.141
298513.3772	4137887.36
298513.1129	4137887.578
298512.8487	4137887.797
298512.5778	4137887.999
298512.3099	4137888.208
298512.0457	4137888.427
298511.7623	4137888.597
298511.4981	4137888.816
298511.2165	4137888.99
298510.9404	4137889.179
298510.6739	4137889.392
298510.3718	4137889.513
298510.1064	4137889.729
298509.8108	4137889.868
298509.5201	4137890.018
298509.2379	4137890.191
298508.9356	4137890.312
298508.6478	4137890.47
298508.3454	4137890.591
298508.043	4137890.711
298507.7385	4137890.817
298507.4361	4137890.938
298507.1288	4137891.024
298506.8265	4137891.145
298506.523	4137891.257
298506.2114	4137891.313
298505.909	4137891.434
298505.5957	4137891.477
298505.2891	4137891.567
298504.9828	4137891.66
298504.6659	4137891.678
298504.3635	4137891.798
298504.0465	4137891.815
298503.734	4137891.864
298503.4232	4137891.924
298503.1049	4137891.932
298502.795	4137891.999
298502.4768	4137892.006
298502.1585	4137892.014
298501.8417	4137892.031
298501.5235	4137892.038
298501.208	4137892.016
298500.8897	4137892.023
298500.5717	4137892.028
298500.2572	4137891.995
298499.939	4137892.002
298499.6285	4137891.925
298499.3127	4137891.906
298498.9974	4137891.88
298498.6881	4137891.79
298498.3699	4137891.796
298498.0612	4137891.699
298497.7489	4137891.64
298497.4367	4137891.58
298497.1288	4137891.475
298496.8148	4137891.434
298496.5069	4137891.329
298496.1982	4137891.231
298495.889	4137891.14
298495.5811	4137891.034
298495.2746	4137890.924
298494.9668	4137890.818
298494.6668	4137890.689
298494.3649	4137890.565
298494.057	4137890.459
298493.7747	4137890.277
298493.4669	4137890.171
298493.1739	4137890.02
298492.8909	4137889.84
298492.5833	4137889.734
298492.3088	4137889.528
298492.0099	4137889.395
298491.7244	4137889.222
298491.45	4137889.016
298491.1495	4137888.887
298490.8751	4137888.681
298490.6007	4137888.476
298490.3263	4137888.27
298490.052	4137888.064
298489.7957	4137887.829
298489.5214	4137887.623
298489.2778	4137887.368
298489.0465	4137887.094
298488.7808	4137886.874
298488.5593	4137886.585
298488.303	4137886.35
298488.062	4137886.091
298487.8315	4137885.815
298487.5703	4137885.587
298487.348	4137885.299
298487.0918	4137885.064
298486.856	4137884.796
298486.6255	4137884.52
298486.3656	4137884.29
298486.1428	4137884.002
298485.8887	4137883.763
298485.6587	4137883.487
298485.4298	4137883.208
298485.1747	4137882.971
298484.9518	4137882.683
298484.7015	4137882.438
298484.4699	4137882.164
298484.2451	4137881.879
298483.9917	4137881.639
298483.7686	4137881.351
298483.5204	4137881.103
298483.292	4137880.823
298483.0686	4137880.536
298482.815	4137880.296
298482.5919	4137880.009
298482.3451	4137879.758
298482.1124	4137879.486
298481.8892	4137879.198
298481.6329	4137878.962
298481.4097	4137878.675
298481.1652	4137878.421
298480.9326	4137878.148
298480.7093	4137877.86
298480.4608	4137877.612
298480.2375	4137877.325
298479.9962	4137877.066
298479.7657	4137876.79
298479.5424	4137876.502
298479.294	4137876.254
298479.0706	4137875.967
298478.8304	4137875.706
298478.6051	4137875.422
298478.3818	4137875.135
298478.14	4137874.876
298477.9168	4137874.589
298477.6713	4137874.336
298477.4456	4137874.052
298477.2224	4137873.765
298476.9741	4137873.517
298476.751	4137873.229
298476.5064	4137872.975
298476.2796	4137872.694
298476.0567	4137872.406
298475.8094	4137872.156
298475.5867	4137871.868
298475.3504	4137871.602
298475.1266	4137871.315
298474.9039	4137871.027
298474.6707	4137870.756
298474.4481	4137870.468
298474.2166	4137870.193
298473.9922	4137869.908
298473.7696	4137869.62
298473.5369	4137869.348
298473.3142	4137869.06
298473.0892	4137868.775
298472.8644	4137868.491
298472.6417	4137868.202
298472.4145	4137867.922
298472.1919	4137867.633
298471.9672	4137867.349
298471.742	4137867.064
298471.5194	4137866.776
298471.2922	4137866.495
298471.0695	4137866.207
298470.8451	4137865.922
298470.6201	4137865.638
298470.3974	4137865.35
298470.1704	4137865.068
298469.9477	4137864.78
298469.7228	4137864.496
298469.4974	4137864.212
298469.2748	4137863.924
298469.0471	4137863.644
298468.8245	4137863.356
298468.5998	4137863.071
298468.3742	4137862.787
298468.1515	4137862.499
298467.9239	4137862.219
298467.7012	4137861.931
298467.4769	4137861.645
298467.251	4137861.362
298467.0283	4137861.074
298466.8024	4137860.791
298466.5798	4137860.503
298466.3536	4137860.221
298466.1294	4137859.935
298465.9067	4137859.647
298465.679	4137859.367
298465.4564	4137859.079
298465.2305	4137858.796
298465.006	4137858.511
298464.7834	4137858.222
298464.5556	4137857.942
298464.333	4137857.654
298464.1074	4137857.371
298463.8826	4137857.086
298463.66	4137856.798
298463.4323	4137856.518
298463.2096	4137856.23
298462.9841	4137855.946
298462.7585	4137855.663
298462.5359	4137855.375
298462.3068	4137855.097
298462.0842	4137854.809
298461.8588	4137854.525
298461.6325	4137854.243
298461.4099	4137853.954
298461.1808	4137853.676
298460.9582	4137853.388
298460.7332	4137853.104
298460.5065	4137852.822
298460.2839	4137852.534
298460.0548	4137852.256
298459.8322	4137851.968
298459.6096	4137851.68
298459.3826	4137851.399
298459.16	4137851.111
298458.9331	4137850.829
298458.7105	4137850.541
298458.4879	4137850.253
298458.261	4137849.972
298458.0384	4137849.684
298457.8115	4137849.402
298457.5889	4137849.114
298457.3664	4137848.826
298457.1394	4137848.545
298456.9168	4137848.257
298456.6898	4137847.975
298456.4672	4137847.687
298456.2446	4137847.399
298456.0179	4137847.118
298455.7953	4137846.829
298455.5685	4137846.548
298455.3459	4137846.26
298455.1233	4137845.972
298454.8966	4137845.69
298454.674	4137845.402
298454.447	4137845.121
298454.2245	4137844.832
298454.0014	4137844.545
298453.7725	4137844.267
298453.5499	4137843.979
298453.3205	4137843.701
298453.0979	4137843.413
298452.8753	4137843.125
298452.6459	4137842.848
298452.4234	4137842.559
298452.1939	4137842.282
298451.9714	4137841.994
298451.7488	4137841.706
298451.521	4137841.426
298451.2985	4137841.138
298451.0726	4137840.855
298450.85	4137840.567
298450.6275	4137840.278
298450.4016	4137839.995
298450.1791	4137839.707
298449.9532	4137839.424
298449.7306	4137839.136
298449.5081	4137838.848
298449.2815	4137838.566
298449.059	4137838.278
298448.8299	4137838
298448.6073	4137837.712
298448.3848	4137837.424
298448.1557	4137837.146
298447.9332	4137836.858
298447.704	4137836.58
298447.4815	4137836.292
298447.259	4137836.003
298447.0298	4137835.726
298446.8073	4137835.437
298446.5799	4137835.157
298446.3574	4137834.869
298446.1349	4137834.58
298445.9086	4137834.298
298445.6861	4137834.01
298445.4594	4137833.728
298445.2369	4137833.44
298445.0144	4137833.152
298444.7877	4137832.87
298444.5652	4137832.582
298444.3385	4137832.3
298444.116	4137832.012
298443.8935	4137831.724
298443.6675	4137831.441
298443.4449	4137831.153
298443.2189	4137830.87
298442.9964	4137830.582
298442.7739	4137830.294
298442.548	4137830.011
298442.3255	4137829.722
298442.1048	4137829.432
298441.8823	4137829.144
298441.6597	4137828.856
298441.4434	4137828.562
298441.2208	4137828.274
298441.0039	4137827.98
298440.7814	4137827.692
298440.5589	4137827.404
298440.344	4137827.109
298440.1215	4137826.82
298439.9114	4137826.521
298439.6889	4137826.232
298439.4664	4137825.944
298439.2628	4137825.638
298439.0403	4137825.35
298438.8453	4137825.036
298438.6228	4137824.748
298438.4045	4137824.456
298438.2061	4137824.145
298437.9836	4137823.857
298437.7865	4137823.545
298437.564	4137823.257
298437.3414	4137822.968
298437.1444	4137822.657
298436.9219	4137822.368
298436.725	4137822.056
298436.5024	4137821.768
298436.281	4137821.479
298436.0872	4137821.164
298435.8646	4137820.876
298435.6735	4137820.558
298435.4509	4137820.27
298435.2283	4137819.982
298435.0362	4137819.666
298434.8136	4137819.378
298434.6204	4137819.062
298434.3988	4137818.773
298434.1763	4137818.485
298433.9823	4137818.17
298433.7598	4137817.882
298433.5621	4137817.571
298433.3396	4137817.282
298433.117	4137816.994
298432.9193	4137816.683
298432.6968	4137816.395
298432.4984	4137816.084
298432.2769	4137815.795
298432.0543	4137815.507
298431.857	4137815.195
298431.6345	4137814.907
298431.4351	4137814.597
298431.215	4137814.307
298430.9924	4137814.018
298430.7997	4137813.703
298430.5771	4137813.414
298430.3804	4137813.102
298430.1681	4137812.804
298429.9456	4137812.516
298429.7604	4137812.193
298429.5379	4137811.905
298429.3405	4137811.594
298429.1304	4137811.294
298428.9079	4137811.006
298428.7229	4137810.682
298428.5004	4137810.394
298428.286	4137810.098
298428.0723	4137809.802
298427.8499	4137809.514
298427.6188	4137809.239
298427.3964	4137808.95
298427.1646	4137808.677
298426.9335	4137808.402
298426.711	4137808.114
298426.481	4137807.837
298426.2585	4137807.549
298426.0357	4137807.261
298425.8132	4137806.973
298425.5907	4137806.685
298425.3602	4137806.409
298425.1378	4137806.121
298424.9129	4137805.836
298424.6886	4137805.551
298424.4661	4137805.262
298424.2373	4137804.984
298424.0147	4137804.696
298423.7902	4137804.411
298423.5605	4137804.134
298423.338	4137803.845
298423.1064	4137803.571
298422.8838	4137803.283
298422.6598	4137802.997
298422.4296	4137802.721
298422.2069	4137802.433
298421.9869	4137802.142
298421.7643	4137801.854
298421.5591	4137801.55
298421.3363	4137801.262
298421.1135	4137800.974
298420.9067	4137800.671
298420.6838	4137800.383
298420.4609	4137800.096
