298574.4739	4137851.472
298574.4916	4137851.472
298574.4916	4137851.472
298574.4916	4137851.472
298574.4916	4137851.472
298574.4916	4137851.472
298574.4916	4137851.472
298574.4916	4137851.472
298574.4916	4137851.472
298574.4916	4137851.472
298574.5102	4137851.508
298574.5829	4137851.581
298574.6746	4137851.707
298574.7933	4137851.853
298574.9669	4137852.071
298575.1587	4137852.306
298575.3877	4137852.616
298575.6526	4137852.943
298575.9356	4137853.287
298576.2735	4137853.705
298576.6115	4137854.122
298576.9406	4137854.539
298577.2165	4137854.959
298577.492	4137855.359
298577.7684	4137855.796
298578.0174	4137856.198
298578.354	4137856.559
298578.6552	4137856.923
298578.9564	4137857.285
298579.231	4137857.648
298579.5233	4137858.012
298579.8156	4137858.375
298580.0987	4137858.72
298580.3901	4137859.046
298580.7063	4137859.297
298580.98		4137859.624
298581.2277	4137859.97
298581.4655	4137860.278
298581.7127	4137860.605
298581.9426	4137860.952
298582.1893	4137861.26
298582.4178	4137861.551
298582.6552	4137861.84
298582.8842	4137862.15
298583.1127	4137862.44
298583.3324	4137862.731
298583.5606	4137863.003
298583.7709	4137863.276
298583.9813	4137863.548
298584.2094	4137863.82
298584.4291	4137864.111
298584.6386	4137864.346
298584.8486	4137864.601
298585.0678	4137864.873
298585.2516	4137865.146
298585.4611	4137865.381
298585.6445	4137865.637
298585.8451	4137865.872
298586.0369	4137866.108
298586.2203	4137866.362
298586.3762	4137866.58
298586.5592	4137866.817
298586.7421	4137867.053
298586.9241	4137867.252
298587.0893	4137867.489
298587.263	4137867.707
298587.4277	4137867.925
298587.5925	4137868.143
298587.7754	4137868.379
298587.9495	4137868.615
298588.1324	4137868.852
298588.3247	4137869.106
298588.5253	4137869.342
298588.7357	4137869.615
298588.9815	4137869.886
298589.2273	4137870.158
298589.482	4137870.429
298589.7283	4137870.719
298589.9829	4137870.99
298590.2115	4137871.281
298590.4391	4137871.534
298590.6672	4137871.806
298590.8511	4137872.079
298591.0345	4137872.335
298591.2183	4137872.608
298591.3835	4137872.844
298591.5664	4137873.08
298591.7405	4137873.317
298591.8871	4137873.517
298592.0425	4137873.716
298592.1976	4137873.898
298592.3172	4137874.08
298592.4722	4137874.261
298592.5913	4137874.425
298592.7101	4137874.571
298592.8376	4137874.715
298592.9386	4137874.86
298593.0475	4137874.969
298593.1388	4137875.078
298593.2305	4137875.205
298593.3035	4137875.296
298593.3678	4137875.387
298593.4316	4137875.459
298593.5232	4137875.587
298593.6145	4137875.696
298593.7066	4137875.841
298593.8249	4137875.968
298593.9617	4137876.131
298594.1168	4137876.313
298594.2811	4137876.512
298594.4459	4137876.73
298594.6283	4137876.948
298594.8015	4137877.147
298594.9481	4137877.348
298595.1297	4137877.528
298595.2847	4137877.709
298595.4398	4137877.891
298595.5859	4137878.072
298595.7139	4137878.235
298595.8335	4137878.418
298595.9527	4137878.582
298596.0453	4137878.746
298596.1737	4137878.928
298596.2742	4137879.055
298596.4014	4137879.181
298596.5023	4137879.327
298596.6122	4137879.473
298596.7229	4137879.654
298596.8602	4137879.836
298596.9976	4137880.019
298597.1623	4137880.237
298597.3266	4137880.436
298597.51		4137880.69
298597.7288	4137880.945
298597.9224	4137881.254
298598.1505	4137881.526
298598.3697	4137881.799
298598.5806	4137882.09
298598.7639	4137882.344
298598.9655	4137882.617
298599.1759	4137882.889
298599.3769	4137883.143
298599.5603	4137883.399
298599.7521	4137883.634
298599.9527	4137883.87
298600.1618	4137884.087
298600.3452	4137884.341
298600.5276	4137884.559
298600.7106	4137884.795
298600.8926	4137884.994
298601.0662	4137885.212
298601.2487	4137885.43
298601.3953	4137885.63
298601.5508	4137885.83
298601.596	4137885.865
298601.596	4137885.865
298601.596	4137885.865
298601.6141	4137885.884
298601.6137	4137885.865
298601.6137	4137885.865
298601.6137	4137885.865
298601.6137	4137885.865
298601.596	4137885.865
298601.5964	4137885.884
298601.596	4137885.865
298601.6137	4137885.865
