166021.4431793313	0.0	120
507504.6802671317	3881214.271484191	120
507504.6802671317	3881214.271484191	120
507504.6802671317	3881214.271484191	120
507504.6802671317	3881214.271484191	120
507504.6802671317	3881214.271484191	120
507504.6802671317	3881214.271484191	120
507504.6802671317	3881214.271484191	120
507504.6802671317	3881214.271484191	120
507504.68027628696	3881214.260394433	120
507504.68027628696	3881214.260394433	120
507504.68027628696	3881214.260394433	120
507504.68027628696	3881214.260394433	120
507504.68027628696	3881214.260394433	120
507504.68027628696	3881214.260394433	120
507504.68027628696	3881214.260394433	120
507504.68027628696	3881214.260394433	120
507504.68027628696	3881214.260394433	120
507504.68027628696	3881214.260394433	120
507504.68027628696	3881214.260394433	120
507504.68027628696	3881214.260394433	120
507504.68028544215	3881214.249304675	120
507504.68028544215	3881214.249304675	120
507504.68028544215	3881214.249304675	120
507504.68028544215	3881214.249304675	120
507504.68028544215	3881214.249304675	120
507504.68028544215	3881214.249304675	120
507504.68028544215	3881214.249304675	120
507504.68028544215	3881214.249304675	120
507504.68028544215	3881214.249304675	120
507504.68028544215	3881214.249304675	120
507504.68941158144	3881214.238222443	120
507504.68941158144	3881214.238222443	120
507504.68941158144	3881214.238222443	120
507504.68941158144	3881214.238222443	120
507504.6985377207	3881214.22714021	120
507504.6985377207	3881214.22714021	120
507504.7167900017	3881214.204975746	120
507504.7167900017	3881214.204975746	120
507504.73505143344	3881214.1717215236	120
507504.73505143344	3881214.1717215236	120
507504.7533128699	3881214.1384673007	120
507504.7533128699	3881214.1384673007	120
507504.789817428	3881214.0941383727	120
507504.789817428	3881214.0941383727	120
507504.83545728144	3881214.0276374547	120
507504.83545728144	3881214.0276374547	120
507504.8902141222	3881213.9611440646	120
507504.8902141222	3881213.9611440646	120
507504.96321408584	3881213.8835759684	120
507504.96321408584	3881213.8835759684	120
507505.0362232087	3881213.794918115	120
507505.11834931764	3881213.7062677885	120
507505.0362232087	3881213.794918115	120
507505.11834931764	3881213.7062677885	120
507505.20960156864	3881213.6065352303	120
507505.20960156864	3881213.6065352303	120
507505.3008538217	3881213.5068026753	120
507505.3008538217	3881213.5068026753	120
507505.4012322154	3881213.395987888	120
507505.4012322154	3881213.395987888	120
507505.5107367574	3881213.274090871	120
507505.5107367574	3881213.274090871	120
507505.6293582852	3881213.1522013843	120
507505.8118719682	3881212.9416465233	120
507505.8118719682	3881212.9416465233	120
507505.8118719682	3881212.9416465233	120
507505.9578810879	3881212.7754205884	120
507505.9578810879	3881212.7754205884	120
507506.11301635794	3881212.5981124253	120
507506.11301635794	3881212.5981124253	120
507506.2681607865	3881212.4097145074	120
507506.41417908506	3881212.232398821	120
507506.2681607865	3881212.4097145074	120
507506.41417908506	3881212.232398821	120
507506.6605666521	3881211.9553581234	120
507506.6605666521	3881211.9553581234	120
507506.8339542385	3881211.755885513	120
507506.8339542385	3881211.755885513	120
507507.00734183023	3881211.5564129064	120
507507.00734183023	3881211.5564129064	120
507507.18073859013	3881211.3458505445	120
507507.18073859013	3881211.3458505445	120
507507.35413535807	3881211.1352881864	120
507507.35413535807	3881211.1352881864	120
507507.5366491191	3881210.9247333594	120
507507.70093807456	3881210.7030737195	120
507507.5366491191	3881210.9247333594	120
507507.70093807456	3881210.7030737195	120
507507.87435318495	3881210.470331853	120
507507.87435318495	3881210.470331853	120
507508.16640822456	3881210.0935210194	120
507508.16640822456	3881210.0935210194	120
507508.46756195725	3881209.7388972435	120
507508.46756195725	3881209.7388972435	120
507508.63184179214	3881209.528327377	120
507508.63184179214	3881209.528327377	120
507508.79611247906	3881209.328847275	120
507508.951266184	3881209.129359644	120
507508.79611247906	3881209.328847275	120
507508.951266184	3881209.129359644	120
507509.1246721957	3881208.907707561	120
507509.1246721957	3881208.907707561	120
507509.2889520608	3881208.6971377097	120
507509.2889520608	3881208.6971377097	120
507509.44410578726	3881208.497650087	120
507509.59925951826	3881208.2981624682	120
507509.59925951826	3881208.2981624682	120
507509.74527794536	3881208.1208468364	120
507509.74527794536	3881208.1208468364	120
507509.74527794536	3881208.1208468364	120
507509.89130553737	3881207.9324414483	120
507510.02819782146	3881207.7662080475	120
507510.02819782146	3881207.7662080475	120
507510.15598228166	3881207.5888773603	120
507510.15598228166	3881207.5888773603	120
507510.96672558755	3881208.3991001216	120
507510.96672558755	3881208.3991001216	120
507511.08535641513	3881208.266120948	120
507511.08535641513	3881208.266120948	120
507511.08535641513	3881208.266120948	120
507511.1948610928	3881208.144224001	120
507511.1948610928	3881208.144224001	120
507511.4047626299	3881207.8893328165	120
507511.4047626299	3881207.8893328165	120
507511.49600584473	3881207.8006900833	120
507511.49600584473	3881207.8006900833	120
507511.5872490613	3881207.712047349	120
507511.68760927045	3881207.6234121504	120
507511.68760927045	3881207.6234121504	120
507511.78795115376	3881207.5569564686	120
507511.78795115376	3881207.5569564686	120
507511.8974283574	3881207.468328806	120
507511.8974283574	3881207.468328806	120
507512.01601339	3881207.3907984365	120
507512.01601339	3881207.3907984365	120
507512.12549059786	3881207.3021707763	120
507512.12549059786	3881207.3021707763	120
507512.12549059786	3881207.3021707763	120
507512.24408479896	3881207.21355065	120
507512.353552849	3881207.136012751	120
507512.353552849	3881207.136012751	120
507512.353552849	3881207.136012751	120
507512.4721470522	3881207.04739263	120
507512.4721470522	3881207.04739263	120
507512.5816242686	3881206.958764974	120
507512.5816242686	3881206.958764974	120
507512.69109232223	3881206.8812270784	120
507512.69109232223	3881206.8812270784	120
507512.8005603777	3881206.803689186	120
507512.8005603777	3881206.803689186	120
507512.90091144346	3881206.7261437583	120
507512.90091144346	3881206.7261437583	120
507513.1016135801	3881206.5710529075	120
507513.1016135801	3881206.5710529075	120
507513.2019554854	3881206.504597243	120
507513.2019554854	3881206.504597243	120
507513.2931804002	3881206.4381340425	120
507513.2931804002	3881206.4381340425	120
507513.3844053141	3881206.3716708436	120
507513.3844053141	3881206.3716708436	120
507513.4756210657	3881206.316297405	120
507513.4756210657	3881206.316297405	120
507513.56683681847	3881206.260923966	120
507513.56683681847	3881206.260923966	120
507513.64893558016	3881206.2055429933	120
507513.64893558016	3881206.2055429933	120
507513.73103434284	3881206.1501620216	120
507513.73103434284	3881206.1501620216	120
507513.81313310657	3881206.09478105	120
507513.81313310657	3881206.09478105	120
507513.886114879	3881206.0393925435	120
507513.886114879	3881206.0393925435	120
507513.96822280646	3881205.9729218152	120
507513.96822280646	3881205.9729218152	120
507514.0503124066	3881205.928630604	120
507514.0503124066	3881205.928630604	120
507514.1324111743	3881205.8732496365	120
507514.22362693545	3881205.817876204	120
507514.22362693545	3881205.817876204	120
507514.33307668526	3881205.7625178467	120
507514.22362693545	3881205.817876204	120
507514.33307668526	3881205.7625178467	120
507514.57022850175	3881205.6296366905	120
507514.57022850175	3881205.6296366905	120
507514.7252815546	3881205.5521365018	120
507514.88033460785	3881205.4746363163	120
507514.88033460785	3881205.4746363163	120
507514.88033460785	3881205.4746363163	120
507515.04451382684	3881205.386053913	120
507515.04451382684	3881205.386053913	120
507515.2178008717	3881205.3085688064	120
507515.2178008717	3881205.3085688064	120
507515.40021408326	3881205.220001483	120
507515.40021408326	3881205.220001483	120
507515.58262729604	3881205.1314341626	120
507515.58262729604	3881205.1314341626	120
507515.7559143527	3881205.0539490664	120
507515.7559143527	3881205.0539490664	120
507515.93831840804	3881204.976471513	120
507515.93831840804	3881204.976471513	120
507516.1116054683	3881204.8989864253	120
507516.28489253396	3881204.82150134	120
507516.28489253396	3881204.82150134	120
507516.439945613	3881204.744001181	120
507516.439945613	3881204.744001181	120
507516.439945613	3881204.744001181	120
507516.5949895273	3881204.677590783	120
507516.5949895273	3881204.677590783	120
507516.7500334415	3881204.6111803884	120
507516.7500334415	3881204.6111803884	120
507516.9050681879	3881204.5558597553	120
507516.9050681879	3881204.5558597553	120
507517.19689452817	3881204.456293175	120
507517.19689452817	3881204.456293175	120
507517.3336861261	3881204.4120472292	120
507517.3336861261	3881204.4120472292	120
507517.4704685499	3881204.3788910434	120
507517.4704685499	3881204.3788910434	120
507517.61636796873	3881204.3457423993	120
507517.61636796873	3881204.3457423993	120
507517.75314122345	3881204.323675977	120
507517.75314122345	3881204.323675977	120
507517.88992365013	3881204.2905197977	120
507517.88992365013	3881204.2905197977	120
507518.02669690637	3881204.2684533778	120
507518.02669690637	3881204.2684533778	120
507518.1634701656	3881204.2463869615	120
507518.1634701656	3881204.2463869615	120
507518.3093604173	3881204.2243280876	120
507518.3093604173	3881204.2243280876	120
507518.4643676639	3881204.202276756	120
507518.63759972964	3881204.191330265	120
507518.4643676639	3881204.202276756	120
507518.63759972964	3881204.191330265	120
507518.8199579625	3881204.16930156	120
507519.0114240178	3881204.158370161	120
507518.8199579625	3881204.16930156	120
507519.2120070677	3881204.1474463046	120
507519.2120070677	3881204.1474463046	120
507519.2120070677	3881204.1474463046	120
507519.4216887637	3881204.1587095126	120
507519.82281817286	3881204.181220857	120
507519.4216887637	3881204.1587095126	120
507520.0233553515	3881204.2257458125	120
507520.0233553515	3881204.2257458125	120
507520.22390170465	3881204.259181012	120
507520.22390170465	3881204.259181012	120
507520.41533106234	3881204.292608675	120
507520.22390170465	3881204.259181012	120
507520.41533106234	3881204.292608675	120
507520.60676041857	3881204.3260363415	120
507520.60676041857	3881204.3260363415	120
507520.7890727771	3881204.35945647	120
507520.7890727771	3881204.35945647	120
507520.96227731765	3881204.381779299	120
507521.14459885133	3881204.4041096764	120
507521.14459885133	3881204.4041096764	120
507521.3269295573	3881204.4153502984	120
507521.14459885133	3881204.4041096764	120
507521.50013409555	3881204.4376731385	120
507521.50013409555	3881204.4376731385	120
507521.6824648004	3881204.448913767	120
507521.6824648004	3881204.448913767	120
507521.86479550716	3881204.4601543997	120
507521.86479550716	3881204.4601543997	120
507521.86479550716	3881204.4601543997	120
507522.0471262135	3881204.4713950353	120
507522.0471262135	3881204.4713950353	120
507522.2203399255	3881204.4826281318	120
507522.2203399255	3881204.4826281318	120
507522.40266145184	3881204.504958534	120
507522.7490705188	3881204.5496042585	120
507522.7490705188	3881204.5496042585	120
507522.7490705188	3881204.5496042585	120
507522.92227504874	3881204.571927126	120
507523.1045965739	3881204.5942575424	120
507523.1045965739	3881204.5942575424	120
507523.2960259117	3881204.6276852656	120
507523.2960259117	3881204.6276852656	120
507523.2960259117	3881204.6276852656	120
507523.4965722465	3881204.6611205377	120
507523.4965722465	3881204.6611205377	120
507523.6971185751	3881204.6945558162	120
507523.90677271964	3881204.7390884017	120
507523.90677271964	3881204.7390884017	120
507523.90677271964	3881204.7390884017	120
507524.12554385565	3881204.783628538	120
507524.12554385565	3881204.783628538	120
507524.33520717523	3881204.817071376	120
507524.33520717523	3881204.817071376	120
507524.5448613138	3881204.8616039758	120
507524.75452463	3881204.895046824	120
507524.75452463	3881204.895046824	120
507524.9550617714	3881204.9395718863	120
507524.9550617714	3881204.9395718863	120
507525.1556080909	3881204.9730071966	120
507525.1556080909	3881204.9730071966	120
507525.3470282329	3881205.017524721	120
507525.3470282329	3881205.017524721	120
507525.3470282329	3881205.017524721	120
507525.5293313821	3881205.062034702	120
507525.5293313821	3881205.062034702	120
507525.8939468561	3881205.1399649186	120
507525.8939468561	3881205.1399649186	120
507526.06713300466	3881205.1844673627	120
507526.06713300466	3881205.1844673627	120
507526.2403099723	3881205.2400595704	120
507526.2403099723	3881205.2400595704	120
507526.4134961196	3881205.284562021	120
507526.4134961196	3881205.284562021	120
507526.5866822629	3881205.329064475	120
507526.5866822629	3881205.329064475	120
507526.7507514114	3881205.3735593855	120
507526.7507514114	3881205.3735593855	120
507526.9148205608	3881205.418054297	120
507526.9148205608	3881205.418054297	120
507527.07888970844	3881205.4625492115	120
507527.07888970844	3881205.4625492115	120
507527.23384185706	3881205.507036581	120
507527.23384185706	3881205.507036581	120
507527.3887848259	3881205.5626137103	120
507527.3887848259	3881205.5626137103	120
507527.5346107978	3881205.6181832934	120
507527.5346107978	3881205.6181832934	120
507527.68043677026	3881205.6737528783	120
507527.808083856	3881205.6627688156	120
507527.808083856	3881205.6627688156	120
507527.808083856	3881205.6627688156	120
507527.95390982373	3881205.7183384057	120
507528.0997357897	3881205.7739079986	120
507528.0997357897	3881205.7739079986	120
507528.0997357897	3881205.7739079986	120
507528.38226154196	3881205.896129397	120
507528.38226154196	3881205.896129397	120
507528.5189613258	3881205.9627812044	120
507528.5189613258	3881205.9627812044	120
507528.64654411527	3881206.0294254627	120
507528.64654411527	3881206.0294254627	120
507528.78324389516	3881206.0960772736	120
507528.78324389516	3881206.0960772736	120
507528.91082668316	3881206.1627215366	120
507528.91082668316	3881206.1627215366	120
507529.0292832899	3881206.2404480088	120
507529.0292832899	3881206.2404480088	120
507529.1568660694	3881206.3070922745	120
507529.1568660694	3881206.3070922745	120
507529.2844396642	3881206.3848263	120
507529.40290545253	3881206.4514630185	120
507529.40290545253	3881206.4514630185	120
507529.5213712368	3881206.5180997388	120
507529.5213712368	3881206.5180997388	120
507529.5213712368	3881206.5180997388	120
507529.6398370217	3881206.584736459	120
507529.6398370217	3881206.584736459	120
507529.7582936145	3881206.662462941	120
507529.7582936145	3881206.662462941	120
507529.8676424041	3881206.729092113	120
507529.98610817903	3881206.7957288395	120
507529.8676424041	3881206.729092113	120
507529.98610817903	3881206.7957288395	120
507530.1045647684	3881206.873455323	120
507530.36882891733	3881207.028930956	120
507530.36882891733	3881207.028930956	120
507530.5146272898	3881207.117769865	120
507530.5146272898	3881207.117769865	120
507530.66953346133	3881207.2177060843	120
507530.66953346133	3881207.2177060843	120
507530.66953346133	3881207.2177060843	120
507530.8244396295	3881207.317642308	120
507530.8244396295	3881207.317642308	120
507530.98846278514	3881207.417586086	120
507531.1615937429	3881207.528627179	120
507531.1615937429	3881207.528627179	120
507531.1615937429	3881207.528627179	120
507531.3347338818	3881207.628578516	120
507531.50786483136	3881207.7396196174	120
507531.50786483136	3881207.7396196174	120
507531.6810049648	3881207.8395709614	120
507531.6810049648	3881207.8395709614	120
507531.8541450921	3881207.9395223097	120
507531.8541450921	3881207.9395223097	120
507531.8541450921	3881207.9395223097	120
507532.02729440643	3881208.028383901	120
507532.02729440643	3881208.028383901	120
507532.2004529062	3881208.106155739	120
507532.2004529062	3881208.106155739	120
507532.36448522157	3881208.1950097852	120
507532.36448522157	3881208.1950097852	120
507532.5376620936	3881208.2506021108	120
507532.5376620936	3881208.2506021108	120
507532.7108205848	3881208.328373959	120
507533.04803894565	3881208.46173059	120
507533.04803894565	3881208.46173059	120
507533.04803894565	3881208.46173059	120
507533.2029726365	3881208.5283975783	120
507533.2029726365	3881208.5283975783	120
507533.36702331714	3881208.5950721256	120
507533.5310739954	3881208.6617466733	120
507533.36702331714	3881208.5950721256	120
507533.5310739954	3881208.6617466733	120
507533.68599848635	3881208.7395034283	120
507533.68599848635	3881208.7395034283	120
507533.8409321701	3881208.8061704277	120
507533.8409321701	3881208.8061704277	120
507533.9958566583	3881208.8839271874	120
507533.9958566583	3881208.8839271874	120
507534.1507811462	3881208.9616839504	120
507534.1507811462	3881208.9616839504	120
507534.30570562906	3881209.0394407157	120
507534.30570562906	3881209.0394407157	120
507534.4515131224	3881209.1171899275	120
507534.4515131224	3881209.1171899275	120
507534.5973114192	3881209.2060288996	120
507534.5973114192	3881209.2060288996	120
507534.7431189074	3881209.283778116	120
507534.7431189074	3881209.283778116	120
507534.89804337977	3881209.361534892	120
507534.89804337977	3881209.361534892	120
507535.04386005277	3881209.428194354	120
507535.04386005277	3881209.428194354	120
507535.1988029073	3881209.4837716185	120
507535.1988029073	3881209.4837716185	120
507535.490445438	3881209.6060007974	120
507535.490445438	3881209.6060007974	120
507535.64538828447	3881209.6615780666	120
507535.64538828447	3881209.6615780666	120
507535.79120494955	3881209.728237542	120
507535.79120494955	3881209.728237542	120
507535.92789542826	3881209.80597922	120
507536.0645859047	3881209.8837209	120
507535.92789542826	3881209.80597922	120
507536.20127637876	3881209.9614625825	120
507536.20127637876	3881209.9614625825	120
507536.20127637876	3881209.9614625825	120
507536.3379668505	3881210.0392042664	120
507536.3379668505	3881210.0392042664	120
507536.46553113766	3881210.128028152	120
507536.5931138129	3881210.194672523	120
507536.5931138129	3881210.194672523	120
507536.72068728966	3881210.2724066544	120
507536.72068728966	3881210.2724066544	120
507536.72068728966	3881210.2724066544	120
507536.84826076427	3881210.3501407863	120
507536.84826076427	3881210.3501407863	120
507536.9667172487	3881210.4278673627	120
507536.9667172487	3881210.4278673627	120
507537.0851829259	3881210.4945041803	120
507537.0851829259	3881210.4945041803	120
507537.2036394065	3881210.5722307605	120
507537.2036394065	3881210.5722307605	120
507537.3221050824	3881210.6388675836	120
507537.3221050824	3881210.6388675836	120
507537.54079325387	3881210.78321587	120
507537.54079325387	3881210.78321587	120
507537.64102494484	3881210.849837577	120
507537.64102494484	3881210.849837577	120
507537.75037362415	3881210.9164668447	120
507537.75037362415	3881210.9164668447	120
507537.85060531675	3881210.9830885543	120
507537.85060531675	3881210.9830885543	120
507537.9508370033	3881211.0497102644	120
507537.9508370033	3881211.0497102644	120
507538.05106869066	3881211.1163319764	120
507538.05106869066	3881211.1163319764	120
507538.1513003766	3881211.182953688	120
507538.1513003766	3881211.182953688	120
507538.25154125714	3881211.238485645	120
507538.25154125714	3881211.238485645	120
507538.3426559532	3881211.3050997984	120
507538.3426559532	3881211.3050997984	120
507538.4428876326	3881211.3717215145	120
507538.4428876326	3881211.3717215145	120
507538.54312851164	3881211.4272534726	120
507538.54312851164	3881211.4272534726	120
507538.6524771774	3881211.4938827506	120
507538.6524771774	3881211.4938827506	120
507538.7709336316	3881211.571609352	120
507538.7709336316	3881211.571609352	120
507538.89850707044	3881211.6493435125	120
507538.89850707044	3881211.6493435125	120
507539.0260805094	3881211.727077677	120
507539.0260805094	3881211.727077677	120
507539.32680311124	3881211.8936735736	120
507539.32680311124	3881211.8936735736	120
507539.49995227746	3881211.9825353096	120
507539.49995227746	3881211.9825353096	120
507539.6639752538	3881212.0824792464	120
507539.83712441084	3881212.1713409885	120
507539.83712441084	3881212.1713409885	120
507540.01026436855	3881212.2712924946	120
507540.01026436855	3881212.2712924946	120
507540.1742965349	3881212.3601466794	120
507540.1742965349	3881212.3601466794	120
507540.1742965349	3881212.3601466794	120
507540.33832869807	3881212.4490008703	120
507540.50236085575	3881212.537855062	120
507540.50236085575	3881212.537855062	120
507540.50236085575	3881212.537855062	120
507540.65728522354	3881212.615611936	120
507540.65728522354	3881212.615611936	120
507540.8213265767	3881212.6933763763	120
507540.97625093913	3881212.771133255	120
507540.8213265767	3881212.6933763763	120
507541.1220583157	3881212.848882576	120
507541.1220583157	3881212.848882576	120
507541.1220583157	3881212.848882576	120
507541.27699187276	3881212.915549702	120
507541.27699187276	3881212.915549702	120
507541.41368225677	3881212.9932914623	120
507541.5503726408	3881213.071033225	120
507541.5503726408	3881213.071033225	120
507541.5503726408	3881213.071033225	120
507541.8237533971	3881213.2265167567	120
507541.8237533971	3881213.2265167567	120
507541.9604437718	3881213.3042585244	120
507542.10625112907	3881213.38200786	120
507542.10625112907	3881213.38200786	120
507542.10625112907	3881213.38200786	120
507542.2520676873	3881213.448667439	120
507542.2520676873	3881213.448667439	120
507542.4069920246	3881213.526424344	120
507542.4069920246	3881213.526424344	120
507542.57103334647	3881213.6041888166	120
507542.57103334647	3881213.6041888166	120
507542.72596688237	3881213.670855967	120
507542.8900081965	3881213.7486204444	120
507542.8900081965	3881213.7486204444	120
507542.8900081965	3881213.7486204444	120
507543.04493252566	3881213.826377359	120
507543.04493252566	3881213.826377359	120
507543.1998568475	3881213.9041342763	120
507543.1998568475	3881213.9041342763	120
507543.34567339165	3881213.970793872	120
507543.34567339165	3881213.970793872	120
507543.4914807242	3881214.048543231	120
507543.63729725924	3881214.1152028325	120
507543.4914807242	3881214.048543231	120
507543.63729725924	3881214.1152028325	120
507543.7739876097	3881214.1929446277	120
507543.7739876097	3881214.1929446277	120
507543.91068715625	3881214.2595966677	120
507544.17495085264	3881214.415072705	120
507544.17495085264	3881214.415072705	120
507544.17495085264	3881214.415072705	120
507544.30252420553	3881214.4928069427	120
507544.30252420553	3881214.4928069427	120
507544.4209805724	3881214.5705336183	120
507544.548553921	3881214.648267859	120
507544.4209805724	3881214.5705336183	120
507544.548553921	3881214.648267859	120
507544.65789330244	3881214.7259869683	120
507544.65789330244	3881214.7259869683	120
507544.7763496632	3881214.8037136476	120
507544.7763496632	3881214.8037136476	120
507544.8856982405	3881214.870343002	120
507544.8856982405	3881214.870343002	120
507544.99503761635	3881214.9480621163	120
507544.99503761635	3881214.9480621163	120
507545.11350317363	3881215.014699041	120
507545.11350317363	3881215.014699041	120
507545.23197793844	3881215.070246206	120
507545.23197793844	3881215.070246206	120
507545.35044349474	3881215.1368831326	120
507545.35044349474	3881215.1368831326	120
507545.4780260324	3881215.20352763	120
507545.4780260324	3881215.20352763	120
507545.60560857056	3881215.270172128	120
507545.60560857056	3881215.270172128	120
507545.72406491387	3881215.347898819	120
507545.72406491387	3881215.347898819	120
507545.8516474459	3881215.4145433204	120
507545.8516474459	3881215.4145433204	120
507546.07945235004	3881215.5588993826	120
507546.07945235004	3881215.5588993826	120
507546.19791789603	3881215.6255363207	120
507546.19791789603	3881215.6255363207	120
507546.3072756613	3881215.681075934	120
507546.3072756613	3881215.681075934	120
507546.42574119946	3881215.7477128757	120
507546.42574119946	3881215.7477128757	120
507546.5350897579	3881215.814342249	120
507546.5350897579	3881215.814342249	120
507546.6535552949	3881215.880979193	120
507546.6535552949	3881215.880979193	120
507546.7720300368	3881215.93652638	120
507546.7720300368	3881215.93652638	120
507546.8904955705	3881216.0031633275	120
507546.8904955705	3881216.0031633275	120
507547.0089518979	3881216.0808900353	120
507547.0089518979	3881216.0808900353	120
507547.13653441024	3881216.1475345544	120
507547.13653441024	3881216.1475345544	120
507547.26410771353	3881216.225268835	120
507547.26410771353	3881216.225268835	120
507547.4007979967	3881216.3030106863	120
507547.4007979967	3881216.3030106863	120
507547.546596052	3881216.391849869	120
507547.546596052	3881216.391849869	120
507547.7015110887	3881216.480696622	120
507547.7015110887	3881216.480696622	120
507547.8655338939	3881216.5806407062	120
507547.8655338939	3881216.5806407062	120
507548.1935887042	3881216.769439127	120
507548.1935887042	3881216.769439127	120
507548.36673769116	3881216.858301032	120
507548.36673769116	3881216.858301032	120
507548.5216527096	3881216.9471478006	120
507548.5216527096	3881216.9471478006	120
507548.6856847086	3881217.0360021414	120
507548.6856847086	3881217.0360021414	120
507548.8405997232	3881217.124848915	120
507548.8405997232	3881217.124848915	120
507548.9955331487	3881217.1915161726	120
507549.141340386	3881217.269265623	120
507548.9955331487	3881217.1915161726	120
507549.141340386	3881217.269265623	120
507549.2871476185	3881217.347015073	120
507549.2871476185	3881217.347015073	120
507549.44208103925	3881217.413682338	120
507549.58788826916	3881217.4914317946	120
507549.58788826916	3881217.4914317946	120
507549.58788826916	3881217.4914317946	120
507549.73370470444	3881217.5580914943	120
507549.73370470444	3881217.5580914943	120
507549.8886289103	3881217.6358485273	120
507549.8886289103	3881217.6358485273	120
507550.0435531112	3881217.7136055627	120
507550.18936033116	3881217.7913550274	120
507550.0435531112	3881217.7136055627	120
507550.18936033116	3881217.7913550274	120
507550.34427531593	3881217.8802018273	120
507550.626763549	3881218.046782956	120
507550.626763549	3881218.046782956	120
507550.7725707563	3881218.124532431	120
507550.7725707563	3881218.124532431	120
507550.91836874955	3881218.213371667	120
507550.91836874955	3881218.213371667	120
507550.91836874955	3881218.213371667	120
507551.06416674226	3881218.3022109047	120
507551.06416674226	3881218.3022109047	120
507551.2099555178	3881218.402139905	120
507551.2099555178	3881218.402139905	120
507551.3557535023	3881218.4909791476	120
507551.3557535023	3881218.4909791476	120
507551.49243450415	3881218.579810819	120
507551.6382416979	3881218.6575603085	120
507551.6382416979	3881218.6575603085	120
507551.6382416979	3881218.6575603085	120
507551.7840488868	3881218.7353097997	120
507551.7840488868	3881218.7353097997	120
507551.9298652861	3881218.8019695356	120
507551.9298652861	3881218.8019695356	120
507552.0665647061	3881218.8686216976	120
507552.0665647061	3881218.8686216976	120
507552.212371888	3881218.946371197	120
507552.33995432436	3881219.0130157894	120
507552.33995432436	3881219.0130157894	120
507552.47665373585	3881219.0796679584	120
507552.47665373585	3881219.0796679584	120
507552.6133439316	3881219.157409889	120
507552.6133439316	3881219.157409889	120
507552.6133439316	3881219.157409889	120
507552.8958505116	3881219.3018115717	120
507552.8958505116	3881219.3018115717	120
507553.0416576795	3881219.379561082	120
507553.0416576795	3881219.379561082	120
507553.205698805	3881219.4573257463	120
507553.205698805	3881219.4573257463	120
507553.36973992543	3881219.5350904153	120
507553.36973992543	3881219.5350904153	120
507553.5428888069	3881219.6239524195	120
507553.5428888069	3881219.6239524195	120
507553.7251546684	3881219.7128220033	120
507553.7251546684	3881219.7128220033	120
507553.8982943278	3881219.812773774	120
507553.8982943278	3881219.812773774	120
507554.07144320116	3881219.9016357893	120
507554.07144320116	3881219.9016357893	120
507554.24459207116	3881219.990497807	120
507554.24459207116	3881219.990497807	120
507554.4177409355	3881220.079359829	120
507554.4177409355	3881220.079359829	120
507554.5908990126	3881220.157132095	120
507554.5908990126	3881220.157132095	120
507554.75493089453	3881220.2459865455	120
507554.9189719875	3881220.3237512414	120
507554.75493089453	3881220.2459865455	120
507554.9189719875	3881220.3237512414	120
507555.08301307994	3881220.4015159383	120
507555.08301307994	3881220.4015159383	120
507555.2379279725	3881220.490362822	120
507555.2379279725	3881220.490362822	120
507555.5568931655	3881220.645884656	120
507555.5568931655	3881220.645884656	120
507555.70270028914	3881220.723634211	120
507555.70270028914	3881220.723634211	120
507555.85762439016	3881220.8013913454	120
507555.85762439016	3881220.8013913454	120
507556.0125484862	3881220.8791484823	120
507556.0125484862	3881220.8791484823	120
507556.1674725796	3881220.956905624	120
507556.1674725796	3881220.956905624	120
507556.313279693	3881221.0346551873	120
507556.313279693	3881221.0346551873	120
507556.4499606106	3881221.123486934	120
507556.4499606106	3881221.123486934	120
507556.5957585004	3881221.2123262617	120
507556.5957585004	3881221.2123262617	120
507556.7324486313	3881221.290068255	120
507556.86912953865	3881221.3789000073	120
507556.86912953865	3881221.3789000073	120
507557.00581966236	3881221.456642004	120
507557.00581966236	3881221.456642004	120
507557.00581966236	3881221.456642004	120
507557.133392807	3881221.5343764233	120
507557.133392807	3881221.5343764233	120
507557.27007370675	3881221.623208183	120
507557.27007370675	3881221.623208183	120
507557.40675460617	3881221.712039945	120
507557.534318524	3881221.8008641284	120
507557.40675460617	3881221.712039945	120
507557.7894463522	3881221.9785125023	120
507557.534318524	3881221.8008641284	120
507557.7894463522	3881221.9785125023	120
507557.9078840685	3881222.07841887	120
507557.9078840685	3881222.07841887	120
507558.02632177743	3881222.178325241	120
507558.02632177743	3881222.178325241	120
507558.14476870664	3881222.267141853	120
507558.14476870664	3881222.267141853	120
507558.2632156358	3881222.3559584673	120
507558.2632156358	3881222.3559584673	120
507558.381662558	3881222.444775082	120
507558.381662558	3881222.444775082	120
507558.50011870346	3881222.522501941	120
507558.6185656235	3881222.611318559	120
507558.6185656235	3881222.611318559	120
507558.7370125412	3881222.7001351793	120
507558.7370125412	3881222.7001351793	120
507558.7370125412	3881222.7001351793	120
507558.8463517024	3881222.7778544626	120
507558.8463517024	3881222.7778544626	120
507558.9556908617	3881222.8555737445	120
507558.9556908617	3881222.8555737445	120
507559.07414699456	3881222.933300611	120
507559.07414699456	3881222.933300611	120
507559.18348615	3881223.011019897	120
507559.18348615	3881223.011019897	120
507559.2837175502	3881223.0776418443	120
507559.2837175502	3881223.0776418443	120
507559.3839489466	3881223.1442637937	120
507559.3839489466	3881223.1442637937	120
507559.5844025197	3881223.288597452	120
507559.6846339116	3881223.3552194037	120
507559.5844025197	3881223.288597452	120
507559.6846339116	3881223.3552194037	120
507559.7848653066	3881223.4218413574	120
507559.7848653066	3881223.4218413574	120
507559.88508747524	3881223.4995530695	120
507560.00353436905	3881223.5883697066	120
507559.88508747524	3881223.4995530695	120
507560.00353436905	3881223.5883697066	120
507560.1219812582	3881223.677186345	120
507560.1219812582	3881223.677186345	120
507560.2586528759	3881223.77710791	120
507560.2586528759	3881223.77710791	120
507560.4044322418	3881223.888126815	120
507560.4044322418	3881223.888126815	120
507560.5593193505	3881224.0102430657	120
507560.5593193505	3881224.0102430657	120
507560.73243118456	3881224.143464244	120
507560.73243118456	3881224.143464244	120
507560.91466921143	3881224.26560325	120
507560.91466921143	3881224.26560325	120
507561.09689800936	3881224.3988320166	120
507561.09689800936	3881224.3988320166	120
507561.2882530001	3881224.5209786138	120
507561.2882530001	3881224.5209786138	120
507561.47049100965	3881224.6431176304	120
507561.47049100965	3881224.6431176304	120
507561.64361204306	3881224.765249067	120
507561.64361204306	3881224.765249067	120
507561.9989895172	3881224.987340017	120
507562.1721289854	3881225.0872919452	120
507561.9989895172	3881224.987340017	120
507562.33615147887	3881225.187236294	120
507562.1721289854	3881225.0872919452	120
507562.33615147887	3881225.187236294	120
507562.5092909419	3881225.2871882287	120
507562.5092909419	3881225.2871882287	120
507562.67332265404	3881225.3760428242	120
507562.67332265404	3881225.3760428242	120
507562.8373451345	3881225.475987181	120
507563.0013768378	3881225.564841783	120
507563.0013768378	3881225.564841783	120
507563.15630079404	3881225.642599042	120
507563.0013768378	3881225.564841783	120
507563.15630079404	3881225.642599042	120
507563.3203324935	3881225.731453649	120
507563.3203324935	3881225.731453649	120
507563.48437341215	3881225.8092184993	120
507563.48437341215	3881225.8092184993	120
507563.6393065873	3881225.8758860095	120
507563.6393065873	3881225.8758860095	120
507563.7942305305	3881225.95364328	120
507563.9491637009	3881226.0203107945	120
507563.7942305305	3881225.95364328	120
507564.0949706667	3881226.0980604854	120
507563.9491637009	3881226.0203107945	120
507564.0949706667	3881226.0980604854	120
507564.2407868603	3881226.164720419	120
507564.2407868603	3881226.164720419	120
507564.5324100081	3881226.3091300507	120
507564.5324100081	3881226.3091300507	120
507564.65999224875	3881226.375774819	120
507564.79669146176	3881226.4424271733	120
507564.65999224875	3881226.375774819	120
507564.79669146176	3881226.4424271733	120
507564.9333814441	3881226.5201692902	120
507564.9333814441	3881226.5201692902	120
507565.06096367654	3881226.5868140636	120
507565.18853668036	3881226.6645485954	120
507565.06096367654	3881226.5868140636	120
507565.18853668036	3881226.6645485954	120
507565.325226656	3881226.7422907194	120
507565.325226656	3881226.7422907194	120
507565.4619166292	3881226.8200328434	120
507565.4619166292	3881226.8200328434	120
507565.60771433974	3881226.908872318	120
507565.77174599015	3881226.9977269676	120
507565.60771433974	3881226.908872318	120
507565.77174599015	3881226.9977269676	120
507565.9357684097	3881227.097671381	120
507565.9357684097	3881227.097671381	120
507566.1088985643	3881227.2087131445	120
507566.1088985643	3881227.2087131445	120
507566.2911549185	3881227.308672741	120
507566.47340203804	3881227.4197221003	120
507566.2911549185	3881227.308672741	120
507566.47340203804	3881227.4197221003	120
507566.64653217996	3881227.5307638743	120
507566.64653217996	3881227.5307638743	120
507566.9928201496	3881227.7195781544	120
507566.9928201496	3881227.7195781544	120
507567.15684254037	3881227.8195225904	120
507567.3208741592	3881227.9083772697	120
507567.3208741592	3881227.9083772697	120
507567.4849150091	3881227.986142192	120
507567.4849150091	3881227.986142192	120
507567.4849150091	3881227.986142192	120
507567.6398296538	3881228.0749892886	120
507567.6398296538	3881228.0749892886	120
507567.79474429315	3881228.1638363865	120
507567.79474429315	3881228.1638363865	120
507567.95878513204	3881228.241601319	120
507567.95878513204	3881228.241601319	120
507568.1137089981	3881228.319358663	120
507568.25950666104	3881228.40819818	120
507568.25950666104	3881228.40819818	120
507568.25950666104	3881228.40819818	120
507568.41443052166	3881228.485955529	120
507568.5693451488	3881228.574802642	120
507568.5693451488	3881228.574802642	120
507568.5693451488	3881228.574802642	120
507568.71515203424	3881228.652552406	120
507568.71515203424	3881228.652552406	120
507568.8609589195	3881228.7303021722	120
507568.8609589195	3881228.7303021722	120
507569.00676579995	3881228.8080519424	120
507569.00676579995	3881228.8080519424	120
507569.14346494235	3881228.8747043633	120
507569.14346494235	3881228.8747043633	120
507569.42597095855	3881229.0191065636	120
507569.5535531254	3881229.085751399	120
507569.42597095855	3881229.0191065636	120
507569.69025226193	3881229.1524038287	120
507569.69025226193	3881229.1524038287	120
507569.69025226193	3881229.1524038287	120
507569.817834425	3881229.219048669	120
507569.817834425	3881229.219048669	120
507569.94541658385	3881229.2856935095	120
507569.94541658385	3881229.2856935095	120
507570.08211571455	3881229.352345946	120
507570.08211571455	3881229.352345946	120
507570.2188148432	3881229.418998384	120
507570.3555139675	3881229.4856508235	120
507570.2188148432	3881229.418998384	120
507570.3555139675	3881229.4856508235	120
507570.5013300587	3881229.552310858	120
507570.5013300587	3881229.552310858	120
507570.65625388303	3881229.6300682463	120
507570.65625388303	3881229.6300682463	120
507570.81118693604	3881229.6967358794	120
507570.81118693604	3881229.6967358794	120
507570.9661107553	3881229.7744932715	120
507571.11192683736	3881229.8411533153	120
507570.9661107553	3881229.7744932715	120
507571.11192683736	3881229.8411533153	120
507571.2668506516	3881229.918910715	120
507571.2668506516	3881229.918910715	120
507571.40354976075	3881229.985563171	120
507571.40354976075	3881229.985563171	120
507571.68606494134	3881230.1188756814	120
507571.8227548096	3881230.1966179023	120
507571.8227548096	3881230.1966179023	120
507571.9594539128	3881230.263270366	120
507571.9594539128	3881230.263270366	120
507571.9594539128	3881230.263270366	120
507572.0961437742	3881230.3410125924	120
507572.0961437742	3881230.3410125924	120
507572.2328336333	3881230.4187548184	120
507572.2328336333	3881230.4187548184	120
507572.36951425223	3881230.507586807	120
507572.5062041065	3881230.5853290376	120
507572.36951425223	3881230.507586807	120
507572.5062041065	3881230.5853290376	120
507572.62465078715	3881230.67414584	120
507572.62465078715	3881230.67414584	120
507572.7613406367	3881230.751888075	120
507572.87979654886	3881230.829615122	120
507572.7613406367	3881230.751888075	120
507573.0073786674	3881230.8962600078	120
507573.0073786674	3881230.8962600078	120
507573.0073786674	3881230.8962600078	120
507573.13495154295	3881230.9739946537	120
507573.13495154295	3881230.9739946537	120
507573.2534166856	3881231.0406319457	120
507573.3718818312	3881231.1072692415	120
507573.3718818312	3881231.1072692415	120
507573.3718818312	3881231.1072692415	120
507573.4903469727	3881231.173906537	120
507573.71816952294	3881231.2960837786	120
507573.4903469727	3881231.173906537	120
507573.71816952294	3881231.2960837786	120
507573.82751769014	3881231.3627134836	120
507573.82751769014	3881231.3627134836	120
507573.94598282734	3881231.4293507854	120
507573.94598282734	3881231.4293507854	120
507574.05533099355	3881231.4959804933	120
507574.05533099355	3881231.4959804933	120
507574.16467915825	3881231.5626102015	120
507574.16467915825	3881231.5626102015	120
507574.283144288	3881231.629247508	120
507574.283144288	3881231.629247508	120
507574.4198341091	3881231.706989769	120
507574.4198341091	3881231.706989769	120
507574.55651468725	3881231.795821789	120
507574.55651468725	3881231.795821789	120
507574.7114291981	3881231.884669007	120
507574.7114291981	3881231.884669007	120
507574.8663344627	3881231.984605985	120
507574.8663344627	3881231.984605985	120
507575.0303566925	3881232.0845505637	120
507575.0303566925	3881232.0845505637	120
507575.19438816	3881232.173405386	120
507575.19438816	3881232.173405386	120
507575.3584103805	3881232.27334997	120
507575.3584103805	3881232.27334997	120
507575.51332487306	3881232.362197201	120
507575.51332487306	3881232.362197201	120
507575.6682393649	3881232.451044434	120
507575.6682393649	3881232.451044434	120
507575.97808682173	3881232.60655939	120
507575.97808682173	3881232.60655939	120
507576.12390282174	3881232.6732195155	120
507576.12390282174	3881232.6732195155	120
507576.278826545	3881232.7509770007	120
507576.278826545	3881232.7509770007	120
507576.4246425405	3881232.8176371306	120
507576.5795755017	3881232.884304861	120
507576.5795755017	3881232.884304861	120
507576.7162652843	3881232.9620471555	120
507576.5795755017	3881232.884304861	120
507576.7162652843	3881232.9620471555	120
507576.86208127317	3881233.0287072933	120
507576.86208127317	3881233.0287072933	120
507576.99877105124	3881233.1064495933	120
507577.1263438617	3881233.184184294	120
507577.1263438617	3881233.184184294	120
507577.1263438617	3881233.184184294	120
507577.25390742853	3881233.273008757	120
507577.25390742853	3881233.273008757	120
507577.37235402555	3881233.361825622	120
507577.37235402555	3881233.361825622	120
507577.4908006179	3881233.4506424894	120
507577.4908006179	3881233.4506424894	120
507577.61836417514	3881233.539466956	120
507577.61836417514	3881233.539466956	120
507577.7550354525	3881233.6393887843	120
507577.9008329361	3881233.728228458	120
507577.7550354525	3881233.6393887843	120
507577.9008329361	3881233.728228458	120
507578.2380127148	3881233.905945809	120
507578.2380127148	3881233.905945809	120
507578.4293765184	3881234.0170030105	120
507578.4293765184	3881234.0170030105	120
507578.61161411006	3881234.1391423726	120
507578.61161411006	3881234.1391423726	120
507578.7847347327	3881234.2612741385	120
507578.7847347327	3881234.2612741385	120
507578.96695382055	3881234.4055930264	120
507578.96695382055	3881234.4055930264	120
507579.1400559411	3881234.5499043157	120
507579.1400559411	3881234.5499043157	120
507579.32227501756	3881234.6942232116	120
507579.32227501756	3881234.6942232116	120
507579.4953863735	3881234.8274447503	120
507579.4953863735	3881234.8274447503	120
507579.6776146878	3881234.960673894	120
507579.6776146878	3881234.960673894	120
507579.86896920705	3881235.0828208826	120
507579.86896920705	3881235.0828208826	120
507580.0512252502	3881235.182780757	120
507580.0512252502	3881235.182780757	120
507580.2334720441	3881235.293830394	120
507580.2334720441	3881235.293830394	120
507580.4157373266	3881235.382700516	120
507580.4157373266	3881235.382700516	120
507580.60711032525	3881235.482668003	120
507580.60711032525	3881235.482668003	120
507580.7802586375	3881235.5715305298	120
507580.7802586375	3881235.5715305298	120
507581.1356722192	3881235.7492631963	120
507581.1356722192	3881235.7492631963	120
507581.29969431	3881235.8492078884	120
507581.29969431	3881235.8492078884	120
507581.4637163972	3881235.9491525833	120
507581.4637163972	3881235.9491525833	120
507581.6186307699	3881236.037999919	120
507581.6186307699	3881236.037999919	120
507581.7735358903	3881236.137937017	120
507581.9375672166	3881236.2267919607	120
507581.9375672166	3881236.2267919607	120
507581.9375672166	3881236.2267919607	120
507582.0924815776	3881236.3156393035	120
507582.2473959356	3881236.404486651	120
507582.0924815776	3881236.3156393035	120
507582.2473959356	3881236.404486651	120
507582.402319543	3881236.4822442406	120
507582.402319543	3881236.4822442406	120
507582.5572338975	3881236.571091593	120
507582.5572338975	3881236.571091593	120
507582.69390507275	3881236.6710134954	120
507582.69390507275	3881236.6710134954	120
507582.830576245	3881236.770935402	120
507582.830576245	3881236.770935402	120
507582.96724741656	3881236.870857308	120
507582.96724741656	3881236.870857308	120
507583.10390933184	3881236.981868978	120
507583.10390933184	3881236.981868978	120
507583.2405804949	3881237.08179089	120
507583.4046025409	3881237.181735621	120
507583.4046025409	3881237.181735621	120
507583.4046025409	3881237.181735621	120
507583.5686245809	3881237.2816803544	120
507583.5686245809	3881237.2816803544	120
507583.7417728324	3881237.370542937	120
507583.7417728324	3881237.370542937	120
507583.93315500004	3881237.4594207364	120
507583.93315500004	3881237.4594207364	120
507584.1154109532	3881237.5593806906	120
507584.1154109532	3881237.5593806906	120
507584.2976854049	3881237.637161133	120
507584.2976854049	3881237.637161133	120
507584.48907681875	3881237.714949185	120
507584.48907681875	3881237.714949185	120
507584.6713512641	3881237.792729634	120
507584.6713512641	3881237.792729634	120
507584.84451800125	3881237.8594127195	120
507584.84451800125	3881237.8594127195	120
507585.0176847359	3881237.9260958103	120
507585.0176847359	3881237.9260958103	120
507585.1908514657	3881237.992778902	120
507585.1908514657	3881237.992778902	120
507585.3549012349	3881238.0594543912	120
507585.3549012349	3881238.0594543912	120
507585.5098247853	3881238.137212034	120
507585.5098247853	3881238.137212034	120
507585.6556313752	3881238.2149620713	120
507585.6556313752	3881238.2149620713	120
507585.80144721456	3881238.281622352	120
507585.94726305176	3881238.348282636	120
507585.94726305176	3881238.348282636	120
507586.2480209368	3881238.4705210594	120
507586.2480209368	3881238.4705210594	120
507586.3938552777	3881238.5150018306	120
507586.3938552777	3881238.5150018306	120
507586.3938552777	3881238.5150018306	120
507586.5305726596	3881238.559474997	120
507586.5305726596	3881238.559474997	120
507586.67639774235	3881238.615045533	120
507586.67639774235	3881238.615045533	120
507586.80398890394	3881238.6706008543	120
507586.80398890394	3881238.6706008543	120
507586.93158006395	3881238.726156176	120
507586.93158006395	3881238.726156176	120
507587.0591712247	3881238.7817114997	120
507587.0591712247	3881238.7817114997	120
507587.1867531256	3881238.848356586	120
507587.1867531256	3881238.848356586	120
507587.305227319	3881238.9039043034	120
507587.305227319	3881238.9039043034	120
507587.42370151565	3881238.959452023	120
507587.42370151565	3881238.959452023	120
507587.54217570846	3881239.014999745	120
507587.54217570846	3881239.014999745	120
507587.66976685915	3881239.0705550774	120
507587.66976685915	3881239.0705550774	120
507587.7973487539	3881239.137200171	120
507587.7973487539	3881239.137200171	120
507587.9431553059	3881239.2149502463	120
507587.9431553059	3881239.2149502463	120
507588.0980788169	3881239.2927079326	120
507588.0980788169	3881239.2927079326	120
507588.43525818805	3881239.4704256654	120
507588.43525818805	3881239.4704256654	120
507588.6175233069	3881239.559295952	120
507588.6175233069	3881239.559295952	120
507588.79977916897	3881239.659256003	120
507588.79977916897	3881239.659256003	120
507588.9820442805	3881239.7481262977	120
507589.1643001325	3881239.8480863557	120
507588.9820442805	3881239.7481262977	120
507589.33744828054	3881239.936949046	120
507589.33744828054	3881239.936949046	120
507589.33744828054	3881239.936949046	120
507589.51058716414	3881240.0369014977	120
507589.51058716414	3881240.0369014977	120
507589.674618347	3881240.1257565836	120
507589.674618347	3881240.1257565836	120
507589.8386587835	3881240.2035219134	120
507590.00268995785	3881240.2923770044	120
507590.00268995785	3881240.2923770044	120
507590.00268995785	3881240.2923770044	120
507590.15760417335	3881240.3812244856	120
507590.3125276432	3881240.4589822097	120
507590.15760417335	3881240.3812244856	120
507590.3125276432	3881240.4589822097	120
507590.46745111275	3881240.5367399394	120
507590.46745111275	3881240.5367399394	120
507590.6223653172	3881240.625587429	120
507590.6223653172	3881240.625587429	120
507590.7772887813	3881240.7033451614	120
507591.07802800235	3881240.8477632636	120
507591.07802800235	3881240.8477632636	120
507591.07802800235	3881240.8477632636	120
507591.22383449896	3881240.9255133914	120
507591.22383449896	3881240.9255133914	120
507591.36965025647	3881240.9921737607	120
507591.36965025647	3881240.9921737607	120
507591.506339791	3881241.0699162805	120
507591.506339791	3881241.0699162805	120
507591.65214628045	3881241.1476664157	120
507591.65214628045	3881241.1476664157	120
507591.7888358102	3881241.2254089387	120
507591.7888358102	3881241.2254089387	120
507591.94374999235	3881241.31425645	120
507591.94374999235	3881241.31425645	120
507592.0895564741	3881241.392006592	120
507592.0895564741	3881241.392006592	120
507592.2444799126	3881241.46976435	120
507592.2444799126	3881241.46976435	120
507592.39027712704	3881241.558604257	120
507592.39027712704	3881241.558604257	120
507592.5452005578	3881241.6363620204	120
507592.6910070316	3881241.7141121705	120
507592.5452005578	3881241.6363620204	120
507592.6910070316	3881241.7141121705	120
507592.827696544	3881241.7918547103	120
507592.9734937476	3881241.880694625	120
507592.9734937476	3881241.880694625	120
507592.9734937476	3881241.880694625	120
507593.11018325505	3881241.9584371685	120
507593.11018325505	3881241.9584371685	120
507593.4017869143	3881242.125027251	120
507593.4017869143	3881242.125027251	120
507593.5566918017	3881242.2249645498	120
507593.5566918017	3881242.2249645498	120
507593.71159668337	3881242.3249018523	120
507593.71159668337	3881242.3249018523	120
507593.8756185199	3881242.424846772	120
507593.8756185199	3881242.424846772	120
507594.03051413264	3881242.5358738387	120
507594.03051413264	3881242.5358738387	120
507594.1854190015	3881242.635811149	120
507594.1854190015	3881242.635811149	120
507594.3403238715	3881242.735748462	120
507594.3403238715	3881242.735748462	120
507594.49521947105	3881242.8467755364	120
507594.49521947105	3881242.8467755364	120
507594.6410073787	3881242.9467052375	120
507594.6410073787	3881242.9467052375	120
507594.79591223615	3881243.046642558	120
507594.79591223615	3881243.046642558	120
507594.94170013495	3881243.146572264	120
507594.94170013495	3881243.146572264	120
507595.0874880329	3881243.246501973	120
507595.0874880329	3881243.246501973	120
507595.23328519106	3881243.335341924	120
507595.23328519106	3881243.335341924	120
507595.3790823464	3881243.4241818767	120
507595.3790823464	3881243.4241818767	120
507595.52487950126	3881243.5130218333	120
507595.52487950126	3881243.5130218333	120
507595.80736610945	3881243.679604376	120
507595.80736610945	3881243.679604376	120
507595.94405556575	3881243.7573469626	120
507595.94405556575	3881243.7573469626	120
507596.08987124334	3881243.824007409	120
507596.08987124334	3881243.824007409	120
507596.226560695	3881243.9017499993	120
507596.226560695	3881243.9017499993	120
507596.37236709875	3881243.979500211	120
507596.37236709875	3881243.979500211	120
507596.5181735046	3881244.0572504224	120
507596.5181735046	3881244.0572504224	120
507596.67308758775	3881244.1460980163	120
507596.67308758775	3881244.1460980163	120
507596.8462355808	3881244.2349608513	120
507596.8462355808	3881244.2349608513	120
507597.0193743025	3881244.3349134484	120
507597.0193743025	3881244.3349134484	120
507597.219854614	3881244.4459786657	120
507597.219854614	3881244.4459786657	120
507597.4294518721	3881244.5570515073	120
507597.4294518721	3881244.5570515073	120
507597.64816608117	3881244.668131973	120
507597.64816608117	3881244.668131973	120
507597.8759879718	3881244.790309824	120
507597.8759879718	3881244.790309824	120
507598.11292680743	3881244.912495302	120
507598.11292680743	3881244.912495302	120
507598.349865639	3881245.034680785	120
507598.349865639	3881245.034680785	120
507598.81462632306	3881245.27904415	120
507598.81462632306	3881245.27904415	120
507599.0424574509	3881245.3901322703	120
507599.0424574509	3881245.3901322703	120
507599.2702885754	3881245.5012203963	120
507599.2702885754	3881245.5012203963	120
507599.4890027393	3881245.612300908	120
507599.4890027393	3881245.612300908	120
507599.7077168978	3881245.7233814253	120
507599.9264403226	3881245.8233721876	120
507599.7077168978	3881245.7233814253	120
507600.13603751594	3881245.934445092	120
507599.9264403226	3881245.8233721876	120
507600.34563470655	3881246.0455180015	120
507600.34563470655	3881246.0455180015	120
507600.34563470655	3881246.0455180015	120
507600.55523189204	3881246.156590916	120
507600.55523189204	3881246.156590916	120
507600.76483834727	3881246.256574075	120
507600.76483834727	3881246.256574075	120
507600.96531856846	3881246.3676393763	120
507600.96531856846	3881246.3676393763	120
507601.1657987871	3881246.4787046816	120
507601.1657987871	3881246.4787046816	120
507601.36627900077	3881246.58976999	120
507601.36627900077	3881246.58976999	120
507601.56676848314	3881246.689745546	120
507601.56676848314	3881246.689745546	120
507601.76724868733	3881246.800810864	120
507601.76724868733	3881246.800810864	120
507602.15911995	3881246.9896646123	120
507602.15911995	3881246.9896646123	120
507602.35049246356	3881247.0896325605	120
507602.5418742476	3881247.1785107525	120
507602.35049246356	3881247.0896325605	120
507602.7423729767	3881247.267396574	120
507602.5418742476	3881247.1785107525	120
507602.7423729767	3881247.267396574	120
507602.9337547555	3881247.356274775	120
507603.1251365259	3881247.4451529803	120
507602.9337547555	3881247.356274775	120
507603.1251365259	3881247.4451529803	120
507603.30740134406	3881247.534023563	120
507603.4987831094	3881247.622901775	120
507603.4987831094	3881247.622901775	120
507603.4987831094	3881247.622901775	120
507603.68103864434	3881247.722862127	120
507603.68103864434	3881247.722862127	120
507603.8541772223	3881247.8228148534	120
507603.8541772223	3881247.8228148534	120
507604.03642347275	3881247.93386497	120
507604.03642347275	3881247.93386497	120
507604.2095527661	3881248.0449074646	120
507604.2095527661	3881248.0449074646	120
507604.38268205756	3881248.155949962	120
507604.54669439467	3881248.2669848357	120
507604.54669439467	3881248.2669848357	120
507604.7198329551	3881248.3669375805	120
507604.7198329551	3881248.3669375805	120
507604.7198329551	3881248.3669375805	120
507605.0478668826	3881248.5779175838	120
507605.22100543167	3881248.677870337	120
507605.22100543167	3881248.677870337	120
507605.38502702495	3881248.777815467	120
507605.22100543167	3881248.677870337	120
507605.549048617	3881248.8777605994	120
507605.549048617	3881248.8777605994	120
507605.7130794817	3881248.966615976	120
507605.7130794817	3881248.966615976	120
507605.7130794817	3881248.966615976	120
507605.8771010667	3881249.066561115	120
507606.0411319248	3881249.155416497	120
507605.8771010667	3881249.066561115	120
507606.2051535028	3881249.2553616413	120
507606.2051535028	3881249.2553616413	120
507606.3691843543	3881249.344217029	120
507606.2051535028	3881249.2553616413	120
507606.5240889764	3881249.4441545517	120
507606.5240889764	3881249.4441545517	120
507606.5240889764	3881249.4441545517	120
507606.68811982364	3881249.5330099463	120
507606.84303371434	3881249.6218577125	120
507606.84303371434	3881249.6218577125	120
507606.84303371434	3881249.6218577125	120
507606.9979383265	3881249.721795243	120
507606.9979383265	3881249.721795243	120
507607.16196916415	3881249.810650646	120
507607.16196916415	3881249.810650646	120
507607.3168830478	3881249.8994984212	120
507607.3168830478	3881249.8994984212	120
507607.61758457916	3881250.0882761125	120
507607.61758457916	3881250.0882761125	120
507607.77249845595	3881250.1771238954	120
507607.77249845595	3881250.1771238954	120
507607.9182953793	3881250.265964051	120
507607.9182953793	3881250.265964051	120
507608.06409229984	3881250.3548042113	120
507608.2098892198	3881250.443644371	120
507608.2098892198	3881250.443644371	120
507608.2098892198	3881250.443644371	120
507608.3556768528	3881250.543574294	120
507608.5014737646	3881250.632414459	120
507608.3556768528	3881250.543574294	120
507608.5014737646	3881250.632414459	120
507608.6381537259	3881250.721246997	120
507608.6381537259	3881250.721246997	120
507608.7839599167	3881250.7989974082	120
507608.9206398727	3881250.887829949	120
507608.9206398727	3881250.887829949	120
507608.9206398727	3881250.887829949	120
507609.0573291087	3881250.9655727344	120
507609.0573291087	3881250.9655727344	120
507609.1940090596	3881251.05440528	120
507609.1940090596	3881251.05440528	120
507609.33069829305	3881251.132148068	120
507609.33069829305	3881251.132148068	120
507609.45827057475	3881251.209883227	120
507609.45827057475	3881251.209883227	120
507609.59495980135	3881251.2876260183	120
507609.59495980135	3881251.2876260183	120
507609.86832896614	3881251.454201369	120
507609.86832896614	3881251.454201369	120
507610.00500890176	3881251.5430339267	120
507610.1325811742	3881251.6207690947	120
507610.1325811742	3881251.6207690947	120
507610.1325811742	3881251.6207690947	120
507610.26926110475	3881251.709601658	120
507610.3968333703	3881251.787336829	120
507610.3968333703	3881251.787336829	120
507610.3968333703	3881251.787336829	120
507610.5244056337	3881251.865072002	120
507610.5244056337	3881251.865072002	120
507610.6519778972	3881251.942807177	120
507610.6519778972	3881251.942807177	120
507610.77955015394	3881252.020542355	120
507610.77955015394	3881252.020542355	120
507610.9071224108	3881252.0982775358	120
507610.9071224108	3881252.0982775358	120
507611.0346946654	3881252.1760127153	120
507611.0346946654	3881252.1760127153	120
507611.1531499741	3881252.2537402655	120
507611.1531499741	3881252.2537402655	120
507611.2807129391	3881252.342565208	120
507611.2807129391	3881252.342565208	120
507611.3991682412	3881252.420292761	120
507611.3991682412	3881252.420292761	120
507611.52674048947	3881252.4980279496	120
507611.52674048947	3881252.4980279496	120
507611.6451864993	3881252.5868452657	120
507611.6451864993	3881252.5868452657	120
507611.8912047507	3881252.753397774	120
507611.8912047507	3881252.753397774	120
507612.00966004224	3881252.831125335	120
507612.00966004224	3881252.831125335	120
507612.1372322772	3881252.9088605316	120
507612.1372322772	3881252.9088605316	120
507612.25567827804	3881252.9976778533	120
507612.25567827804	3881252.9976778533	120
507612.37413356325	3881253.0754054193	120
507612.37413356325	3881253.0754054193	120
507612.4925888465	3881253.1531329867	120
507612.4925888465	3881253.1531329867	120
507612.62016107515	3881253.230868191	120
507612.62016107515	3881253.230868191	120
507612.73862563906	3881253.2975060004	120
507612.73862563906	3881253.2975060004	120
507612.85709020356	3881253.364143814	120
507612.85709020356	3881253.364143814	120
507612.98468100105	3881253.4196995036	120
507612.98468100105	3881253.4196995036	120
507613.10314556217	3881253.486337318	120
507613.10314556217	3881253.486337318	120
507613.23073635413	3881253.541893011	120
507613.23073635413	3881253.541893011	120
507613.3492101997	3881253.5974410716	120
507613.3492101997	3881253.5974410716	120
507613.4767917006	3881253.6640865277	120
507613.4767917006	3881253.6640865277	120
507613.59526554315	3881253.7196345907	120
507613.59526554315	3881253.7196345907	120
507613.83221322385	3881253.8307307195	120
507613.95067777345	3881253.8973685466	120
507613.83221322385	3881253.8307307195	120
507613.95067777345	3881253.8973685466	120
507614.0782685568	3881253.952924252	120
507614.20585933625	3881254.0084799584	120
507614.20585933625	3881254.0084799584	120
507614.20585933625	3881254.0084799584	120
507614.33344082505	3881254.075125427	120
507614.47012996697	3881254.1528682928	120
507614.47012996697	3881254.1528682928	120
507614.47012996697	3881254.1528682928	120
507614.606828396	3881254.219521401	120
507614.74351753574	3881254.297264272	120
507614.606828396	3881254.219521401	120
507614.74351753574	3881254.297264272	120
507614.8802066708	3881254.3750071437	120
507614.8802066708	3881254.3750071437	120
507615.00777885964	3881254.4527423806	120
507615.00777885964	3881254.4527423806	120
507615.1353510462	3881254.530477621	120
507615.26293252327	3881254.5971231014	120
507615.1353510462	3881254.530477621	120
507615.3905047057	3881254.6748583447	120
507615.26293252327	3881254.5971231014	120
507615.3905047057	3881254.6748583447	120
507615.51807688596	3881254.752593588	120
507615.64564906404	3881254.830328834	120
507615.64564906404	3881254.830328834	120
507615.9099103593	3881254.98580697	120
507615.64564906404	3881254.830328834	120
507615.9099103593	3881254.98580697	120
507616.0465994741	3881255.063549861	120
507616.0465994741	3881255.063549861	120
507616.1741809347	3881255.1301953546	120
507616.1741809347	3881255.1301953546	120
507616.3017623933	3881255.1968408506	120
507616.3017623933	3881255.1968408506	120
507616.42022690934	3881255.2634787094	120
507616.5478083644	3881255.3301242087	120
507616.5478083644	3881255.3301242087	120
507616.6753898175	3881255.39676971	120
507616.5478083644	3881255.3301242087	120
507616.6753898175	3881255.39676971	120
507616.8120882117	3881255.4634228526	120
507616.8120882117	3881255.4634228526	120
507616.9487866062	3881255.5300759957	120
507616.9487866062	3881255.5300759957	120
507617.0945926467	3881255.607826542	120
507617.2495249201	3881255.6744949687	120
507617.2495249201	3881255.6744949687	120
507617.2495249201	3881255.6744949687	120
507617.4044478983	3881255.7522531585	120
507617.4044478983	3881255.7522531585	120
507617.55938016926	3881255.818921591	120
507617.55938016926	3881255.818921591	120
507617.72342938045	3881255.8855976667	120
507617.72342938045	3881255.8855976667	120
507617.87836164446	3881255.9522661055	120
507617.87836164446	3881255.9522661055	120
507618.17910922575	3881256.0855953493	120
507618.17910922575	3881256.0855953493	120
507618.3249245408	3881256.152256155	120
507618.3249245408	3881256.152256155	120
507618.4616229139	3881256.218909322	120
507618.4616229139	3881256.218909322	120
507618.5983212827	3881256.285562491	120
507618.5983212827	3881256.285562491	120
507618.735010355	3881256.363305422	120
507618.735010355	3881256.363305422	120
507618.8716994249	3881256.4410483534	120
507618.8716994249	3881256.4410483534	120
507619.0175147293	3881256.507709171	120
507619.0175147293	3881256.507709171	120
507619.16332073876	3881256.5854597497	120
507619.16332073876	3881256.5854597497	120
507619.3091267434	3881256.66321033	120
507619.3091267434	3881256.66321033	120
507619.4549327456	3881256.740960913	120
507619.4549327456	3881256.740960913	120
507619.60986498476	3881256.8076293804	120
507619.75567098206	3881256.8853799687	120
507619.75567098206	3881256.8853799687	120
507619.75567098206	3881256.8853799687	120
507619.9014862751	3881256.9520408	120
507619.9014862751	3881256.9520408	120
507620.04730156367	3881257.018701633	120
507620.1931261464	3881257.074272709	120
507620.04730156367	3881257.018701633	120
507620.4665321275	3881257.1964893425	120
507620.4665321275	3881257.1964893425	120
507620.60323976836	3881257.2520527816	120
507620.60323976836	3881257.2520527816	120
507620.60323976836	3881257.2520527816	120
507620.73083046183	3881257.307608581	120
507620.73083046183	3881257.307608581	120
507620.86753809475	3881257.363172026	120
507620.86753809475	3881257.363172026	120
507621.004245726	3881257.4187354706	120
507621.004245726	3881257.4187354706	120
507621.15006099903	3881257.485396322	120
507621.15006099903	3881257.485396322	120
507621.3050025107	3881257.540975059	120
507621.3050025107	3881257.540975059	120
507621.46905166114	3881257.607651204	120
507621.6331008115	3881257.67432735	120
507621.46905166114	3881257.607651204	120
507621.80627619603	3881257.729921382	120
507621.6331008115	3881257.67432735	120
507621.80627619603	3881257.729921382	120
507621.9703346401	3881257.785507777	120
507621.9703346401	3881257.785507777	120
507622.14351932146	3881257.8300120574	120
507622.14351932146	3881257.8300120574	120
507622.3075777594	3881257.885598456	120
507622.47164549434	3881257.930095098	120
507622.47164549434	3881257.930095098	120
507622.6266055889	3881257.96349434	120
507622.6266055889	3881257.96349434	120
507622.6266055889	3881257.96349434	120
507622.93651647266	3881258.0413825903	120
507622.93651647266	3881258.0413825903	120
507623.0823689208	3881258.0636844332	120
507623.22821207053	3881258.0970760393	120
507623.0823689208	3881258.0636844332	120
507623.22821207053	3881258.0970760393	120
507623.3740645171	3881258.1193778887	120
507623.5199169629	3881258.141679741	120
507623.3740645171	3881258.1193778887	120
507623.5199169629	3881258.141679741	120
507623.6657694103	3881258.1639815937	120
507623.6657694103	3881258.1639815937	120
507623.8298557374	3881258.1862987424	120
507623.8298557374	3881258.1862987424	120
507623.99394205905	3881258.208615892	120
507623.99394205905	3881258.208615892	120
507624.15802838455	3881258.230933047	120
507624.15802838455	3881258.230933047	120
507624.3312223481	3881258.26434761	120
507624.3312223481	3881258.26434761	120
507624.5135425496	3881258.286680064	120
507624.5135425496	3881258.286680064	120
507624.68674581253	3881258.309004875	120
507624.68674581253	3881258.309004875	120
507624.8508321346	3881258.331322042	120
507624.8508321346	3881258.331322042	120
507625.0331523335	3881258.353654506	120
507625.0331523335	3881258.353654506	120
507625.2063648963	3881258.364889566	120
507625.2063648963	3881258.364889566	120
507625.57101459545	3881258.398464754	120
507625.57101459545	3881258.398464754	120
507625.7624610367	3881258.4097151197	120
507625.94479053747	3881258.420957844	120
507625.7624610367	3881258.4097151197	120
507626.13624627894	3881258.4211184597	120
507626.13624627894	3881258.4211184597	120
507626.13624627894	3881258.4211184597	120
507626.32771132886	3881258.4101893185	120
507626.5191763746	3881258.399260185	120
507626.32771132886	3881258.4101893185	120
507626.5191763746	3881258.399260185	120
507626.70151517657	3881258.399413164	120
507626.70151517657	3881258.399413164	120
507626.89298022765	3881258.388484036	120
507626.89298022765	3881258.388484036	120
507627.09357151925	3881258.3664728003	120
507627.09357151925	3881258.3664728003	120
507627.2850458741	3881258.3444539215	120
507627.2850458741	3881258.3444539215	120
507627.4856464751	3881258.3113529375	120
507627.4856464751	3881258.3113529375	120
507627.67713013745	3881258.2782443063	120
507627.8686137989	3881258.2451356803	120
507627.67713013745	3881258.2782443063	120
507627.8686137989	3881258.2451356803	120
507628.06011607585	3881258.1898475396	120
507628.06011607585	3881258.1898475396	120
507628.251609049	3881258.1456491626	120
507628.251609049	3881258.1456491626	120
507628.6254873648	3881258.0461550085	120
507628.6254873648	3881258.0461550085	120
507628.8078727125	3881257.990859232	120
507628.8078727125	3881257.990859232	120
507628.9811504243	3881257.924466048	120
507628.9811504243	3881257.924466048	120
507629.16354508145	3881257.8580805194	120
507629.16354508145	3881257.8580805194	120
507629.336813491	3881257.8027771018	120
507629.336813491	3881257.8027771018	120
507629.5100912126	3881257.736383927	120
507629.5100912126	3881257.736383927	120
507629.6833782445	3881257.658900999	120
507629.6833782445	3881257.658900999	120
507629.84753902594	3881257.5925001805	120
507629.84753902594	3881257.5925001805	120
507630.0208167553	3881257.526107017	120
507630.18498685467	3881257.448616443	120
507630.0208167553	3881257.526107017	120
507630.3491569569	3881257.371125875	120
507630.18498685467	3881257.448616443	120
507630.3491569569	3881257.371125875	120
507630.50421011617	3881257.293627654	120
507630.50421011617	3881257.293627654	120
507630.6592632827	3881257.216129438	120
507630.6592632827	3881257.216129438	120
507630.80520881753	3881257.127533812	120
507630.80520881753	3881257.127533812	120
507630.9602619895	3881257.0500356	120
507630.9602619895	3881257.0500356	120
507631.26126070734	3881256.8839417724	120
507631.26126070734	3881256.8839417724	120
507631.416313885	3881256.806443568	120
507631.416313885	3881256.806443568	120
507631.56225012604	3881256.7289377134	120
507631.56225012604	3881256.7289377134	120
507631.71729399863	3881256.662529274	120
507631.71729399863	3881256.662529274	120
507631.87233787583	3881256.5961208385	120
507632.0182648111	3881256.529704749	120
507632.0182648111	3881256.529704749	120
507632.0182648111	3881256.529704749	120
507632.1642010594	3881256.4521989035	120
507632.3010203704	3881256.3746854067	120
507632.1642010594	3881256.4521989035	120
507632.4378396815	3881256.297171911	120
507632.3010203704	3881256.3746854067	120
507632.4378396815	3881256.297171911	120
507632.5746589949	3881256.219658418	120
507632.5746589949	3881256.219658418	120
507632.7023706822	3881256.1310475115	120
507632.7023706822	3881256.1310475115	120
507632.8300730581	3881256.053526367	120
507632.8300730581	3881256.053526367	120
507632.95777543605	3881255.976005225	120
507633.08548712824	3881255.8873943244	120
507633.08548712824	3881255.8873943244	120
507633.20407256816	3881255.809865529	120
507633.20407256816	3881255.809865529	120
507633.20407256816	3881255.809865529	120
507633.4321358261	3881255.643710528	120
507633.54161363957	3881255.555084323	120
507633.54161363957	3881255.555084323	120
507633.54161363957	3881255.555084323	120
507633.6510914598	3881255.466458118	120
507633.6510914598	3881255.466458118	120
507633.7514430217	3881255.388914018	120
507633.7514430217	3881255.388914018	120
507633.8517945876	3881255.31136992	120
507633.8517945876	3881255.31136992	120
507633.95214615297	3881255.2338258233	120
507633.95214615297	3881255.2338258233	120
507634.04338078137	3881255.1562740696	120
507634.04338078137	3881255.1562740696	120
507634.134615409	3881255.0787223196	120
507634.2258500383	3881255.001170568	120
507634.2258500383	3881255.001170568	120
507634.31709398254	3881254.912529058	120
507634.31709398254	3881254.912529058	120
507634.4083286127	3881254.8349773097	120
507634.31709398254	3881254.912529058	120
507634.4083286127	3881254.8349773097	120
507634.48132004566	3881254.768500007	120
507634.5451945337	3881254.7020150484	120
507634.5451945337	3881254.7020150484	120
507634.5451945337	3881254.7020150484	120
507634.6090597089	3881254.646619849	120
507634.65468168794	3881254.602299098	120
507634.65468168794	3881254.602299098	120
507634.65468168794	3881254.602299098	120
507634.7094299206	3881254.5468962435	120
507634.7094299206	3881254.5468962435	120
507634.7003129767	3881254.546888586	120
507634.7003129767	3881254.546888586	120
507634.68206046114	3881254.5690527903	120
507634.68206046114	3881254.5690527903	120
507634.6638079456	3881254.5912169944	120
507634.6638079456	3881254.5912169944	120
507634.65468168794	3881254.602299098	120
507634.64555542794	3881254.6133811995	120
507634.64555542794	3881254.6133811995	120
507634.64555542794	3881254.6133811995	120
507634.6364384841	3881254.6133735427	120
507634.63642917026	3881254.6244633016	120
507634.63642917026	3881254.6244633016	120
507634.63642917026	3881254.6244633016	120
507634.63642917026	3881254.6244633016	120
507634.6273029126	3881254.635545404	120
507634.63642917026	3881254.6244633016	120
507634.6273029126	3881254.635545404	120
507634.6273029126	3881254.635545404	120
507634.6273029126	3881254.635545404	120
507634.6273029126	3881254.635545404	120
507634.6273029126	3881254.635545404	120
507634.6273029126	3881254.635545404	120
507634.6273029126	3881254.635545404	120
507634.6273029126	3881254.635545404	120
507634.6273029126	3881254.635545404	120
507634.6273029126	3881254.635545404	120
507634.6273029126	3881254.635545404	120
507634.6273029126	3881254.635545404	120
