507414.81774598383	3881198.616620922	120
166021.4431793313	0.0	120
507414.81774598383	3881198.616620922	120
507414.81774598383	3881198.616620922	120
507414.81774598383	3881198.616620922	120
507414.81775502936	3881198.6055311635	120
507414.81775502936	3881198.6055311635	120
507414.81775502936	3881198.6055311635	120
507414.81775502936	3881198.6055311635	120
507414.7995391189	3881198.5833367743	120
507414.7995391189	3881198.5833367743	120
507414.772206211	3881198.561134948	120
507414.7357563033	3881198.538925686	120
507414.7357563033	3881198.538925686	120
507414.7357563033	3881198.538925686	120
507414.6901893958	3881198.5167089873	120
507414.6901893958	3881198.5167089873	120
507414.63551452896	3881198.4833950964	120
507414.63551452896	3881198.4833950964	120
507414.5626056669	3881198.450066331	120
507414.5626056669	3881198.450066331	120
507414.498822847	3881198.4056552444	120
507414.498822847	3881198.4056552444	120
507414.42592302884	3881198.361236723	120
507414.3439152528	3881198.305721008	120
507414.42592302884	3881198.361236723	120
507414.3439152528	3881198.305721008	120
507414.2618984308	3881198.261295052	120
507414.2618984308	3881198.261295052	120
507414.17078269995	3881198.1946821436	120
507414.17078269995	3881198.1946821436	120
507414.0705499653	3881198.128061801	120
507413.9612092713	3881198.050344265	120
507414.0705499653	3881198.128061801	120
507413.9612092713	3881198.050344265	120
507413.72427579545	3881197.9170738445	120
507413.72427579545	3881197.9170738445	120
507413.5875840925	3881197.839334008	120
507413.5875840925	3881197.839334008	120
507413.45089239185	3881197.761594173	120
507413.45089239185	3881197.761594173	120
507413.33243469225	3881197.683869211	120
507413.33243469225	3881197.683869211	120
507413.21396794467	3881197.617234007	120
507413.21396794467	3881197.617234007	120
507413.10462723713	3881197.5395164825	120
507413.10462723713	3881197.5395164825	120
507412.9861604884	3881197.4728812827	120
507412.9861604884	3881197.4728812827	120
507412.86770277633	3881197.395156325	120
507412.86770277633	3881197.395156325	120
507412.74925410765	3881197.306341613	120
507412.6216793928	3881197.228609225	120
507412.6216793928	3881197.228609225	120
507412.49410467345	3881197.1508768387	120
507412.49410467345	3881197.1508768387	120
507412.49410467345	3881197.1508768387	120
507412.35741295316	3881197.0731370207	120
507412.2207121881	3881197.0064869625	120
507412.2207121881	3881197.0064869625	120
507412.1022544658	3881196.9287620173	120
507412.1022544658	3881196.9287620173	120
507412.1022544658	3881196.9287620173	120
507411.9837876994	3881196.8621268296	120
507411.746872245	3881196.706676944	120
507411.9837876994	3881196.8621268296	120
507411.746872245	3881196.706676944	120
507411.62841451477	3881196.628952004	120
507411.50995678245	3881196.5512270643	120
507411.50995678245	3881196.5512270643	120
507411.3914900045	3881196.484591886	120
507411.3914900045	3881196.484591886	120
507411.3914900045	3881196.484591886	120
507411.27303226833	3881196.4068669504	120
507411.27303226833	3881196.4068669504	120
507411.1545654914	3881196.3402317744	120
507411.1545654914	3881196.3402317744	120
507411.0269817085	3881196.2735891673	120
507410.9176319254	3881196.206961428	120
507411.0269817085	3881196.2735891673	120
507410.9176319254	3881196.206961428	120
507410.7991651432	3881196.1403262555	120
507410.68069835467	3881196.073691086	120
507410.68069835467	3881196.073691086	120
507410.68069835467	3881196.073691086	120
507410.5622406071	3881195.995966159	120
507410.5622406071	3881195.995966159	120
507410.4346658552	3881195.918233804	120
507410.4346658552	3881195.918233804	120
507410.31620810117	3881195.840508879	120
507410.1795073027	3881195.773858853	120
507410.31620810117	3881195.840508879	120
507410.1795073027	3881195.773858853	120
507410.0519325444	3881195.696126502	120
507409.8058819451	3881195.5628487514	120
507409.8058819451	3881195.5628487514	120
507409.6874151441	3881195.496213595	120
507409.6874151441	3881195.496213595	120
507409.5689483391	3881195.4295784403	120
507409.5689483391	3881195.4295784403	120
507409.44137357076	3881195.351846097	120
507409.44137357076	3881195.351846097	120
507409.3137988026	3881195.2741137547	120
507409.3137988026	3881195.2741137547	120
507409.19534103293	3881195.1963888467	120
507409.19534103293	3881195.1963888467	120
507409.05864925275	3881195.118649079	120
507409.05864925275	3881195.118649079	120
507409.05864925275	3881195.118649079	120
507408.9310654373	3881195.0520065017	120
507408.8034816201	3881194.985363926	120
507408.8034816201	3881194.985363926	120
507408.6850148019	3881194.918728782	120
507408.6850148019	3881194.918728782	120
507408.5574219431	3881194.863175968	120
507408.5574219431	3881194.863175968	120
507408.4389551239	3881194.7965408275	120
507408.5574219431	3881194.863175968	120
507408.31137130177	3881194.7298982604	120
507408.4389551239	3881194.7965408275	120
507408.31137130177	3881194.7298982604	120
507408.1746795047	3881194.652158505	120
507408.1746795047	3881194.652158505	120
507408.0379877099	3881194.5744187525	120
507408.0379877099	3881194.5744187525	120
507407.90129591286	3881194.4966790015	120
507407.7646041134	3881194.4189392524	120
507407.90129591286	3881194.4966790015	120
507407.6370293155	3881194.3412069357	120
507407.6370293155	3881194.3412069357	120
507407.6370293155	3881194.3412069357	120
507407.5003284749	3881194.2745569483	120
507407.5003284749	3881194.2745569483	120
507407.38187067444	3881194.1968320636	120
507407.26340384025	3881194.1301969397	120
507407.26340384025	3881194.1301969397	120
507407.26340384025	3881194.1301969397	120
507407.1449550743	3881194.0413822997	120
507407.1449550743	3881194.0413822997	120
507407.0173712275	3881193.9747397495	120
507406.8806794127	3881193.897000013	120
507407.0173712275	3881193.9747397495	120
507406.74398759555	3881193.8192602806	120
507406.74398759555	3881193.8192602806	120
507406.74398759555	3881193.8192602806	120
507406.61640374496	3881193.752617736	120
507406.61640374496	3881193.752617736	120
507406.4888289256	3881193.6748854346	120
507406.4888289256	3881193.6748854346	120
507406.36124507117	3881193.6082428945	120
507406.36124507117	3881193.6082428945	120
507406.2336612149	3881193.5416003545	120
507406.2336612149	3881193.5416003545	120
507406.1151943614	3881193.4749652445	120
507406.1151943614	3881193.4749652445	120
507405.98761049914	3881193.4083227096	120
507405.98761049914	3881193.4083227096	120
507405.8600447065	3881193.319500658	120
507405.8600447065	3881193.319500658	120
507405.72335287195	3881193.24176094	120
507405.5957780401	3881193.1640286515	120
507405.5957780401	3881193.1640286515	120
507405.5957780401	3881193.1640286515	120
507405.4590771646	3881193.0973786963	120
507405.4590771646	3881193.0973786963	120
507405.33150232845	3881193.019646411	120
507405.33150232845	3881193.019646411	120
507405.20391845633	3881192.9530038857	120
507405.20391845633	3881192.9530038857	120
507405.08545159	3881192.8863687892	120
507405.08545159	3881192.8863687892	120
507404.96699375083	3881192.8086439385	120
507404.8394098731	3881192.742001418	120
507404.8394098731	3881192.742001418	120
507404.70272705436	3881192.6531719565	120
507404.8394098731	3881192.742001418	120
507404.70272705436	3881192.6531719565	120
507404.5660442329	3881192.564342499	120
507404.42023536796	3881192.486595373	120
507404.42023536796	3881192.486595373	120
507404.2835525413	3881192.39776592	120
507404.42023536796	3881192.486595373	120
507404.1377436736	3881192.3200188014	120
507404.1377436736	3881192.3200188014	120
507404.1377436736	3881192.3200188014	120
507404.001051807	3881192.242279109	120
507403.8643599404	3881192.1645394196	120
507403.8643599404	3881192.1645394196	120
507403.8643599404	3881192.1645394196	120
507403.72765903716	3881192.097889491	120
507403.60008417454	3881192.02015723	120
507403.72765903716	3881192.097889491	120
507403.60008417454	3881192.02015723	120
507403.45427529264	3881191.942410121	120
507403.45427529264	3881191.942410121	120
507403.3175834169	3881191.8646704406	120
507403.17177453235	3881191.7869233373	120
507403.17177453235	3881191.7869233373	120
507403.17177453235	3881191.7869233373	120
507403.025965643	3881191.7091762335	120
507402.8892737601	3881191.63143656	120
507402.8892737601	3881191.63143656	120
507402.7616988791	3881191.553704311	120
507402.8892737601	3881191.63143656	120
507402.7616988791	3881191.553704311	120
507402.63412399834	3881191.475972064	120
507402.63412399834	3881191.475972064	120
507402.51565709396	3881191.409337002	120
507402.3880731764	3881191.3426945168	120
507402.3880731764	3881191.3426945168	120
507402.2604982894	3881191.264962275	120
507402.2604982894	3881191.264962275	120
507402.1238063933	3881191.1872226126	120
507402.1238063933	3881191.1872226126	120
507402.1238063933	3881191.1872226126	120
507401.98710546497	3881191.1205727095	120
507401.85041356203	3881191.0428330502	120
507401.98710546497	3881191.1205727095	120
507401.72282963904	3881190.9761905745	120
507401.72282963904	3881190.9761905745	120
507401.72282963904	3881190.9761905745	120
507401.58612869994	3881190.9095406774	120
507401.58612869994	3881190.9095406774	120
507401.46766178054	3881190.8429056285	120
507401.46766178054	3881190.8429056285	120
507401.3400778497	3881190.776263159	120
507401.2216109221	3881190.709628112	120
507401.2216109221	3881190.709628112	120
507401.2216109221	3881190.709628112	120
507401.0940360163	3881190.631895888	120
507401.0940360163	3881190.631895888	120
507400.9664520797	3881190.565253422	120
507400.8388681413	3881190.4986109594	120
507400.8388681413	3881190.4986109594	120
507400.7112841986	3881190.4319684976	120
507400.7112841986	3881190.4319684976	120
507400.5837092846	3881190.3542362805	120
507400.5837092846	3881190.3542362805	120
507400.5837092846	3881190.3542362805	120
507400.4561253404	3881190.2875938215	120
507400.4561253404	3881190.2875938215	120
507400.33765840234	3881190.2209587884	120
507400.33765840234	3881190.2209587884	120
507400.2192004902	3881190.1432339973	120
507400.2192004902	3881190.1432339973	120
507400.10074257606	3881190.0655092085	120
507400.10074257606	3881190.0655092085	120
507399.97316764935	3881189.987776999	120
507399.97316764935	3881189.987776999	120
507399.84559272276	3881189.9100447916	120
507399.84559272276	3881189.9100447916	120
507399.70890078566	3881189.832305165	120
507399.5722088462	3881189.7545655402	120
507399.5722088462	3881189.7545655402	120
507399.5722088462	3881189.7545655402	120
507399.4446248862	3881189.6879230966	120
507399.4446248862	3881189.6879230966	120
507399.3170499486	3881189.6101908972	120
507399.3170499486	3881189.6101908972	120
507399.1985920221	3881189.5324661206	120
507399.1985920221	3881189.5324661206	120
507399.080125065	3881189.4658311023	120
507399.080125065	3881189.4658311023	120
507398.96166712994	3881189.3881063275	120
507398.96166712994	3881189.3881063275	120
507398.84320919524	3881189.3103815555	120
507398.7156342518	3881189.232649365	120
507398.7156342518	3881189.232649365	120
507398.7156342518	3881189.232649365	120
507398.58805930166	3881189.1549171745	120
507398.45136734244	3881189.0771775674	120
507398.45136734244	3881189.0771775674	120
507398.3237923901	3881188.9994453816	120
507398.45136734244	3881189.0771775674	120
507398.3237923901	3881188.9994453816	120
507398.1962174356	3881188.9217131967	120
507398.1962174356	3881188.9217131967	120
507398.06863345153	3881188.855070773	120
507397.9410494679	3881188.788428351	120
507398.06863345153	3881188.855070773	120
507397.9410494679	3881188.788428351	120
507397.8134654824	3881188.72178593	120
507397.5491895206	3881188.577403918	120
507397.8134654824	3881188.72178593	120
507397.4124885173	3881188.5107540837	120
507397.4124885173	3881188.5107540837	120
507397.4124885173	3881188.5107540837	120
507397.2757875143	3881188.4441042524	120
507397.2757875143	3881188.4441042524	120
507397.0023945237	3881188.2997148363	120
507397.0023945237	3881188.2997148363	120
507396.86569351447	3881188.233065011	120
507396.73810951336	3881188.166422605	120
507396.73810951336	3881188.166422605	120
507396.73810951336	3881188.166422605	120
507396.6014175212	3881188.088683025	120
507396.6014175212	3881188.088683025	120
507396.464725529	3881188.0109434472	120
507396.464725529	3881188.0109434472	120
507396.32804255746	3881187.9221141143	120
507396.32804255746	3881187.9221141143	120
507396.19135056046	3881187.84437454	120
507396.19135056046	3881187.84437454	120
507396.0546585611	3881187.7666349686	120
507396.0546585611	3881187.7666349686	120
507395.9179665571	3881187.688895399	120
507395.9179665571	3881187.688895399	120
507395.790391566	3881187.6111632497	120
507395.790391566	3881187.6111632497	120
507395.66281656804	3881187.5334311016	120
507395.66281656804	3881187.5334311016	120
507395.544358581	3881187.455706373	120
507395.544358581	3881187.455706373	120
507395.41678358114	3881187.377974227	120
507395.41678358114	3881187.377974227	120
507395.2800915682	3881187.3002346684	120
507395.1433995505	3881187.22249511	120
507395.1433995505	3881187.22249511	120
507395.1433995505	3881187.22249511	120
507395.0067075329	3881187.1447555544	120
507395.0067075329	3881187.1447555544	120
507394.8791325241	3881187.0670234174	120
507394.8791325241	3881187.0670234174	120
507394.74244049954	3881186.9892838662	120
507394.6057394541	3881186.922634075	120
507394.74244049954	3881186.9892838662	120
507394.6057394541	3881186.922634075	120
507394.4781644364	3881186.8449019426	120
507394.4781644364	3881186.8449019426	120
507394.34147240745	3881186.7671623975	120
507394.34147240745	3881186.7671623975	120
507394.20478939643	3881186.678333096	120
507394.0681063828	3881186.589503797	120
507394.20478939643	3881186.678333096	120
507394.0681063828	3881186.589503797	120
507393.9314143465	3881186.511764257	120
507393.9314143465	3881186.511764257	120
507393.7856052961	3881186.434017305	120
507393.7856052961	3881186.434017305	120
507393.6489132527	3881186.3562777694	120
507393.6489132527	3881186.3562777694	120
507393.51222120924	3881186.2785382373	120
507393.3755291612	3881186.2007987048	120
507393.3755291612	3881186.2007987048	120
507393.24795412517	3881186.123066592	120
507393.24795412517	3881186.123066592	120
507393.24795412517	3881186.123066592	120
507393.11126207485	3881186.045327065	120
507393.11126207485	3881186.045327065	120
507392.9745700222	3881185.9675875395	120
507392.82876095484	3881185.8898406024	120
507392.82876095484	3881185.8898406024	120
507392.82876095484	3881185.8898406024	120
507392.6920688951	3881185.8121010815	120
507392.555367817	3881185.7454513214	120
507392.555367817	3881185.7454513214	120
507392.555367817	3881185.7454513214	120
507392.4277927653	3881185.667719219	120
507392.4277927653	3881185.667719219	120
507392.300217716	3881185.5899871183	120
507392.300217716	3881185.5899871183	120
507392.181759675	3881185.512262434	120
507392.0450585887	3881185.4456126806	120
507392.181759675	3881185.512262434	120
507391.8992495027	3881185.367865758	120
507391.8992495027	3881185.367865758	120
507391.76255742717	3881185.2901262515	120
507391.76255742717	3881185.2901262515	120
507391.76255742717	3881185.2901262515	120
507391.607631328	3881185.2123719207	120
507391.4618132176	3881185.1457147636	120
507391.607631328	3881185.2123719207	120
507391.4618132176	3881185.1457147636	120
507391.3160041242	3881185.067967852	120
507391.17930302484	3881185.001318112	120
507391.17930302484	3881185.001318112	120
507391.17930302484	3881185.001318112	120
507391.051727951	3881184.9235860277	120
507391.051727951	3881184.9235860277	120
507390.9150358638	3881184.845846535	120
507390.9150358638	3881184.845846535	120
507390.7692267586	3881184.768099631	120
507390.7692267586	3881184.768099631	120
507390.6234266693	3881184.679262971	120
507390.46850054763	3881184.6015086607	120
507390.46850054763	3881184.6015086607	120
507390.46850054763	3881184.6015086607	120
507390.31357442104	3881184.523754351	120
507390.31357442104	3881184.523754351	120
507390.1677653079	3881184.4460074576	120
507390.1677653079	3881184.4460074576	120
507390.0219561899	3881184.3682605657	120
507389.8761470717	3881184.290513675	120
507389.8761470717	3881184.290513675	120
507389.8761470717	3881184.290513675	120
507389.7303289362	3881184.223856548	120
507389.7303289362	3881184.223856548	120
507389.5754118116	3881184.1350124935	120
507389.5754118116	3881184.1350124935	120
507389.42048567405	3881184.057258199	120
507389.42048567405	3881184.057258199	120
507389.2655685436	3881183.9684141506	120
507389.2655685436	3881183.9684141506	120
507389.11065141007	3881183.879570105	120
507389.11065141007	3881183.879570105	120
507388.9557342758	3881183.7907260624	120
507388.80081713625	3881183.7018820215	120
507388.80081713625	3881183.7018820215	120
507388.80081713625	3881183.7018820215	120
507388.655007997	3881183.624135153	120
507388.655007997	3881183.624135153	120
507388.5183248833	3881183.5353059373	120
507388.5183248833	3881183.5353059373	120
507388.3725247499	3881183.446469313	120
507388.22672461596	3881183.357632693	120
507388.22672461596	3881183.357632693	120
507388.22672461596	3881183.357632693	120
507388.0809244792	3881183.2687960733	120
507388.0809244792	3881183.2687960733	120
507387.9351243372	3881183.1799594574	120
507387.7893151822	3881183.1022126013	120
507387.9351243372	3881183.1799594574	120
507387.7893151822	3881183.1022126013	120
507387.6435060247	3881183.0244657476	120
507387.4976968624	3881182.9467188977	120
507387.4976968624	3881182.9467188977	120
507387.4976968624	3881182.9467188977	120
507387.3610047152	3881182.868979457	120
507387.20607853495	3881182.791225203	120
507387.3610047152	3881182.868979457	120
507387.06026936515	3881182.7134783566	120
507387.06026936515	3881182.7134783566	120
507387.06026936515	3881182.7134783566	120
507386.90534317965	3881182.6357241077	120
507386.90534317965	3881182.6357241077	120
507386.7595340071	3881182.557977268	120
507386.7595340071	3881182.557977268	120
507386.61372482975	3881182.4802304315	120
507386.61372482975	3881182.4802304315	120
507386.46791565226	3881182.4024835974	120
507386.46791565226	3881182.4024835974	120
507386.32210646995	3881182.324736764	120
507386.32210646995	3881182.324736764	120
507386.18540529284	3881182.2580871014	120
507386.18540529284	3881182.2580871014	120
507386.0396051185	3881182.1692505144	120
507385.89379593113	3881182.0915036886	120
507386.0396051185	3881182.1692505144	120
507385.747995749	3881182.002667109	120
507385.747995749	3881182.002667109	120
507385.747995749	3881182.002667109	120
507385.59306954016	3881181.924912881	120
507385.59306954016	3881181.924912881	120
507385.4472603427	3881181.847166063	120
507385.4472603427	3881181.847166063	120
507385.3014511451	3881181.769419247	120
507385.3014511451	3881181.769419247	120
507385.15565095434	3881181.680582676	120
507385.15565095434	3881181.680582676	120
507385.01895876817	3881181.6028432716	120
507385.01895876817	3881181.6028432716	120
507384.8731585696	3881181.514006706	120
507384.8731585696	3881181.514006706	120
507384.736475385	3881181.425177546	120
507384.59067518316	3881181.336340984	120
507384.736475385	3881181.425177546	120
507384.4448749762	3881181.247504425	120
507384.59067518316	3881181.336340984	120
507384.4448749762	3881181.247504425	120
507384.3081917857	3881181.158675273	120
507384.3081917857	3881181.158675273	120
507384.16238256736	3881181.080928475	120
507384.16238256736	3881181.080928475	120
507384.0165823544	3881180.9920919235	120
507384.0165823544	3881180.9920919235	120
507383.71585589275	3881180.8255011775	120
507383.71585589275	3881180.8255011775	120
507383.57004666165	3881180.7477543894	120
507383.57004666165	3881180.7477543894	120
507383.4151204152	3881180.6700001983	120
507383.26019416144	3881180.5922460104	120
507383.4151204152	3881180.6700001983	120
507383.26019416144	3881180.5922460104	120
507383.1143939319	3881180.503409473	120
507383.1143939319	3881180.503409473	120
507382.9685846928	3881180.4256626945	120
507382.9685846928	3881180.4256626945	120
507382.83190147096	3881180.336833565	120
507382.83190147096	3881180.336833565	120
507382.6860922268	3881180.259086791	120
507382.6860922268	3881180.259086791	120
507382.5402919863	3881180.1702502626	120
507382.5402919863	3881180.1702502626	120
507382.3944827347	3881180.092503493	120
507382.3944827347	3881180.092503493	120
507382.23955646704	3881180.0147493235	120
507382.1028642286	3881179.9370099637	120
507382.23955646704	3881180.0147493235	120
507381.9570639749	3881179.848173443	120
507381.9570639749	3881179.848173443	120
507381.9570639749	3881179.848173443	120
507381.82038073917	3881179.7593443296	120
507381.82038073917	3881179.7593443296	120
507381.68368849566	3881179.681604976	120
507381.54700525466	3881179.592775865	120
507381.68368849566	3881179.681604976	120
507381.54700525466	3881179.592775865	120
507381.4012049924	3881179.5039393553	120
507381.2554047249	3881179.4151028465	120
507381.2554047249	3881179.4151028465	120
507381.2554047249	3881179.4151028465	120
507381.10960445687	3881179.3262663404	120
507381.10960445687	3881179.3262663404	120
507380.95468716475	3881179.237422435	120
507380.95468716475	3881179.237422435	120
507380.808877887	3881179.1596756917	120
507380.808877887	3881179.1596756917	120
507380.6721856258	3881179.0819363524	120
507380.6721856258	3881179.0819363524	120
507380.5263853468	3881178.9930998553	120
507380.5263853468	3881178.9930998553	120
507380.3896930807	3881178.9153605225	120
507380.3896930807	3881178.9153605225	120
507380.2438837906	3881178.837613787	120
507380.2438837906	3881178.837613787	120
507380.09807450033	3881178.759867056	120
507380.09807450033	3881178.759867056	120
507379.95227420825	3881178.671030569	120
507379.95227420825	3881178.671030569	120
507379.7335377563	3881178.582134872	120
507379.57861143793	3881178.5043807486	120
507379.57861143793	3881178.5043807486	120
507379.57861143793	3881178.5043807486	120
507379.4419191564	3881178.4266414302	120
507379.29611885257	3881178.3378049512	120
507379.4419191564	3881178.4266414302	120
507379.29611885257	3881178.3378049512	120
507379.15943556814	3881178.248975877	120
507379.15943556814	3881178.248975877	120
507379.01362625917	3881178.171229164	120
507379.01362625917	3881178.171229164	120
507378.86782594933	3881178.082392694	120
507378.86782594933	3881178.082392694	120
507378.7129086142	3881177.993548827	120
507378.7129086142	3881177.993548827	120
507378.5488742557	3881177.904697562	120
507378.39394791564	3881177.8269434576	120
507378.5488742557	3881177.904697562	120
507378.24813859107	3881177.749196756	120
507378.24813859107	3881177.749196756	120
507378.1023292663	3881177.6714500566	120
507378.1023292663	3881177.6714500566	120
507377.9656279592	3881177.604800516	120
507377.9656279592	3881177.604800516	120
507377.9656279592	3881177.604800516	120
507377.8198186297	3881177.5270538214	120
507377.6740182956	3881177.438217371	120
507377.6740182956	3881177.438217371	120
507377.6740182956	3881177.438217371	120
507377.51910094015	3881177.349373523	120
507377.51910094015	3881177.349373523	120
507377.3641745795	3881177.271619437	120
507377.20924821857	3881177.1938653532	120
507377.20924821857	3881177.1938653532	120
507377.06343887374	3881177.1161186704	120
507377.06343887374	3881177.1161186704	120
507377.06343887374	3881177.1161186704	120
507376.90850350837	3881177.0494543486	120
507376.90850350837	3881177.0494543486	120
507376.76269415865	3881176.9717076714	120
507376.6168848088	3881176.8939609947	120
507376.6168848088	3881176.8939609947	120
507376.6168848088	3881176.8939609947	120
507376.46195843274	3881176.816206923	120
507376.46195843274	3881176.816206923	120
507376.30704105715	3881176.7273630993	120
507376.30704105715	3881176.7273630993	120
507376.1521146756	3881176.6496090316	120
507376.1521146756	3881176.6496090316	120
507375.9971972919	3881176.560765211	120
507375.85138792655	3881176.483018548	120
507375.85138792655	3881176.483018548	120
507375.70557856106	3881176.4052718864	120
507375.70557856106	3881176.4052718864	120
507375.55976919306	3881176.327525229	120
507375.70557856106	3881176.4052718864	120
507375.55976919306	3881176.327525229	120
507375.4139598203	3881176.2497785725	120
507375.4139598203	3881176.2497785725	120
507375.26815944456	3881176.16094216	120
507375.26815944456	3881176.16094216	120
507375.11323304684	3881176.0831881124	120
507375.11323304684	3881176.0831881124	120
507374.958315641	3881175.9943443104	120
507374.958315641	3881175.9943443104	120
507374.80338923546	3881175.9165902664	120
507374.80338923546	3881175.9165902664	120
507374.6484628296	3881175.8388362257	120
507374.6484628296	3881175.8388362257	120
507374.5026624398	3881175.749999827	120
507374.5026624398	3881175.749999827	120
507374.3568530487	3881175.6722531877	120
507374.3568530487	3881175.6722531877	120
507374.2110436575	3881175.594506551	120
507374.2110436575	3881175.594506551	120
507374.0652522553	3881175.4945804006	120
507374.0652522553	3881175.4945804006	120
507373.919451852	3881175.40574401	120
507373.919451852	3881175.40574401	120
507373.7645344252	3881175.316900229	120
507373.7645344252	3881175.316900229	120
507373.61873401614	3881175.2280638427	120
507373.47293360654	3881175.1392274597	120
507373.47293360654	3881175.1392274597	120
507373.33624122234	3881175.0614882316	120
507373.33624122234	3881175.0614882316	120
507373.33624122234	3881175.0614882316	120
507373.1995488358	3881174.983749007	120
507373.05373942136	3881174.9060023883	120
507373.1995488358	3881174.983749007	120
507373.05373942136	3881174.9060023883	120
507372.90793900104	3881174.817166015	120
507372.90793900104	3881174.817166015	120
507372.76213857793	3881174.728329644	120
507372.62545517547	3881174.6395006687	120
507372.62545517547	3881174.6395006687	120
507372.62545517547	3881174.6395006687	120
507372.5069968215	3881174.561776242	120
507372.39766448527	3881174.4729694533	120
507372.5069968215	3881174.561776242	120
507372.2974401771	3881174.3952598157	120
507372.2974401771	3881174.3952598157	120
507372.2974401771	3881174.3952598157	120
507372.19720687607	3881174.3286399385	120
507372.19720687607	3881174.3286399385	120
507372.0878475517	3881174.2731024274	120
507372.0878475517	3881174.2731024274	120
507371.97848823055	3881174.2175649153	120
507371.8691378966	3881174.1509376485	120
507371.8691378966	3881174.1509376485	120
507371.75066154625	3881174.0953927464	120
507371.75066154625	3881174.0953927464	120
507371.6321762017	3881174.0509376046	120
507371.6321762017	3881174.0509376046	120
507371.5136998486	3881173.9953927062	120
507371.5136998486	3881173.9953927062	120
507371.4043315282	3881173.95094496	120
507371.4043315282	3881173.95094496	120
507371.4043315282	3881173.95094496	120
507371.29496320203	3881173.9064972145	120
507371.29496320203	3881173.9064972145	120
507371.2038199336	3881173.8731540153	120
507371.10356863454	3881173.8287136653	120
507371.10356863454	3881173.8287136653	120
507371.0124253646	3881173.795370467	120
507371.0124253646	3881173.795370467	120
507370.92129108356	3881173.750937512	120
507370.92129108356	3881173.750937512	120
507370.92129108356	3881173.750937512	120
507370.83015680395	3881173.706504556	120
507370.748148542	3881173.650989237	120
507370.748148542	3881173.650989237	120
507370.748148542	3881173.650989237	120
507370.65702325216	3881173.5954665267	120
507370.56590695266	3881173.5288540595	120
507370.56590695266	3881173.5288540595	120
507370.56590695266	3881173.5288540595	120
507370.4839076766	3881173.4622489843	120
507370.3927913745	3881173.39563652	120
507370.3927913745	3881173.39563652	120
507370.3927913745	3881173.39563652	120
507370.2925490574	3881173.34010642	120
507370.2925490574	3881173.34010642	120
507370.19231572776	3881173.2734865653	120
507370.19231572776	3881173.2734865653	120
507370.1011904307	3881173.21796386	120
507370.01918215764	3881173.1624485473	120
507370.1011904307	3881173.21796386	120
507369.9371738858	3881173.1069332366	120
507370.01918215764	3881173.1624485473	120
507369.9371738858	3881173.1069332366	120
507369.8551746013	3881173.0403281674	120
507369.8551746013	3881173.0403281674	120
507369.7731663251	3881172.984812856	120
507369.7731663251	3881172.984812856	120
507369.69115804794	3881172.929297548	120
507369.69115804794	3881172.929297548	120
507369.6091497697	3881172.8737822394	120
507369.5271414928	3881172.81826693	120
507369.5271414928	3881172.81826693	120
507369.5271414928	3881172.81826693	120
507369.4360071948	3881172.77383399	120
507369.4360071948	3881172.77383399	120
507369.34488189046	3881172.7183112935	120
507369.34488189046	3881172.7183112935	120
507369.2537475928	3881172.6738783545	120
