298516.995	4137859.512	120
298516.3803	4137858.723	120
298515.7661	4137857.934	120
298515.1525	4137857.144	120
298514.5389	4137856.355	120
298513.9275	4137855.563	120
298513.3174	4137854.771	120
298512.7073	4137853.979	120
298512.0971	4137853.187	120
298511.4849	4137852.396	120
298510.8721	4137851.606	120
298510.2593	4137850.815	120
298509.6466	4137850.025	120
298509.0337	4137849.235	120
298508.42	4137848.445	120
298507.8063	4137847.656	120
298507.1926	4137846.866	120
298506.5788	4137846.077	120
298505.9651	4137845.287	120
298505.3481	4137844.5	120
298504.7305	4137843.714	120
298504.1129	4137842.927	120
298503.4952	4137842.141	120
298502.8776	4137841.354	120
298502.2625	4137840.566	120
298501.6477	4137839.777	120
298501.0329	4137838.989	120
298500.4181	4137838.2	120
298499.8031	4137837.411	120
298499.1878	4137836.623	120
298498.5725	4137835.835	120
298497.9571	4137835.047	120
298497.3418	4137834.258	120
298496.725	4137833.471	120
298496.1073	4137832.685	120
298495.4897	4137831.898	120
298494.8721	4137831.112	120
298494.2546	4137830.325	120
298493.6381	4137829.538	120
298493.0217	4137828.75	120
298492.4053	4137827.963	120
298491.7889	4137827.176	120
298491.1724	4137826.388	120
298490.5556	4137825.601	120
298489.9388	4137824.814	120
298489.322	4137824.027	120
298488.7052	4137823.24	120
298488.0878	4137822.453	120
298487.4692	4137821.667	120
298486.8507	4137820.882	120
298486.2321	4137820.096	120
298485.6135	4137819.31	120
298484.995	4137818.524	120
298484.3774	4137817.738	120
298483.7598	4137816.952	120
298483.1421	4137816.165	120
298482.5245	4137815.379	120
298481.9068	4137814.592	120
298481.2899	4137813.805	120
298480.6731	4137813.018	120
298480.0562	4137812.231	120
298479.4394	4137811.444	120
298478.8225	4137810.657	120
298478.2056	4137809.87	120
298477.5886	4137809.083	120
298476.9716	4137808.296	120
298476.3546	4137807.509	120
298475.7376	4137806.722	120
298475.1213	4137805.934	120
298474.5058	4137805.146	120
298473.8904	4137804.358	120
298473.2749	4137803.57	120
298472.6594	4137802.782	120
298472.0438	4137801.994	120
298471.4261	4137801.207	120
298470.8084	4137800.421	120
298470.1906	4137799.635	120
298469.5729	4137798.848	120
298468.9552	4137798.062	120
298468.3357	4137797.277	120
298467.7152	4137796.493	120
298467.0946	4137795.708	120
298466.4741	4137794.924	120
298465.8536	4137794.14	120
298465.2329	4137793.356	120
298464.6118	4137792.572	120
298463.9906	4137791.789	120
298463.3695	4137791.005	120
298462.7483	4137790.221	120
298462.1272	4137789.437	120
298461.509	4137788.651	120
298460.891	4137787.865	120
298460.2729	4137787.079	120
298459.6549	4137786.293	120
298459.0368	4137785.507	120
298458.4193	4137784.72	120
298457.8019	4137783.934	120
298457.1846	4137783.147	120
298456.5672	4137782.36	120
298455.9499	4137781.574	120
298455.3328	4137780.787	120
298454.7162	4137779.999	120
298454.0997	4137779.212	120
298453.4831	4137778.425	120
298452.8665	4137777.637	120
298452.2499	4137776.85	120
298451.6351	4137776.062	120
298451.0203	4137775.273	120
298450.4055	4137774.484	120
298449.7907	4137773.695	120
298449.1759	4137772.907	120
298448.5615	4137772.118	120
298447.9474	4137771.329	120
298447.3333	4137770.539	120
298446.7193	4137769.75	120
298446.1052	4137768.961	120
298445.4912	4137768.172	120
298444.8747	4137767.384	120
298444.2583	4137766.597	120
298443.6418	4137765.809	120
298443.0254	4137765.022	120
298442.409	4137764.234	120
298441.791	4137763.448	120
298441.1711	4137762.664	120
298440.5511	4137761.879	120
298439.9311	4137761.094	120
298439.3112	4137760.31	120
298438.6912	4137759.525	120
298438.0723	4137758.74	120
298437.4539	4137757.954	120
298436.8355	4137757.168	120
298436.217	4137756.382	120
298435.5986	4137755.596	120
298434.9802	4137754.81	120
298434.3596	4137754.026	120
298433.7389	4137753.242	120
298433.1181	4137752.458	120
298432.4973	4137751.674	120
298431.8765	4137750.89	120
298431.2557	4137750.106	120
298430.6377	4137749.32	120
298430.0198	4137748.534	120
298429.4019	4137747.748	120
298428.784	4137746.961	120
298428.1661	4137746.175	120
298427.5481	4137745.389	120
298426.9273	4137744.605	120
298426.306	4137743.821	120
298425.6846	4137743.038	120
298425.0632	4137742.254	120
298424.4418	4137741.471	120
298423.8204	4137740.687	120
298423.1987	4137739.904	120
298422.5766	4137739.121	120
298421.9545	4137738.338	120
298421.3324	4137737.555	120
298420.7103	4137736.772	120
298420.0881	4137735.99	120
298419.466	4137735.207	120
298418.8456	4137734.422	120
298418.2254	4137733.638	120
298417.6052	4137732.854	120
298416.985	4137732.069	120
298416.3647	4137731.285	120
298415.7445	4137730.5	120
298415.1246	4137729.716	120
298414.5063	4137728.93	120
298413.8881	4137728.144	120
298413.2698	4137727.358	120
298412.6516	4137726.572	120
298412.0333	4137725.786	120
298411.415	4137725	120
298410.7967	4137724.214	120
298410.178	4137723.428	120
298409.5592	4137722.643	120
298408.9405	4137721.857	120
298408.3218	4137721.071	120
298407.7031	4137720.286	120
298407.0844	4137719.5	120
298406.4656	4137718.715	120
298405.8465	4137717.929	120
298405.2273	4137717.144	120
298404.6082	4137716.359	120
298403.989	4137715.573	120
298403.3699	4137714.788	120
298402.7508	4137714.003	120
298402.1314	4137713.218	120
298401.5103	4137712.434	120
298400.8893	4137711.65	120
298400.2682	4137710.866	120
298399.6472	4137710.083	120
298399.0262	4137709.299	120
298398.4051	4137708.515	120
298397.7841	4137707.731	120
298397.1654	4137706.946	120
298396.547	4137706.16	120
298395.9287	4137705.374	120
298395.3103	4137704.588	120
298394.692	4137703.802	120
298394.0736	4137703.016	120
298393.4553	4137702.23	120
298392.8368	4137701.444	120
298392.2183	4137700.659	120
298391.5998	4137699.873	120
298390.9813	4137699.087	120
298390.3628	4137698.301	120
298389.7443	4137697.516	120
298389.1258	4137696.73	120
298388.5074	4137695.944	120
298387.8893	4137695.158	120
298387.2713	4137694.372	120
298386.6532	4137693.586	120
298386.0351	4137692.799	120
298385.417	4137692.013	120
298384.799	4137691.227	120
298384.1809	4137690.441	120
298383.5657	4137689.653	120
298382.951	4137688.864	120
298382.3362	4137688.075	120
298381.7214	4137687.287	120
298381.1067	4137686.498	120
298380.4919	4137685.709	120
298379.8772	4137684.92	120
298379.2636	4137684.131	120
298378.6506	4137683.341	120
298378.0376	4137682.551	120
298377.4245	4137681.761	120
298376.8115	4137680.971	120
298376.1985	4137680.18	120
298375.5855	4137679.39	120
298374.9712	4137678.601	120
298374.3561	4137677.813	120
298373.7409	4137677.024	120
298373.1257	4137676.236	120
298372.5106	4137675.448	120
298371.8954	4137674.659	120
298371.2803	4137673.871	120
298370.6644	4137673.083	120
298370.0478	4137672.296	120
298369.4312	4137671.508	120
298368.8147	4137670.721	120
298368.1981	4137669.934	120
298367.5815	4137669.147	120
298366.9649	4137668.359	120
298366.3465	4137667.573	120
298365.7254	4137666.79	120
298365.1044	4137666.006	120
298364.4833	4137665.222	120
298363.8623	4137664.438	120
298363.2412	4137663.655	120
298362.6202	4137662.871	120
298361.9986	4137662.087	120
298361.3762	4137661.305	120
298360.7538	4137660.522	120
298360.1315	4137659.739	120
298359.5091	4137658.957	120
298358.8867	4137658.174	120
298358.2643	4137657.391	120
298357.6342	4137656.615	120
298356.9957	4137655.845	120
298356.3571	4137655.076	118
298355.7186	4137654.306	116
298355.08	4137653.536	114
298354.4415	4137652.767	112
298353.8029	4137651.997	110
298353.141	4137651.248	108
298352.4711	4137650.505	106
298351.8011	4137649.763	104
298351.1311	4137649.021	102
298350.4612	4137648.278	100
298349.7912	4137647.536	98
298349.1183	4137646.796	96
298348.4137	4137646.087	94
298347.7091	4137645.377	92
298347.0045	4137644.667	90
298346.2998	4137643.958	88
298345.5952	4137643.248	86
298344.8906	4137642.539	84
298344.18	4137641.835	82
298343.4651	4137641.136	80
298342.7501	4137640.437	78
298342.0351	4137639.738	76
298341.3201	4137639.039	74
298340.6052	4137638.339	72
298339.8917	4137637.639	70
298339.1814	4137636.935	70
298338.4712	4137636.231	70
298337.7609	4137635.527	70
298337.0506	4137634.823	70
298336.3403	4137634.119	70
298335.6329	4137633.412	70
298334.9318	4137632.699	70
298334.2307	4137631.986	70
298333.5296	4137631.273	70
298332.8285	4137630.56	70
298332.1274	4137629.847	70
298331.4234	4137629.137	70
298330.7166	4137628.429	70
298330.0099	4137627.722	70
298329.3032	4137627.014	70
298328.5964	4137626.307	70
298327.8784	4137625.612	70
298327.1138	4137624.967	70
298326.3493	4137624.323	70
298325.5847	4137623.678	70
298324.8201	4137623.034	70
298323.9502	4137622.547	70
298323.0604	4137622.091	70
298322.1707	4137621.634	70
298321.2809	4137621.178	70
298320.2967	4137621.02	70
298319.3064	4137620.881	70
298318.316	4137620.743	70
298317.3283	4137620.689	70
298316.3487	4137620.889	70
298315.369	4137621.09	70
298314.3894	4137621.291	70
298313.4644	4137621.652	70
298312.5657	4137622.091	70
298311.6669	4137622.529	70
298310.7833	4137622.993	70
298309.9656	4137623.569	70
298309.1479	4137624.144	70
298308.3301	4137624.72	70
298307.5391	4137625.332	70
298306.7527	4137625.949	70
298305.9663	4137626.567	70
298305.1895	4137627.197	70
298304.4159	4137627.83	70
298303.6423	4137628.464	70
298302.9036	4137629.137	70
298302.1785	4137629.826	70
298301.4534	4137630.515	70
298300.8481	4137631.304	70
298300.2919	4137632.135	70
298299.7356	4137632.966	70
298299.4169	4137633.905	70
298299.1563	4137634.871	70
298298.904	4137635.837	70
298298.9724	4137636.835	70
298299.0408	4137637.832	70
298299.1841	4137638.812	70
298299.5851	4137639.728	70
298299.986	4137640.644	70
298300.4365	4137641.534	70
298300.9713	4137642.379	70
298301.506	4137643.224	70
298302.0519	4137644.061	70
298302.6233	4137644.882	70
298303.1947	4137645.702	70
298303.7662	4137646.523	70
298304.3671	4137647.322	70
298304.9745	4137648.117	72
298305.5819	4137648.911	74
298306.1894	4137649.705	76
298306.8095	4137650.49	78
298307.4327	4137651.272	80
298308.0558	4137652.054	82
298308.679	4137652.836	84
298309.3014	4137653.619	86
298309.9177	4137654.406	88
298310.534	4137655.194	90
298311.1503	4137655.981	92
298311.7667	4137656.769	94
298312.383	4137657.556	96
298312.9949	4137658.347	98
298313.6054	4137659.139	100
298314.2159	4137659.931	102
298314.8264	4137660.723	104
298315.4369	4137661.515	106
298316.0474	4137662.307	108
298316.6652	4137663.094	110
298317.2843	4137663.879	112
298317.9033	4137664.664	114
298318.5223	4137665.45	116
298319.1414	4137666.235	118
298319.7604	4137667.02	120
298320.3811	4137667.805	120
298321.0037	4137668.587	120
298321.6264	4137669.369	120
298322.2491	4137670.152	120
298322.8718	4137670.934	120
298323.4945	4137671.717	120
298324.1172	4137672.499	120
298324.7392	4137673.282	120
298325.3608	4137674.066	120
298325.9825	4137674.849	120
298326.6041	4137675.632	120
298327.2258	4137676.416	120
298327.8474	4137677.199	120
298328.4691	4137677.982	120
298329.0882	4137678.767	120
298329.7072	4137679.553	120
298330.3263	4137680.338	120
298330.9454	4137681.123	120
298331.5645	4137681.909	120
298332.1836	4137682.694	120
298332.8007	4137683.481	120
298333.4163	4137684.269	120
298334.0319	4137685.057	120
298334.6476	4137685.845	120
298335.2632	4137686.633	120
298335.8788	4137687.421	120
298336.4943	4137688.209	120
298337.1096	4137688.998	120
298337.7248	4137689.786	120
298338.3401	4137690.574	120
298338.9553	4137691.363	120
298339.5705	4137692.151	120
298340.1863	4137692.939	120
298340.8038	4137693.725	120
298341.4214	4137694.512	120
298342.0389	4137695.299	120
298342.6564	4137696.085	120
298343.2739	4137696.872	120
298343.8925	4137697.657	120
298344.5151	4137698.44	120
298345.1377	4137699.222	120
298345.7603	4137700.005	120
298346.3829	4137700.788	120
298347.0055	4137701.57	120
298347.627	4137702.353	120
298348.2458	4137703.139	120
298348.8645	4137703.925	120
298349.4832	4137704.71	120
298350.102	4137705.496	120
298350.7207	4137706.281	120
298351.3406	4137707.066	120
298351.9622	4137707.849	120
298352.5837	4137708.633	120
298353.2053	4137709.416	120
298353.8269	4137710.2	120
298354.4484	4137710.983	120
298355.069	4137711.767	120
298355.6885	4137712.552	120
298356.308	4137713.337	120
298356.9275	4137714.122	120
298357.547	4137714.907	120
298358.1666	4137715.692	120
298358.7835	4137716.479	120
298359.3991	4137717.267	120
298360.0148	4137718.055	120
298360.6304	4137718.843	120
298361.246	4137719.631	120
298361.8616	4137720.419	120
298362.4748	4137721.209	120
298363.0875	4137722	120
298363.7002	4137722.79	120
298364.3129	4137723.58	120
298364.9256	4137724.37	120
298365.5387	4137725.16	120
298366.1581	4137725.946	120
298366.7775	4137726.731	120
298367.3969	4137727.516	120
298368.0163	4137728.301	120
298368.6357	4137729.086	120
298369.2556	4137729.87	120
298369.877	4137730.654	120
298370.4983	4137731.438	120
298371.1197	4137732.221	120
298371.741	4137733.005	120
298372.3624	4137733.788	120
298372.9837	4137734.572	120
298373.6048	4137735.355	120
298374.2259	4137736.139	120
298374.847	4137736.923	120
298375.4681	4137737.707	120
298376.0891	4137738.49	120
298376.7116	4137739.273	120
298377.3349	4137740.055	120
298377.9582	4137740.837	120
298378.5815	4137741.619	120
298379.2049	4137742.401	120
298379.828	4137743.183	120
298380.4486	4137743.967	120
298381.0692	4137744.751	120
298381.6898	4137745.535	120
298382.3104	4137746.32	120
298382.9309	4137747.104	120
298383.551	4137747.888	120
298384.1707	4137748.673	120
298384.7904	4137749.458	120
298385.4102	4137750.243	120
298386.0299	4137751.028	120
298386.6476	4137751.814	120
298387.263	4137752.602	120
298387.8784	4137753.39	120
298388.4938	4137754.179	120
298389.1091	4137754.967	120
298389.7231	4137755.756	120
298390.3356	4137756.547	120
298390.9481	4137757.337	120
298391.5606	4137758.128	120
298392.1731	4137758.918	120
298392.7849	4137759.709	120
298393.3964	4137760.5	120
298394.008	4137761.292	120
298394.6195	4137762.083	120
298395.231	4137762.874	120
298395.8401	4137763.667	120
298396.4485	4137764.461	120
298397.0569	4137765.254	120
298397.6652	4137766.048	120
298398.2736	4137766.842	120
298398.8888	4137767.63	120
298399.5069	4137768.416	120
298400.1249	4137769.202	120
298400.743	4137769.988	120
298401.3611	4137770.775	120
298401.9817	4137771.559	120
298402.6058	4137772.34	120
298403.2299	4137773.121	120
298403.854	4137773.903	120
298404.4781	4137774.684	120
298405.1021	4137775.465	120
298405.7257	4137776.247	120
298406.3491	4137777.029	120
298406.9726	4137777.811	120
298407.596	4137778.593	120
298408.2194	4137779.375	120
298408.8423	4137780.157	120
298409.4636	4137780.941	120
298410.0848	4137781.724	120
298410.7061	4137782.508	120
298411.3274	4137783.291	120
298411.9486	4137784.075	120
298412.5709	4137784.858	120
298413.1937	4137785.64	120
298413.8165	4137786.423	120
298414.4393	4137787.205	120
298415.0621	4137787.987	120
298415.6855	4137788.769	120
298416.3109	4137789.55	120
298416.9362	4137790.33	120
298417.5615	4137791.11	120
298418.1868	4137791.891	120
298418.8122	4137792.671	120
298419.4327	4137793.455	120
298420.0529	4137794.24	120
298420.6732	4137795.024	120
298421.2934	4137795.808	120
298421.9137	4137796.593	120
298422.528	4137797.382	120
298423.1415	4137798.172	120
298423.755	4137798.961	120
298424.3686	4137799.751	120
298424.9821	4137800.541	120
298425.6041	4137801.324	120
298426.2275	4137802.106	120
298426.8509	4137802.887	120
298427.4743	4137803.669	120
298428.0977	4137804.451	120
298428.7333	4137805.223	120
298429.3719	4137805.993	120
298430.0105	4137806.762	120
298430.649	4137807.532	120
298431.2876	4137808.301	120
298431.9288	4137809.069	120
298432.5749	4137809.832	120
298433.2209	4137810.595	120
298433.8669	4137811.359	120
298434.5129	4137812.122	120
298435.1589	4137812.885	120
298435.8057	4137813.648	120
298436.4539	4137814.41	120
298437.102	4137815.171	120
298437.7502	4137815.933	120
298438.3983	4137816.694	120
298439.0465	4137817.456	120
298439.6947	4137818.217	120
298440.3394	4137818.982	120
298440.9834	4137819.747	120
298441.6274	4137820.512	120
298442.2714	4137821.277	120
298442.9153	4137822.042	120
298443.5593	4137822.807	120
298444.2033	4137823.572	120
298444.8416	4137824.341	120
298445.4784	4137825.113	120
298446.1151	4137825.884	120
298446.7519	4137826.655	120
298447.3886	4137827.426	120
298448.0253	4137828.197	120
298448.6621	4137828.968	120
298449.2941	4137829.743	120
298449.9181	4137830.524	120
298450.5422	4137831.306	120
298451.1662	4137832.087	120
298451.7903	4137832.868	120
298452.4143	4137833.65	120
298453.0384	4137834.431	120
298453.6624	4137835.213	120
298454.2784	4137836	120
298454.8926	4137836.789	120
298455.5068	4137837.579	120
298456.1209	4137838.368	120
298456.7351	4137839.157	120
298457.3493	4137839.946	120
298457.9635	4137840.735	120
298458.5776	4137841.525	120
298459.188	4137842.317	120
298459.7983	4137843.109	120
298460.4087	4137843.901	120
298461.0191	4137844.693	120
298461.6294	4137845.485	120
298462.2398	4137846.277	120
298462.8502	4137847.069	120
298463.4608	4137847.861	120
298464.0735	4137848.652	120
298464.6861	4137849.442	120
298465.2988	4137850.232	120
298465.9115	4137851.023	120
298466.5242	4137851.813	120
298467.1369	4137852.603	120
298467.7495	4137853.394	120
298468.3644	4137854.182	120
298468.9836	4137854.967	120
298469.6028	4137855.753	120
298470.222	4137856.538	120
298470.8413	4137857.323	120
298471.4605	4137858.108	120
298472.0797	4137858.894	120
298472.6989	4137859.679	120
298473.3139	4137860.467	120
298473.9273	4137861.257	120
298474.5407	4137862.047	120
298475.1541	4137862.837	120
298475.7675	4137863.626	120
298476.3809	4137864.416	120
298476.9943	4137865.206	120
298477.6042	4137865.998	120
298478.2065	4137866.797	120
298478.8087	4137867.595	120
298479.411	4137868.393	120
298480.0133	4137869.192	120
298480.6156	4137869.99	120
298481.2178	4137870.788	120
298481.8205	4137871.586	120
298482.425	4137872.383	120
298483.0295	4137873.179	120
298483.634	4137873.976	120
298484.2385	4137874.773	120
298484.843	4137875.569	120
298485.4475	4137876.366	120
298486.0623	4137877.154	120
298486.6989	4137877.925	70
298487.3354	4137878.697	70
298487.972	4137879.468	70
298488.6085	4137880.239	70
298489.2451	4137881.01	70
298489.887	4137881.776	70
298490.655	4137882.417	70
298491.4231	4137883.057	70
298492.1912	4137883.697	70
298492.9593	4137884.338	70
298493.7274	4137884.978	70
298494.5757	4137885.487	70
298495.4951	4137885.881	70
298496.4144	4137886.274	70
298497.3338	4137886.668	70
298498.2532	4137887.061	70
298499.2235	4137887.233	70
298500.2223	4137887.282	70
298501.2211	4137887.33	70
298502.2199	4137887.379	70
298503.2167	4137887.411	70
298504.1736	4137887.12	70
298505.1304	4137886.829	70
298506.0873	4137886.539	70
298507.0441	4137886.248	70
298507.9499	4137885.838	70
298508.8228	4137885.35	70
298509.6958	4137884.862	70
298510.5687	4137884.374	70
298511.4338	4137883.874	70
298512.2581	4137883.307	72
298513.0824	4137882.741	74
298513.9066	4137882.175	76
298514.7309	4137881.609	78
298515.5463	4137881.03	80
298516.3524	4137880.438	82
298517.1584	4137879.846	84
298517.9644	4137879.255	86
298518.7705	4137878.663	88
298519.5724	4137878.065	90
298520.3697	4137877.462	92
298521.1669	4137876.858	94
298521.9641	4137876.254	96
298522.7613	4137875.651	98
298523.5578	4137875.046	100
298524.3493	4137874.435	102
298525.1407	4137873.823	104
298525.9321	4137873.212	106
298526.7235	4137872.601	108
298527.5149	4137871.99	110
298528.306	4137871.378	112
298529.097	4137870.766	114
298529.888	4137870.154	116
298530.679	4137869.543	118
298531.47	4137868.931	120
298532.2606	4137868.318	120
298533.0496	4137867.704	120
298533.8386	4137867.09	118
298534.6275	4137866.475	116
298535.4165	4137865.861	114
298536.2054	4137865.246	112
298536.9921	4137864.629	110
298537.7774	4137864.01	108
298538.5626	4137863.39	106
298539.3478	4137862.771	104
298540.133	4137862.152	102
298540.9179	4137861.532	100
298541.7	4137860.909	98
298542.4822	4137860.286	96
298543.2643	4137859.663	94
298544.0465	4137859.04	92
298544.8286	4137858.417	90
298545.6137	4137857.797	88
298546.3996	4137857.179	86
298547.1855	4137856.561	84
298547.9714	4137855.942	82
298548.7573	4137855.324	80
298549.5428	4137854.705	78
298550.3282	4137854.086	76
298551.1135	4137853.467	74
298551.8988	4137852.848	72
298552.6842	4137852.229	70
298553.4594	4137851.597	70
298554.2345	4137850.965	70
298555.0096	4137850.334	70
298555.7847	4137849.702	70
298556.4931	4137848.997	70
298557.1938	4137848.283	70
298557.8945	4137847.57	70
298558.5504	4137846.822	70
298559.0577	4137845.96	70
298559.5649	4137845.098	70
298560.0721	4137844.237	70
298560.3095	4137843.269	70
298560.5249	4137842.292	70
298560.7404	4137841.316	70
298560.6656	4137840.324	70
298560.5529	4137839.33	70
298560.4403	4137838.337	70
298560.0325	4137837.424	70
298559.6209	4137836.513	70
298559.2092	4137835.602	70
298558.6252	4137834.791	70
298558.0345	4137833.984	70
298557.4438	4137833.177	70
298556.828	4137832.39	70
298556.1714	4137831.636	70
298555.5148	4137830.882	70
298554.8582	4137830.128	70
298554.1969	4137829.378	70
298553.5237	4137828.638	72
298552.8505	4137827.899	74
298552.1773	4137827.159	76
298551.5041	4137826.42	78
298550.8323	4137825.679	80
298550.1612	4137824.938	82
298549.4901	4137824.196	84
298548.8189	4137823.455	86
298548.1478	4137822.714	88
298547.4762	4137821.973	90
298546.8043	4137821.232	92
298546.1324	4137820.491	94
298545.4605	4137819.751	96
298544.7886	4137819.01	98
298544.1167	4137818.269	100
298543.4448	4137817.529	102
298542.7728	4137816.788	104
298542.1008	4137816.048	106
298541.4288	4137815.307	108
298540.7568	4137814.567	110
298540.0848	4137813.826	112
298539.4116	4137813.087	114
298538.7384	4137812.347	116
298538.0653	4137811.608	118
298537.3921	4137810.868	120
298536.7189	4137810.129	120
298536.0458	4137809.389	120
298535.3797	4137808.643	120
298534.7155	4137807.896	120
298534.0513	4137807.148	120
298533.3871	4137806.401	120
298532.7229	4137805.653	120
298532.0587	4137804.905	120
298531.4006	4137804.153	120
298530.7581	4137803.386	120
298530.1156	4137802.62	120
298529.4732	4137801.854	120
298528.8307	4137801.087	120
298528.1882	4137800.321	120
298527.5457	4137799.555	120
298526.9153	4137798.779	120
298526.2954	4137797.994	120
298525.6754	4137797.209	120
298525.0554	4137796.425	120
298524.4355	4137795.64	120
298523.8155	4137794.856	120
298523.1956	4137794.071	120
298522.5801	4137793.283	120
298521.9673	4137792.492	120
298521.3545	4137791.702	120
298520.7418	4137790.912	120
298520.129	4137790.122	120
298519.5162	4137789.331	120
298518.9035	4137788.541	120
298518.2913	4137787.75	120
298517.6797	4137786.959	120
298517.0681	4137786.168	120
298516.4565	4137785.377	120
298515.8449	4137784.586	120
298515.2333	4137783.795	120
298514.6217	4137783.003	120
298514.0091	4137782.213	120
298513.3949	4137781.424	120
298512.7807	4137780.635	120
298512.1666	4137779.846	120
298511.5524	4137779.056	120
298510.9382	4137778.267	120
298510.324	4137777.478	120
298509.7081	4137776.69	120
298509.0887	4137775.905	120
298508.4693	4137775.12	120
298507.8499	4137774.335	120
298507.2305	4137773.55	120
298506.6111	4137772.765	120
298505.9917	4137771.98	120
298505.3715	4137771.195	120
298504.7501	4137770.412	120
298504.1286	4137769.628	120
298503.5071	4137768.845	120
298502.8856	4137768.062	120
298502.2642	4137767.278	120
298501.6427	4137766.495	120
298501.0218	4137765.711	120
298500.4017	4137764.926	120
298499.7816	4137764.142	120
298499.1615	4137763.357	120
298498.5414	4137762.573	118
298497.9213	4137761.788	116
298497.3012	4137761.004	114
298496.6825	4137760.218	112
298496.0643	4137759.432	110
298495.4461	4137758.646	108
298494.8279	4137757.86	106
298494.2097	4137757.074	104
298493.5915	4137756.288	102
298492.9748	4137755.501	100
298492.3613	4137754.711	98
298491.7477	4137753.921	96
298491.1342	4137753.132	94
298490.5207	4137752.342	92
298489.9071	4137751.552	90
298489.2933	4137750.763	88
298488.6784	4137749.974	86
298488.0634	4137749.186	84
298487.4484	4137748.397	82
298486.8334	4137747.609	80
298486.2184	4137746.82	78
298485.6008	4137746.034	76
298484.977	4137745.252	74
298484.3533	4137744.471	72
298483.7295	4137743.689	70
298483.1058	4137742.907	70
298482.482	4137742.126	70
298481.8343	4137741.364	70
298481.183	4137740.605	70
298480.5317	4137739.846	70
298479.8804	4137739.087	70
298479.2215	4137738.336	70
298478.4774	4137737.668	70
298477.7334	4137737	70
298476.9893	4137736.332	70
298476.2386	4137735.673	70
298475.3669	4137735.183	70
298474.4951	4137734.693	70
298473.6234	4137734.203	70
298472.7106	4137733.813	70
298471.7468	4137733.546	70
298470.7829	4137733.28	70
298469.8191	4137733.013	70
298468.8221	4137732.978	70
298467.8222	4137732.962	70
298466.8223	4137732.947	70
298465.8413	4137733.082	70
298464.8756	4137733.342	70
298463.9099	4137733.602	70
298462.9787	4137733.949	70
298462.0985	4137734.423	70
298461.2183	4137734.898	70
298460.3531	4137735.397	70
298459.5244	4137735.957	70
298458.6957	4137736.516	70
298457.8693	4137737.079	70
298457.0675	4137737.677	70
298456.2658	4137738.275	70
298455.4641	4137738.872	70
298454.6765	4137739.488	70
298453.8912	4137740.108	70
298453.1059	4137740.727	70
298452.3457	4137741.376	70
298451.5986	4137742.041	70
298450.8515	4137742.705	70
298450.1439	4137743.409	70
298449.4818	4137744.159	70
298448.8197	4137744.908	70
298448.2017	4137745.69	70
298447.6941	4137746.551	70
298447.1864	4137747.413	70
298446.6988	4137748.283	70
298446.4326	4137749.247	70
298446.1664	4137750.211	70
298445.9003	4137751.175	70
298445.9383	4137752.17	70
298445.9996	4137753.168	70
298446.0608	4137754.166	70
298446.3705	4137755.11	70
298446.7311	4137756.043	70
298447.0916	4137756.976	70
298447.5498	4137757.861	70
298448.0588	4137758.722	70
298448.5679	4137759.583	70
298449.0934	4137760.433	70
298449.657	4137761.259	70
298450.2207	4137762.085	70
298450.7844	4137762.911	70
298451.3456	4137763.739	70
298451.9052	4137764.567	70
298452.4647	4137765.396	72
298453.0243	4137766.225	74
298453.5658	4137767.065	76
298454.0848	4137767.92	78
298454.6038	4137768.775	80
298455.1228	4137769.63	82
298455.6419	4137770.484	84
298456.1244	4137771.36	86
298456.6056	4137772.237	88
298457.0868	4137773.113	90
298457.568	4137773.99	92
298458.0458	4137774.869	94
298458.514	4137775.752	96
298458.9822	4137776.636	98
298459.4504	4137777.519	100
298459.9186	4137778.403	102
298460.4025	4137779.278	104
298460.9006	4137780.145	106
298461.3987	4137781.012	108
298461.8968	4137781.879	110
298462.3948	4137782.746	112
298462.9361	4137783.587	114
298463.4888	4137784.42	116
298464.0415	4137785.254	118
298464.5942	4137786.087	120
298465.1525	4137786.917	120
298465.7432	4137787.723	120
298466.3339	4137788.53	120
298466.9245	4137789.337	120
298467.5152	4137790.144	120
298468.1196	4137790.941	120
298468.7268	4137791.735	120
298469.334	4137792.53	120
