298516.995	4137859.512	50
298516.3803	4137858.723	50
298515.7661	4137857.934	50
298515.1525	4137857.144	50
298514.5389	4137856.355	50
298513.9275	4137855.563	50
298513.3174	4137854.771	50
298512.7073	4137853.979	50
298512.0971	4137853.187	50
298511.4849	4137852.396	50
298510.8721	4137851.606	50
298510.2593	4137850.815	50
298509.6466	4137850.025	50
298509.0337	4137849.235	50
298508.42	4137848.445	50
298507.8063	4137847.656	50
298507.1926	4137846.866	50
298506.5788	4137846.077	50
298505.9651	4137845.287	50
298505.3481	4137844.5	50
298504.7305	4137843.714	50
298504.1129	4137842.927	50
298503.4952	4137842.141	50
298502.8776	4137841.354	50
298502.2625	4137840.566	50
298501.6477	4137839.777	50
298501.0329	4137838.989	50
298500.4181	4137838.2	50
298499.8031	4137837.411	50
298499.1878	4137836.623	50
298498.5725	4137835.835	50
298497.9571	4137835.047	50
298497.3418	4137834.258	50
298496.725	4137833.471	50
298496.1073	4137832.685	50
298495.4897	4137831.898	50
298494.8721	4137831.112	50
298494.2546	4137830.325	50
298493.6381	4137829.538	50
298493.0217	4137828.75	50
298492.4053	4137827.963	50
298491.7889	4137827.176	50
298491.1724	4137826.388	50
298490.5556	4137825.601	50
298489.9388	4137824.814	50
298489.322	4137824.027	50
298488.7052	4137823.24	50
298488.0878	4137822.453	50
298487.4692	4137821.667	50
298486.8507	4137820.882	50
298486.2321	4137820.096	50
298485.6135	4137819.31	50
298484.995	4137818.524	50
298484.3774	4137817.738	50
298483.7598	4137816.952	50
298483.1421	4137816.165	50
298482.5245	4137815.379	50
298481.9068	4137814.592	50
298481.2899	4137813.805	50
298480.6731	4137813.018	50
298480.0562	4137812.231	50
298479.4394	4137811.444	50
298478.8225	4137810.657	50
298478.2056	4137809.87	50
298477.5886	4137809.083	50
298476.9716	4137808.296	50
298476.3546	4137807.509	50
298475.7376	4137806.722	50
298475.1213	4137805.934	50
298474.5058	4137805.146	50
298473.8904	4137804.358	50
298473.2749	4137803.57	50
298472.6594	4137802.782	50
298472.0438	4137801.994	50
298471.4261	4137801.207	50
298470.8084	4137800.421	50
298470.1906	4137799.635	50
298469.5729	4137798.848	50
298468.9552	4137798.062	50
298468.3357	4137797.277	50
298467.7152	4137796.493	50
298467.0946	4137795.708	50
298466.4741	4137794.924	50
298465.8536	4137794.14	50
298465.2329	4137793.356	50
298464.6118	4137792.572	50
298463.9906	4137791.789	50
298463.3695	4137791.005	50
298462.7483	4137790.221	50
298462.1272	4137789.437	50
298461.509	4137788.651	50
298460.891	4137787.865	50
298460.2729	4137787.079	50
298459.6549	4137786.293	50
298459.0368	4137785.507	50
298458.4193	4137784.72	50
298457.8019	4137783.934	50
298457.1846	4137783.147	50
298456.5672	4137782.36	50
298455.9499	4137781.574	50
298455.3328	4137780.787	50
298454.7162	4137779.999	50
298454.0997	4137779.212	50
298453.4831	4137778.425	50
298452.8665	4137777.637	50
298452.2499	4137776.85	50
298451.6351	4137776.062	50
298451.0203	4137775.273	50
298450.4055	4137774.484	50
298449.7907	4137773.695	50
298449.1759	4137772.907	50
298448.5615	4137772.118	50
298447.9474	4137771.329	50
298447.3333	4137770.539	50
298446.7193	4137769.75	50
298446.1052	4137768.961	50
298445.4912	4137768.172	50
298444.8747	4137767.384	50
298444.2583	4137766.597	50
298443.6418	4137765.809	50
298443.0254	4137765.022	50
298442.409	4137764.234	50
298441.791	4137763.448	50
298441.1711	4137762.664	50
298440.5511	4137761.879	50
298439.9311	4137761.094	50
298439.3112	4137760.31	50
298438.6912	4137759.525	50
298438.0723	4137758.74	50
298437.4539	4137757.954	50
298436.8355	4137757.168	50
298436.217	4137756.382	50
298435.5986	4137755.596	50
298434.9802	4137754.81	50
298434.3596	4137754.026	50
298433.7389	4137753.242	50
298433.1181	4137752.458	50
298432.4973	4137751.674	50
298431.8765	4137750.89	50
298431.2557	4137750.106	50
298430.6377	4137749.32	50
298430.0198	4137748.534	50
298429.4019	4137747.748	50
298428.784	4137746.961	50
298428.1661	4137746.175	50
298427.5481	4137745.389	50
298426.9273	4137744.605	50
298426.306	4137743.821	50
298425.6846	4137743.038	50
298425.0632	4137742.254	50
298424.4418	4137741.471	50
298423.8204	4137740.687	50
298423.1987	4137739.904	50
298422.5766	4137739.121	50
298421.9545	4137738.338	50
298421.3324	4137737.555	50
298420.7103	4137736.772	50
298420.0881	4137735.99	50
298419.466	4137735.207	50
298418.8456	4137734.422	50
298418.2254	4137733.638	50
298417.6052	4137732.854	50
298416.985	4137732.069	50
298416.3647	4137731.285	50
298415.7445	4137730.5	50
298415.1246	4137729.716	50
298414.5063	4137728.93	50
298413.8881	4137728.144	50
298413.2698	4137727.358	50
298412.6516	4137726.572	50
298412.0333	4137725.786	50
298411.415	4137725	50
298410.7967	4137724.214	50
298410.178	4137723.428	50
298409.5592	4137722.643	50
298408.9405	4137721.857	50
298408.3218	4137721.071	50
298407.7031	4137720.286	50
298407.0844	4137719.5	50
298406.4656	4137718.715	50
298405.8465	4137717.929	50
298405.2273	4137717.144	50
298404.6082	4137716.359	50
298403.989	4137715.573	50
298403.3699	4137714.788	50
298402.7508	4137714.003	50
298402.1314	4137713.218	50
298401.5103	4137712.434	50
298400.8893	4137711.65	50
298400.2682	4137710.866	50
298399.6472	4137710.083	50
298399.0262	4137709.299	50
298398.4051	4137708.515	50
298397.7841	4137707.731	50
298397.1654	4137706.946	50
298396.547	4137706.16	50
298395.9287	4137705.374	50
298395.3103	4137704.588	50
298394.692	4137703.802	50
298394.0736	4137703.016	50
298393.4553	4137702.23	50
298392.8368	4137701.444	50
298392.2183	4137700.659	50
298391.5998	4137699.873	50
298390.9813	4137699.087	50
298390.3628	4137698.301	50
298389.7443	4137697.516	50
298389.1258	4137696.73	50
298388.5074	4137695.944	50
298387.8893	4137695.158	50
298387.2713	4137694.372	50
298386.6532	4137693.586	50
298386.0351	4137692.799	50
298385.417	4137692.013	50
298384.799	4137691.227	50
298384.1809	4137690.441	50
298383.5657	4137689.653	50
298382.951	4137688.864	50
298382.3362	4137688.075	50
298381.7214	4137687.287	50
298381.1067	4137686.498	50
298380.4919	4137685.709	50
298379.8772	4137684.92	50
298379.2636	4137684.131	50
298378.6506	4137683.341	50
298378.0376	4137682.551	50
298377.4245	4137681.761	50
298376.8115	4137680.971	50
298376.1985	4137680.18	50
298375.5855	4137679.39	50
298374.9712	4137678.601	50
298374.3561	4137677.813	50
298373.7409	4137677.024	50
298373.1257	4137676.236	50
298372.5106	4137675.448	50
298371.8954	4137674.659	50
298371.2803	4137673.871	50
298370.6644	4137673.083	50
298370.0478	4137672.296	50
298369.4312	4137671.508	50
298368.8147	4137670.721	50
298368.1981	4137669.934	50
298367.5815	4137669.147	50
298366.9649	4137668.359	50
298366.3465	4137667.573	50
298365.7254	4137666.79	50
298365.1044	4137666.006	50
298364.4833	4137665.222	50
298363.8623	4137664.438	50
298363.2412	4137663.655	50
298362.6202	4137662.871	50
298361.9986	4137662.087	50
298361.3762	4137661.305	50
298360.7538	4137660.522	50
298360.1315	4137659.739	50
298359.5091	4137658.957	50
298358.8867	4137658.174	50
298358.2643	4137657.391	50
298357.6342	4137656.615	50
298356.9957	4137655.845	50
298356.3571	4137655.076	50
298355.7186	4137654.306	50
298355.08	4137653.536	50
298354.4415	4137652.767	50
298353.8029	4137651.997	50
298353.141	4137651.248	50
298352.4711	4137650.505	50
298351.8011	4137649.763	50
298351.1311	4137649.021	50
298350.4612	4137648.278	50
298349.7912	4137647.536	50
298349.1183	4137646.796	50
298348.4137	4137646.087	50
298347.7091	4137645.377	50
298347.0045	4137644.667	50
298346.2998	4137643.958	50
298345.5952	4137643.248	50
298344.8906	4137642.539	50
298344.18	4137641.835	50
298343.4651	4137641.136	50
298342.7501	4137640.437	50
298342.0351	4137639.738	50
298341.3201	4137639.039	50
298340.6052	4137638.339	50
298339.8917	4137637.639	50
298339.1814	4137636.935	50
298338.4712	4137636.231	50
298337.7609	4137635.527	50
298337.0506	4137634.823	50
298336.3403	4137634.119	50
298335.6329	4137633.412	50
298334.9318	4137632.699	50
298334.2307	4137631.986	50
298333.5296	4137631.273	50
298332.8285	4137630.56	50
298332.1274	4137629.847	50
298331.4234	4137629.137	50
298330.7166	4137628.429	50
298330.0099	4137627.722	50
298329.3032	4137627.014	50
298328.5964	4137626.307	50
298327.8784	4137625.612	50
298327.1138	4137624.967	50
298326.3493	4137624.323	50
298325.5847	4137623.678	50
298324.8201	4137623.034	50
298323.9502	4137622.547	50
298323.0604	4137622.091	50
298322.1707	4137621.634	50
298321.2809	4137621.178	50
298320.2967	4137621.02	50
298319.3064	4137620.881	50
298318.316	4137620.743	50
298317.3283	4137620.689	50
298316.3487	4137620.889	50
298315.369	4137621.09	50
298314.3894	4137621.291	50
298313.4644	4137621.652	50
298312.5657	4137622.091	50
298311.6669	4137622.529	50
298310.7833	4137622.993	50
298309.9656	4137623.569	50
298309.1479	4137624.144	50
298308.3301	4137624.72	50
298307.5391	4137625.332	50
298306.7527	4137625.949	50
298305.9663	4137626.567	50
298305.1895	4137627.197	50
298304.4159	4137627.83	50
298303.6423	4137628.464	50
298302.9036	4137629.137	50
298302.1785	4137629.826	50
298301.4534	4137630.515	50
298300.8481	4137631.304	50
298300.2919	4137632.135	50
298299.7356	4137632.966	50
298299.4169	4137633.905	50
298299.1563	4137634.871	50
298298.904	4137635.837	50
298298.9724	4137636.835	50
298299.0408	4137637.832	50
298299.1841	4137638.812	50
298299.5851	4137639.728	50
298299.986	4137640.644	50
298300.4365	4137641.534	50
298300.9713	4137642.379	50
298301.506	4137643.224	50
298302.0519	4137644.061	50
298302.6233	4137644.882	50
298303.1947	4137645.702	50
298303.7662	4137646.523	50
298304.3671	4137647.322	50
298304.9745	4137648.117	50
298305.5819	4137648.911	50
298306.1894	4137649.705	50
298306.8095	4137650.49	50
298307.4327	4137651.272	50
298308.0558	4137652.054	50
298308.679	4137652.836	50
298309.3014	4137653.619	50
298309.9177	4137654.406	50
298310.534	4137655.194	50
298311.1503	4137655.981	50
298311.7667	4137656.769	50
298312.383	4137657.556	50
298312.9949	4137658.347	50
298313.6054	4137659.139	50
298314.2159	4137659.931	50
298314.8264	4137660.723	50
298315.4369	4137661.515	50
298316.0474	4137662.307	50
298316.6652	4137663.094	50
298317.2843	4137663.879	50
298317.9033	4137664.664	50
298318.5223	4137665.45	50
298319.1414	4137666.235	50
298319.7604	4137667.02	50
298320.3811	4137667.805	50
298321.0037	4137668.587	50
298321.6264	4137669.369	50
298322.2491	4137670.152	50
298322.8718	4137670.934	50
298323.4945	4137671.717	50
298324.1172	4137672.499	50
298324.7392	4137673.282	50
298325.3608	4137674.066	50
298325.9825	4137674.849	50
298326.6041	4137675.632	50
298327.2258	4137676.416	50
298327.8474	4137677.199	50
298328.4691	4137677.982	50
298329.0882	4137678.767	50
298329.7072	4137679.553	50
298330.3263	4137680.338	50
298330.9454	4137681.123	50
298331.5645	4137681.909	50
298332.1836	4137682.694	50
298332.8007	4137683.481	50
298333.4163	4137684.269	50
298334.0319	4137685.057	50
298334.6476	4137685.845	50
298335.2632	4137686.633	50
298335.8788	4137687.421	50
298336.4943	4137688.209	50
298337.1096	4137688.998	50
298337.7248	4137689.786	50
298338.3401	4137690.574	50
298338.9553	4137691.363	50
298339.5705	4137692.151	50
298340.1863	4137692.939	50
298340.8038	4137693.725	50
298341.4214	4137694.512	50
298342.0389	4137695.299	50
298342.6564	4137696.085	50
298343.2739	4137696.872	50
298343.8925	4137697.657	50
298344.5151	4137698.44	50
298345.1377	4137699.222	50
298345.7603	4137700.005	50
298346.3829	4137700.788	50
298347.0055	4137701.57	50
298347.627	4137702.353	50
298348.2458	4137703.139	50
298348.8645	4137703.925	50
298349.4832	4137704.71	50
298350.102	4137705.496	50
298350.7207	4137706.281	50
298351.3406	4137707.066	50
298351.9622	4137707.849	50
298352.5837	4137708.633	50
298353.2053	4137709.416	50
298353.8269	4137710.2	50
298354.4484	4137710.983	50
298355.069	4137711.767	50
298355.6885	4137712.552	50
298356.308	4137713.337	50
298356.9275	4137714.122	50
298357.547	4137714.907	50
298358.1666	4137715.692	50
298358.7835	4137716.479	50
298359.3991	4137717.267	50
298360.0148	4137718.055	50
298360.6304	4137718.843	50
298361.246	4137719.631	50
298361.8616	4137720.419	50
298362.4748	4137721.209	50
298363.0875	4137722 50
298363.7002	4137722.79	50
298364.3129	4137723.58	50
298364.9256	4137724.37	50
298365.5387	4137725.16	50
298366.1581	4137725.946	50
298366.7775	4137726.731	50
298367.3969	4137727.516	50
298368.0163	4137728.301	50
298368.6357	4137729.086	50
298369.2556	4137729.87	50
298369.877	4137730.654	50
298370.4983	4137731.438	50
298371.1197	4137732.221	50
298371.741	4137733.005	50
298372.3624	4137733.788	50
298372.9837	4137734.572	50
298373.6048	4137735.355	50
298374.2259	4137736.139	50
298374.847	4137736.923	50
298375.4681	4137737.707	50
298376.0891	4137738.49	50
298376.7116	4137739.273	50
298377.3349	4137740.055	50
298377.9582	4137740.837	50
298378.5815	4137741.619	50
298379.2049	4137742.401	50
298379.828	4137743.183	50
298380.4486	4137743.967	50
298381.0692	4137744.751	50
298381.6898	4137745.535	50
298382.3104	4137746.32	50
298382.9309	4137747.104	50
298383.551	4137747.888	50
298384.1707	4137748.673	50
298384.7904	4137749.458	50
298385.4102	4137750.243	50
298386.0299	4137751.028	50
298386.6476	4137751.814	50
298387.263	4137752.602	50
298387.8784	4137753.39	50
298388.4938	4137754.179	50
298389.1091	4137754.967	50
298389.7231	4137755.756	50
298390.3356	4137756.547	50
298390.9481	4137757.337	50
298391.5606	4137758.128	50
298392.1731	4137758.918	50
298392.7849	4137759.709	50
298393.3964	4137760.5	50
298394.008	4137761.292	50
298394.6195	4137762.083	50
298395.231	4137762.874	50
298395.8401	4137763.667	50
298396.4485	4137764.461	50
298397.0569	4137765.254	50
298397.6652	4137766.048	50
298398.2736	4137766.842	50
298398.8888	4137767.63	50
298399.5069	4137768.416	50
298400.1249	4137769.202	50
298400.743	4137769.988	50
298401.3611	4137770.775	50
298401.9817	4137771.559	50
298402.6058	4137772.34	50
298403.2299	4137773.121	50
298403.854	4137773.903	50
298404.4781	4137774.684	50
298405.1021	4137775.465	50
298405.7257	4137776.247	50
298406.3491	4137777.029	50
298406.9726	4137777.811	50
298407.596	4137778.593	50
298408.2194	4137779.375	50
298408.8423	4137780.157	50
298409.4636	4137780.941	50
298410.0848	4137781.724	50
298410.7061	4137782.508	50
298411.3274	4137783.291	50
298411.9486	4137784.075	50
298412.5709	4137784.858	50
298413.1937	4137785.64	50
298413.8165	4137786.423	50
298414.4393	4137787.205	50
298415.0621	4137787.987	50
298415.6855	4137788.769	50
298416.3109	4137789.55	50
298416.9362	4137790.33	50
298417.5615	4137791.11	50
298418.1868	4137791.891	50
298418.8122	4137792.671	50
298419.4327	4137793.455	50
298420.0529	4137794.24	50
298420.6732	4137795.024	50
298421.2934	4137795.808	50
298421.9137	4137796.593	50
298422.528	4137797.382	50
298423.1415	4137798.172	50
298423.755	4137798.961	50
298424.3686	4137799.751	50
298424.9821	4137800.541	50
298425.6041	4137801.324	50
298426.2275	4137802.106	50
298426.8509	4137802.887	50
298427.4743	4137803.669	50
298428.0977	4137804.451	50
298428.7333	4137805.223	50
298429.3719	4137805.993	50
298430.0105	4137806.762	50
298430.649	4137807.532	50
298431.2876	4137808.301	50
298431.9288	4137809.069	50
298432.5749	4137809.832	50
298433.2209	4137810.595	50
298433.8669	4137811.359	50
298434.5129	4137812.122	50
298435.1589	4137812.885	50
298435.8057	4137813.648	50
298436.4539	4137814.41	50
298437.102	4137815.171	50
298437.7502	4137815.933	50
298438.3983	4137816.694	50
298439.0465	4137817.456	50
298439.6947	4137818.217	50
298440.3394	4137818.982	50
298440.9834	4137819.747	50
298441.6274	4137820.512	50
298442.2714	4137821.277	50
298442.9153	4137822.042	50
298443.5593	4137822.807	50
298444.2033	4137823.572	50
298444.8416	4137824.341	50
298445.4784	4137825.113	50
298446.1151	4137825.884	50
298446.7519	4137826.655	50
298447.3886	4137827.426	50
298448.0253	4137828.197	50
298448.6621	4137828.968	50
298449.2941	4137829.743	50
298449.9181	4137830.524	50
298450.5422	4137831.306	50
298451.1662	4137832.087	50
298451.7903	4137832.868	50
298452.4143	4137833.65	50
298453.0384	4137834.431	50
298453.6624	4137835.213	50
298454.2784	4137836	50
298454.8926	4137836.789	50
298455.5068	4137837.579	50
298456.1209	4137838.368	50
298456.7351	4137839.157	50
298457.3493	4137839.946	50
298457.9635	4137840.735	50
298458.5776	4137841.525	50
298459.188	4137842.317	50
298459.7983	4137843.109	50
298460.4087	4137843.901	50
298461.0191	4137844.693	50
298461.6294	4137845.485	50
298462.2398	4137846.277	50
298462.8502	4137847.069	50
298463.4608	4137847.861	50
298464.0735	4137848.652	50
298464.6861	4137849.442	50
298465.2988	4137850.232	50
298465.9115	4137851.023	50
298466.5242	4137851.813	50
298467.1369	4137852.603	50
298467.7495	4137853.394	50
298468.3644	4137854.182	50
298468.9836	4137854.967	50
298469.6028	4137855.753	50
298470.222	4137856.538	50
298470.8413	4137857.323	50
298471.4605	4137858.108	50
298472.0797	4137858.894	50
298472.6989	4137859.679	50
298473.3139	4137860.467	50
298473.9273	4137861.257	50
298474.5407	4137862.047	50
298475.1541	4137862.837	50
298475.7675	4137863.626	50
298476.3809	4137864.416	50
298476.9943	4137865.206	50
298477.6042	4137865.998	50
298478.2065	4137866.797	50
298478.8087	4137867.595	50
298479.411	4137868.393	50
298480.0133	4137869.192	50
298480.6156	4137869.99	50
298481.2178	4137870.788	50
298481.8205	4137871.586	50
298482.425	4137872.383	50
298483.0295	4137873.179	50
298483.634	4137873.976	50
298484.2385	4137874.773	50
298484.843	4137875.569	50
298485.4475	4137876.366	50
298486.0623	4137877.154	50
298486.6989	4137877.925	50
298487.3354	4137878.697	50
298487.972	4137879.468	50
298488.6085	4137880.239	50
298489.2451	4137881.01	50
298489.887	4137881.776	50
298490.655	4137882.417	50
298491.4231	4137883.057	50
298492.1912	4137883.697	50
298492.9593	4137884.338	50
298493.7274	4137884.978	50
298494.5757	4137885.487	50
298495.4951	4137885.881	50
298496.4144	4137886.274	50
298497.3338	4137886.668	50
298498.2532	4137887.061	50
298499.2235	4137887.233	50
298500.2223	4137887.282	50
298501.2211	4137887.33	50
298502.2199	4137887.379	50
298503.2167	4137887.411	50
298504.1736	4137887.12	50
298505.1304	4137886.829	50
298506.0873	4137886.539	50
298507.0441	4137886.248	50
298507.9499	4137885.838	50
298508.8228	4137885.35	50
298509.6958	4137884.862	50
298510.5687	4137884.374	50
298511.4338	4137883.874	50
298512.2581	4137883.307	50
298513.0824	4137882.741	50
298513.9066	4137882.175	50
298514.7309	4137881.609	50
298515.5463	4137881.03	50
298516.3524	4137880.438	50
298517.1584	4137879.846	50
298517.9644	4137879.255	50
298518.7705	4137878.663	50
298519.5724	4137878.065	50
298520.3697	4137877.462	50
298521.1669	4137876.858	50
298521.9641	4137876.254	50
298522.7613	4137875.651	50
298523.5578	4137875.046	50
298524.3493	4137874.435	50
298525.1407	4137873.823	50
298525.9321	4137873.212	50
298526.7235	4137872.601	50
298527.5149	4137871.99	50
298528.306	4137871.378	50
298529.097	4137870.766	50
298529.888	4137870.154	50
298530.679	4137869.543	50
298531.47	4137868.931	50
298532.2606	4137868.318	50
298533.0496	4137867.704	50
298533.8386	4137867.09	50
298534.6275	4137866.475	50
298535.4165	4137865.861	50
298536.2054	4137865.246	50
298536.9921	4137864.629	50
298537.7774	4137864.01	50
298538.5626	4137863.39	50
298539.3478	4137862.771	50
298540.133	4137862.152	50
298540.9179	4137861.532	50
298541.7	4137860.909	50
298542.4822	4137860.286	50
298543.2643	4137859.663	50
298544.0465	4137859.04	50
298544.8286	4137858.417	50
298545.6137	4137857.797	50
298546.3996	4137857.179	50
298547.1855	4137856.561	50
298547.9714	4137855.942	50
298548.7573	4137855.324	50
298549.5428	4137854.705	50
298550.3282	4137854.086	50
298551.1135	4137853.467	50
298551.8988	4137852.848	50
298552.6842	4137852.229	50
298553.4594	4137851.597	50
298554.2345	4137850.965	50
298555.0096	4137850.334	50
298555.7847	4137849.702	50
298556.4931	4137848.997	50
298557.1938	4137848.283	50
298557.8945	4137847.57	50
298558.5504	4137846.822	50
298559.0577	4137845.96	50
298559.5649	4137845.098	50
298560.0721	4137844.237	50
298560.3095	4137843.269	50
298560.5249	4137842.292	50
298560.7404	4137841.316	50
298560.6656	4137840.324	50
298560.5529	4137839.33	50
298560.4403	4137838.337	50
298560.0325	4137837.424	50
298559.6209	4137836.513	50
298559.2092	4137835.602	50
298558.6252	4137834.791	50
298558.0345	4137833.984	50
298557.4438	4137833.177	50
298556.828	4137832.39	50
298556.1714	4137831.636	50
298555.5148	4137830.882	50
298554.8582	4137830.128	50
298554.1969	4137829.378	50
298553.5237	4137828.638	50
298552.8505	4137827.899	50
298552.1773	4137827.159	50
298551.5041	4137826.42	50
298550.8323	4137825.679	50
298550.1612	4137824.938	50
298549.4901	4137824.196	50
298548.8189	4137823.455	50
298548.1478	4137822.714	50
298547.4762	4137821.973	50
298546.8043	4137821.232	50
298546.1324	4137820.491	50
298545.4605	4137819.751	50
298544.7886	4137819.01	50
298544.1167	4137818.269	50
298543.4448	4137817.529	50
298542.7728	4137816.788	50
298542.1008	4137816.048	50
298541.4288	4137815.307	50
298540.7568	4137814.567	50
298540.0848	4137813.826	50
298539.4116	4137813.087	50
298538.7384	4137812.347	50
298538.0653	4137811.608	50
298537.3921	4137810.868	50
298536.7189	4137810.129	50
298536.0458	4137809.389	50
298535.3797	4137808.643	50
298534.7155	4137807.896	50
298534.0513	4137807.148	50
298533.3871	4137806.401	50
298532.7229	4137805.653	50
298532.0587	4137804.905	50
298531.4006	4137804.153	50
298530.7581	4137803.386	50
298530.1156	4137802.62	50
298529.4732	4137801.854	50
298528.8307	4137801.087	50
298528.1882	4137800.321	50
298527.5457	4137799.555	50
298526.9153	4137798.779	50
298526.2954	4137797.994	50
298525.6754	4137797.209	50
298525.0554	4137796.425	50
298524.4355	4137795.64	50
298523.8155	4137794.856	50
298523.1956	4137794.071	50
298522.5801	4137793.283	50
298521.9673	4137792.492	50
298521.3545	4137791.702	50
298520.7418	4137790.912	50
298520.129	4137790.122	50
298519.5162	4137789.331	50
298518.9035	4137788.541	50
298518.2913	4137787.75	50
298517.6797	4137786.959	50
298517.0681	4137786.168	50
298516.4565	4137785.377	50
298515.8449	4137784.586	50
298515.2333	4137783.795	50
298514.6217	4137783.003	50
298514.0091	4137782.213	50
298513.3949	4137781.424	50
298512.7807	4137780.635	50
298512.1666	4137779.846	50
298511.5524	4137779.056	50
298510.9382	4137778.267	50
298510.324	4137777.478	50
298509.7081	4137776.69	50
298509.0887	4137775.905	50
298508.4693	4137775.12	50
298507.8499	4137774.335	50
298507.2305	4137773.55	50
298506.6111	4137772.765	50
298505.9917	4137771.98	50
298505.3715	4137771.195	50
298504.7501	4137770.412	50
298504.1286	4137769.628	50
298503.5071	4137768.845	50
298502.8856	4137768.062	50
298502.2642	4137767.278	50
298501.6427	4137766.495	50
298501.0218	4137765.711	50
298500.4017	4137764.926	50
298499.7816	4137764.142	50
298499.1615	4137763.357	50
298498.5414	4137762.573	50
298497.9213	4137761.788	50
298497.3012	4137761.004	50
298496.6825	4137760.218	50
298496.0643	4137759.432	50
298495.4461	4137758.646	50
298494.8279	4137757.86	50
298494.2097	4137757.074	50
298493.5915	4137756.288	50
298492.9748	4137755.501	50
298492.3613	4137754.711	50
298491.7477	4137753.921	50
298491.1342	4137753.132	50
298490.5207	4137752.342	50
298489.9071	4137751.552	50
298489.2933	4137750.763	50
298488.6784	4137749.974	50
298488.0634	4137749.186	50
298487.4484	4137748.397	50
298486.8334	4137747.609	50
298486.2184	4137746.82	50
298485.6008	4137746.034	50
298484.977	4137745.252	50
298484.3533	4137744.471	50
298483.7295	4137743.689	50
298483.1058	4137742.907	50
298482.482	4137742.126	50
298481.8343	4137741.364	50
298481.183	4137740.605	50
298480.5317	4137739.846	50
298479.8804	4137739.087	50
298479.2215	4137738.336	50
298478.4774	4137737.668	50
298477.7334	4137737	50
298476.9893	4137736.332	50
298476.2386	4137735.673	50
298475.3669	4137735.183	50
298474.4951	4137734.693	50
298473.6234	4137734.203	50
298472.7106	4137733.813	50
298471.7468	4137733.546	50
298470.7829	4137733.28	50
298469.8191	4137733.013	50
298468.8221	4137732.978	50
298467.8222	4137732.962	50
298466.8223	4137732.947	50
298465.8413	4137733.082	50
298464.8756	4137733.342	50
298463.9099	4137733.602	50
298462.9787	4137733.949	50
298462.0985	4137734.423	50
298461.2183	4137734.898	50
298460.3531	4137735.397	50
298459.5244	4137735.957	50
298458.6957	4137736.516	50
298457.8693	4137737.079	50
298457.0675	4137737.677	50
298456.2658	4137738.275	50
298455.4641	4137738.872	50
298454.6765	4137739.488	50
298453.8912	4137740.108	50
298453.1059	4137740.727	50
298452.3457	4137741.376	50
298451.5986	4137742.041	50
298450.8515	4137742.705	50
298450.1439	4137743.409	50
298449.4818	4137744.159	50
298448.8197	4137744.908	50
298448.2017	4137745.69	50
298447.6941	4137746.551	50
298447.1864	4137747.413	50
298446.6988	4137748.283	50
298446.4326	4137749.247	50
298446.1664	4137750.211	50
298445.9003	4137751.175	50
298445.9383	4137752.17	50
298445.9996	4137753.168	50
298446.0608	4137754.166	50
298446.3705	4137755.11	50
298446.7311	4137756.043	50
298447.0916	4137756.976	50
298447.5498	4137757.861	50
298448.0588	4137758.722	50
298448.5679	4137759.583	50
298449.0934	4137760.433	50
298449.657	4137761.259	50
298450.2207	4137762.085	50
298450.7844	4137762.911	50
298451.3456	4137763.739	50
298451.9052	4137764.567	50
298452.4647	4137765.396	50
298453.0243	4137766.225	50
298453.5658	4137767.065	50
298454.0848	4137767.92	50
298454.6038	4137768.775	50
298455.1228	4137769.63	50
298455.6419	4137770.484	50
298456.1244	4137771.36	50
298456.6056	4137772.237	50
298457.0868	4137773.113	50
298457.568	4137773.99	50
298458.0458	4137774.869	50
298458.514	4137775.752	50
298458.9822	4137776.636	50
298459.4504	4137777.519	50
298459.9186	4137778.403	50
298460.4025	4137779.278	50
298460.9006	4137780.145	50
298461.3987	4137781.012	50
298461.8968	4137781.879	50
298462.3948	4137782.746	50
298462.9361	4137783.587	50
298463.4888	4137784.42	50
298464.0415	4137785.254	50
298464.5942	4137786.087	50
298465.1525	4137786.917	50
298465.7432	4137787.723	50
298466.3339	4137788.53	50
298466.9245	4137789.337	50
298467.5152	4137790.144	50
298468.1196	4137790.941	50
298468.7268	4137791.735	50
298469.334	4137792.53	50
