508180.3884,3881447.639,110
508179.901,3881448.519,110
508179.4136,3881449.399,110
508178.9263,3881450.279,110
508178.4389,3881451.159,110
508177.9515,3881452.039,110
508177.4641,3881452.918,110
508176.9768,3881453.798,110
508176.4894,3881454.678,110
508176.002,3881455.558,110
508175.5146,3881456.438,110
508175.0273,3881457.318,110
508174.5399,3881458.198,110
508174.0525,3881459.078,110
508173.5651,3881459.957,110
508173.0778,3881460.837,110
508172.5904,3881461.717,110
508172.103,3881462.597,110
508171.6156,3881463.477,110
508171.1283,3881464.357,110
508170.6409,3881465.237,110
508170.1535,3881466.117,110
508169.6661,3881466.996,110
508169.1787,3881467.876,110
508168.6914,3881468.756,110
508168.204,3881469.636,110
508167.7166,3881470.516,110
508167.2293,3881471.396,110
508166.7419,3881472.276,110
508166.2545,3881473.156,110
508165.7671,3881474.035,110
508165.2798,3881474.915,110
508164.7924,3881475.795,110
508164.305,3881476.675,110
508163.8176,3881477.555,110
508163.3303,3881478.435,110
508162.8429,3881479.315,110
508162.3555,3881480.195,110
508161.8681,3881481.074,110
508161.3808,3881481.954,110
508160.8934,3881482.834,110
508160.406,3881483.714,110
508159.9186,3881484.594,110
508159.4313,3881485.474,110
508158.9439,3881486.354,110
508158.4565,3881487.234,110
508157.9691,3881488.113,110
508157.4818,3881488.993,110
508156.9944,3881489.873,110
508156.507,3881490.753,110
508156.0196,3881491.633,110
508155.5323,3881492.513,110
508155.0449,3881493.393,110
508154.5575,3881494.273,110
508154.0701,3881495.152,110
508153.5828,3881496.032,110
508153.0954,3881496.912,110
508152.608,3881497.792,110
508152.1206,3881498.672,110
508151.6333,3881499.552,110
508151.1459,3881500.432,110
508150.6585,3881501.312,110
508150.1711,3881502.191,110
508149.6837,3881503.071,110
508149.1964,3881503.951,110
508148.709,3881504.831,110
508148.2216,3881505.711,110
508147.7343,3881506.591,110
508147.2469,3881507.471,110
508146.7595,3881508.351,110
508146.2721,3881509.23,110
508145.7848,3881510.11,110
508145.2974,3881510.99,110
508144.81,3881511.87,110
508144.3626,3881512.104,110
508143.9164,3881512.324,110
508143.4636,3881512.532,110
508143.0046,3881512.729,110
508142.5399,3881512.913,110
508142.0698,3881513.083,110
508141.5857,3881513.242,110
508141.1064,3881513.382,110
508140.623,3881513.507,110
508140.1362,3881513.614,110
508139.6463,3881513.704,110
508139.1538,3881513.776,110
508138.6496,3881513.828,110
508138.1533,3881513.86,110
508137.6556,3881513.87,110
508137.1572,3881513.859,110
508136.6584,3881513.824,110
508136.1597,3881513.767,110
508135.6711,3881513.687,110
508134.7673,3881513.173,110
508133.8636,3881512.659,110
508132.9598,3881512.146,110
508132.056,3881511.632,110
508131.1523,3881511.118,110
508130.2485,3881510.604,110
508129.3448,3881510.091,110
508128.441,3881509.577,110
508127.5372,3881509.063,110
508126.6335,3881508.549,110
508125.7297,3881508.036,110
508124.8259,3881507.522,110
508123.9222,3881507.008,110
508123.0184,3881506.494,110
508122.1146,3881505.981,110
508121.2109,3881505.467,110
508120.3071,3881504.953,110
508119.4033,3881504.439,110
508118.4996,3881503.926,110
508117.5958,3881503.412,110
508116.6921,3881502.898,110
508115.7883,3881502.384,110
508114.8845,3881501.871,110
508113.9808,3881501.357,110
508113.077,3881500.843,110
508112.7836,3881500.433,110
508112.5243,3881500.008,110
508112.2963,3881499.561,110
508112.108,3881499.1,110
508111.9618,3881498.621,110
508111.8658,3881498.129,110
508111.8288,3881497.632,110
508111.8575,3881497.136,110
508111.9587,3881496.646,110
508112.1345,3881496.176,110
508112.5951,3881495.275,110
508113.0558,3881494.374,110
508113.5164,3881493.473,110
508113.977,3881492.572,110
508114.4377,3881491.671,110
508114.8983,3881490.77,110
508115.3589,3881489.869,110
508115.8196,3881488.968,110
508116.2802,3881488.066,110
508116.7408,3881487.165,110
508117.2015,3881486.264,110
508117.6621,3881485.363,110
508118.1227,3881484.462,110
508118.5833,3881483.561,110
508119.044,3881482.66,110
508119.5046,3881481.759,110
508119.9652,3881480.858,110
508120.4259,3881479.957,110
508120.8865,3881479.056,110
508121.3471,3881478.155,110
508121.8078,3881477.254,110
508122.2684,3881476.353,110
508122.729,3881475.452,110
508123.1897,3881474.551,110
508123.6503,3881473.65,110
508124.1109,3881472.749,110
508124.5716,3881471.848,110
508125.0322,3881470.946,110
508125.4928,3881470.045,110
508125.9535,3881469.144,110
508126.4141,3881468.243,110
508126.8747,3881467.342,110
508127.3354,3881466.441,110
508127.796,3881465.54,110
508128.2566,3881464.639,110
508128.7173,3881463.738,110
508129.1779,3881462.837,110
508129.6385,3881461.936,110
508130.0991,3881461.035,110
508130.5598,3881460.134,110
508131.0204,3881459.233,110
508131.481,3881458.332,110
508131.9417,3881457.431,110
508132.4023,3881456.53,110
508132.8629,3881455.628,110
508133.3236,3881454.727,110
508133.7842,3881453.826,110
508134.2448,3881452.925,110
508134.7055,3881452.024,110
508135.1661,3881451.123,110
508135.6267,3881450.222,110
508136.0874,3881449.321,110
508136.548,3881448.42,110
508137.0086,3881447.519,110
508137.4693,3881446.618,110
508137.9299,3881445.717,110
508138.3905,3881444.816,110
508138.8512,3881443.915,110
508139.3118,3881443.014,110
508139.7724,3881442.113,110
508140.233,3881441.212,110
508140.6937,3881440.311,110
508141.1543,3881439.41,110
508141.6149,3881438.508,110
508142.0756,3881437.607,110
508142.5362,3881436.706,110
508142.9968,3881435.805,110
508143.4575,3881434.904,110
508143.9181,3881434.003,110
508144.3787,3881433.102,110
508144.8394,3881432.201,110
508145.3,3881431.3,110
