302462.901	4123715.746	140
302463.386752334	4123716.62009648	140
302463.863557172	4123717.49910567	140
302464.33943872	4123718.37861502	140
302464.821856398	4123719.25455634	140
302465.304274012	4123720.13049769	140
302465.786576704	4123721.00650232	140
302466.2690711	4123721.88240137	140
302466.751565751	4123722.75830029	140
302467.234808306	4123723.6337868	140
302467.718051969	4123724.5092727	140
302468.204837426	4123725.38279425	140
302468.687255105	4123726.25873556	140
302469.169675538	4123727.13467535	140
302469.65565838	4123728.0086437	140
302470.142099103	4123728.88235728	140
302470.628886216	4123729.75587792	140
302471.113373236	4123730.63067637	140
302471.596519767	4123731.50621587	140
302472.08166439	4123732.38064979	140
302472.570780864	4123733.25286825	140
302473.055268689	4123734.12766626	140
302473.539451646	4123735.00263304	140
302474.025051436	4123735.87681428	140
302474.509921446	4123736.75140051	140
302474.993796106	4123737.62653782	140
302475.476099805	4123738.50254189	140
302475.960205466	4123739.37755144	140
302476.444771049	4123740.25230637	140
302476.932246015	4123741.12544333	140
302477.417464057	4123741.99983653	140
302477.902564106	4123742.87429518	140
302478.388468304	4123743.74830725	140
302478.868890963	4123744.62534434	140
302479.353884585	4123745.49986201	140
302479.843911093	4123746.37156949	140
302480.323313189	4123747.24916486	140
302480.80272239	4123748.1267563	140
302481.290325566	4123748.99982167	140
302481.777928742	4123749.87288704	140
302482.265531298	4123750.74595276	140
302482.752565879	4123751.61933545	140
302483.239597863	4123752.49271957	140
302483.723466192	4123753.36786035	140
302484.199896782	4123754.24707234	140
302484.686182616	4123755.12087214	140
302485.170367854	4123755.99583765	140
302485.657995741	4123756.86888922	140
302486.144932666	4123757.74232634	140
302486.628458031	4123758.61765668	140
302487.107150047	4123759.49563956	140
302487.587268641	4123760.37284313	140
302488.073105267	4123761.24689273	140
302488.565651458	4123762.11717896	140
302489.049297996	4123762.99244236	140
302489.533406736	4123763.8674502	140
302490.019540047	4123764.74133486	140
302490.504410879	4123765.61592064	140
302490.989624653	4123766.49031618	140
302491.471927236	4123767.36632088	140
302491.954238281	4123768.24232087	140
302492.442133591	4123769.11522302	140
302492.930018174	4123769.9881311	140
302493.409602207	4123770.86562702	140
302493.894540128	4123771.74017555	140
302494.372797424	4123772.61839493	140
302494.869090883	4123773.48654975	140
302495.367465219	4123774.3535117	140
302495.864185643	4123775.22142209	140
302496.347835678	4123776.09668103	140
302496.872292898	4123776.94811569	140
302497.363415749	4123777.81920587	140
302497.846112396	4123778.69499345	140
302498.333402088	4123779.56823383	140
302498.791763891	4123780.4568452	140
302499.256447018	4123781.34228771	140
302499.714375299	4123782.23125746	140
302500.079718212	4123783.16081237	140
302500.422407719	4123784.10026109	140
302501.17400238	4123784.54852913	140
302501.622173734	4123785.4424768	140
302502.089981781	4123786.32605797	140
302502.57557501	4123787.20024281	140
302503.061404734	4123788.07429629	140
302503.651912922	4123788.87196714	140
302504.083325782	4123789.75848415	140
302504.500796231	4123790.66416555	140
302504.986512019	4123791.53828234	140
302505.472339047	4123792.4123373	140
302505.95828403	4123793.2863267	140
302506.44419015	4123794.16033771	140
302506.930058742	4123795.03436958	140
302507.415925999	4123795.90840219	140
302507.901794585	4123796.78243406	140
302508.387340723	4123797.65664504	140
302508.883622655	4123798.52470993	140
302509.354862002	4123799.40623912	140
302509.816853736	4123800.29308961	140
302510.287522811	4123801.17539483	140
302510.757909532	4123802.05785261	140
302511.236133797	4123802.93604762	140
302511.7210772	4123803.81059302	140
302512.205747379	4123804.68528981	140
302512.69063023	4123805.55986873	140
302513.1756691	4123806.43436129	140
302513.660216952	4123807.309126	140
302514.144551968	4123808.18400861	140
302514.629510966	4123809.05854531	140
302515.114211612	4123809.93322519	140
302515.599094387	4123810.80780415	140
302516.083948855	4123811.6823989	140
302516.568513416	4123812.5571544	140
302517.052939711	4123813.43198647	140
302517.537806568	4123814.30657431	140
302518.023162988	4123815.18089069	140
302518.50830868	4123816.05532398	140
302519.016011858	4123816.91659016	140
302519.500396621	4123817.79029417	140
302519.930947092	4123818.69272703	140
302520.369476688	4123819.59107463	140
302520.832059521	4123820.47765067	140
302521.359009961	4123821.32394215	140
302521.902552691	4123822.1608013	140
302522.388494976	4123823.0347922	140
302522.874441318	4123823.90878084	140
302523.360455914	4123824.78273153	140
302523.721840579	4123825.70443555	140
302524.156746069	4123826.56156811	140
302524.77867912	4123827.33261044	140
302525.264508844	4123828.20666391	140
302525.750338568	4123829.08071739	140
302526.236198164	4123829.95475426	140
302526.722104284	4123830.82876527	140
302527.208040274	4123831.70275967	140
302527.693992912	4123832.57674481	140
302528.179899032	4123833.45075582	140
302528.665835021	4123834.32475022	140
302529.08377225	4123835.22848505	140
302529.395724421	4123836.17858286	140
302530.078433294	4123836.86551512	140
302530.601816463	4123837.71482415	140
302531.122409806	4123838.55812064	140
302531.52699668	4123839.470901	140
302532.012966741	4123840.34487645	140
302532.499101983	4123841.21876004	140
302532.985355739	4123842.09257766	140
302533.471733183	4123842.96632641	140
302533.957639303	4123843.84033742	140
302534.443545423	4123844.71434843	140
302534.9294729	4123845.58834756	140
302535.415434051	4123846.46232797	140
302535.901340171	4123847.33633898	140
302536.359903106	4123848.22365909	140
302536.853669641	4123849.08758632	140
302537.355350129	4123849.95184327	140
302537.840672473	4123850.82617847	140
302538.325657653	4123851.70070084	140
302538.811252096	4123852.57488497	140
302539.29605073	4123853.4495106	140
302539.781078593	4123854.32400926	140
302540.266650216	4123855.19820611	140
302540.751556295	4123856.07277224	140
302541.236675875	4123856.94722003	140
302541.721860311	4123857.82163187	140
302542.206824472	4123858.69616589	140
302542.692535288	4123859.57028533	140
302543.177670654	4123860.44472428	140
302543.662310535	4123861.31943804	140
302544.147645291	4123862.19376635	140
302544.633353434	4123863.06788738	140
302545.118152066	4123863.94251301	140
302545.598398305	4123864.81963927	140
302546.091486567	4123865.68961856	140
302546.577986741	4123866.56226185	140
302546.829790493	4123867.52955496	140
302547.527804851	4123868.24563873	140
302548.029581786	4123869.10909299	140
302548.522670049	4123869.97907228	140
302549.015758311	4123870.84905157	140
302549.508846573	4123871.71903086	140
302550.001934835	4123872.58901015	140
302550.495023097	4123873.45898944	140
302550.988111359	4123874.32896873	140
302551.48151375	4123875.1987699	140
302551.974930105	4123876.06856316	140
302552.468249605	4123876.93841134	140
302552.961492397	4123877.80830303	140
302553.446227541	4123878.67254513	140
302553.94308848	4123879.54016523	140
302554.436176742	4123880.41014453	140
302554.929265004	4123881.28012382	140
302555.422353266	4123882.15010311	140
302555.915513302	4123883.02004171	140
302556.408677243	4123883.8899781	140
302556.901841184	4123884.7599145	140
302557.395076872	4123885.62981021	140
302557.888172996	4123886.49978505	140
302558.381261258	4123887.36976434	140
302558.936818559	4123888.19946828	140
302559.38841923	4123889.09168845	140
302559.848514179	4123889.97940085	140
302560.348843564	4123890.84473152	140
302560.860625889	4123891.70179615	140
302561.303855373	4123892.59778801	140
302561.8241049	4123893.44869959	140
302562.382343434	4123894.26549633	140
302562.734625271	4123895.19866734	140
302563.212748119	4123896.07696031	140
302563.690766418	4123896.95531018	140
302564.169262592	4123897.83339919	140
302564.709132489	4123898.66207006	140
302565.309012677	4123899.41056282	140
302565.5769691	4123900.37029586	140
302566.063930275	4123901.24371946	140
302566.550342909	4123902.11744861	140
302567.035908523	4123902.99164883	140
302567.521137159	4123903.86603612	140
302568.005715048	4123904.74078412	140
302568.487250098	4123905.6171891	140
302568.975947506	4123906.48635687	140
302569.625905684	4123907.24187514	140
302569.856391179	4123908.21277014	140
302570.322641311	4123909.09742307	140
302570.789257075	4123909.9818832	140
302571.255112528	4123910.86674188	140
302571.72654064	4123911.746805	140
302572.347805628	4123912.52070516	140
302572.599692737	4123913.48823755	140
302573.054987379	4123914.37833908	140
302573.68712924	4123915.15319175	140
302573.946307932	4123916.11578108	140
302574.390414427	4123917.0107271	140
302574.84304798	4123917.90242372	140
302575.295309525	4123918.79430908	140
302575.747784705	4123919.68608607	140
302576.185648409	4123920.5851214	140
302576.622916369	4123921.48445267	140
302577.059868043	4123922.38393765	140
302577.492872405	4123923.28532904	140
302577.925514292	4123924.1868949	140
302578.35814782	4123925.08846477	140
302578.789108987	4123925.99083517	140
302579.217060969	4123926.8946364	140
302579.644501155	4123927.79868003	140
302580.071925357	4123928.70273122	140
302580.493514425	4123929.60951728	140
302580.913234846	4123930.51717065	140
302581.332858993	4123931.42486861	140
302581.75095793	4123932.33327004	140
302582.169043235	4123933.24167781	140
302582.578709526	4123934.15391137	140
302582.981869651	4123935.0690398	140
302583.384775863	4123935.98428107	140
302583.779405391	4123936.90311959	140
302584.167869137	4123937.82458271	140
302584.556096025	4123938.74614654	140
302584.942011201	4123939.66868067	140
302585.32595061	4123940.59203887	140
302585.709472379	4123941.5155707	140
302586.081837954	4123942.44365363	140
302586.443615342	4123943.37591556	140
302586.804321813	4123944.30859493	140
302587.16649506	4123945.24070567	140
302587.530063853	4123946.17227298	140
302587.894095596	4123947.10365952	140
302588.258394267	4123948.03494169	140
302588.623036601	4123948.96608935	140
302588.961888761	4123949.90691279	140
302589.298648826	4123950.84850325	140
302589.635060838	4123951.79021815	140
302589.957891411	4123952.73667049	140
302590.279137288	4123953.68366629	140
302590.600977984	4123954.63046011	140
302590.917394549	4123955.57907976	140
302591.222841532	4123956.53128612	140
302591.527661218	4123957.4836962	140
302591.829594503	4123958.43702506	140
302592.113178662	4123959.39596477	140
302592.392934184	4123960.35603582	140
302592.672396118	4123961.3161926	140
302592.952374664	4123962.27619885	140
302593.232374663	4123963.23619885	140
302593.503161678	4123964.19883618	140
302593.769503897	4123965.16271434	140
302594.036307832	4123966.12646516	140
302594.27888463	4123967.09658423	140
302594.484512857	4123968.07518652	140
302594.688790823	4123969.05409944	140
302594.888456757	4123970.03396301	140
302595.060232809	4123971.01908275	140
302595.211242264	4123972.00760705	140
302595.361465379	4123972.99625917	140
302595.498819851	4123973.98677774	140
302595.619216788	4123974.97949801	140
302595.738953652	4123975.97230367	140
302595.849411192	4123976.96618278	140
302595.940838425	4123977.96198756	140
302596.031432048	4123978.9578755	140
302596.106468133	4123979.95505146	140
302596.176605801	4123980.95258841	140
302596.246641328	4123981.95013291	140
302596.309046835	4123982.94818263	140
302596.361507984	4123983.94680376	140
302596.413639411	4123984.94544399	140
302596.464763228	4123985.94413629	140
302596.514600403	4123986.94289362	140
302596.561126233	4123987.94181049	140
302596.604835198	4123988.94085466	140
302596.644152428	4123989.94005732	140
302596.672549124	4123990.93965406	140
302596.700986614	4123991.93924963	140
302596.729368463	4123992.93884677	140
302596.757477391	4123993.93845164	140
302596.78562773	4123994.93805533	140
302596.813930544	4123995.93765473	140
302596.842257997	4123996.93725342	140
302596.87068339	4123997.93684934	140
302596.899163401	4123998.9364437	140
302596.927580636	4123999.93603985	140
302596.95604857	4124000.93563455	140
302596.984371258	4124001.93523337	140
302597.012468232	4124002.93483858	140
302597.040577161	4124003.93444344	140
302597.0687808	4124004.93404562	140
302597.097248734	4124005.93364033	140
302597.125686223	4124006.9332359	140
302597.154154143	4124007.93283061	140
302597.182591646	4124008.93242618	140
302597.2110514	4124009.93202112	140
302597.23939076	4124010.93161947	140
302597.267628346	4124011.93122071	140
302597.312691803	4124012.92985361	140
302597.399442368	4124013.92608368	140
302597.486192933	4124014.92231374	140
302597.732741506	4124015.86928239	140
302598.221964761	4124016.74144098	140
302598.711188016	4124017.61359957	140
302599.20041127	4124018.48575816	140
302599.416302175	4124019.46133183	140
302599.598478804	4124020.44459765	140
302599.920431494	4124021.39100901	140
302600.360144948	4124022.28914713	140
302600.767052135	4124023.20234625	140
302601.166696678	4124024.11899215	140
302601.583300938	4124025.02772507	140
302602.053454909	4124025.91030948	140
302602.522983949	4124026.7932265	140
302602.977857691	4124027.68373525	140
302603.427178096	4124028.57710567	140
302603.830776352	4124029.49175951	140
302604.166266417	4124030.42656674	140
302604.286356276	4124031.41932968	140
302604.407507605	4124032.4119636	140
302604.529779106	4124033.40446025	140
302604.652507053	4124034.3969006	140
302604.774701387	4124035.38940644	140
302604.895070704	4124036.38213553	140
302605.01467073	4124037.37495769	140
302605.124840193	4124038.36870216	140
302605.197981744	4124039.36601504	140
302605.259754029	4124040.36408377	140
302605.300271575	4124041.36312361	140
302605.308971246	4124042.36308576	140
302605.317187083	4124043.36305159	140
302605.323636949	4124044.36303079	140
302605.329925563	4124045.36301097	140
302605.334338352	4124046.3629982	140
302605.334051613	4124047.36299816	140
302605.333764875	4124048.36299812	140
302605.332452509	4124049.36299655	140
302605.329922515	4124050.36299333	140
302605.327622521	4124051.36299068	140
302605.325280029	4124052.36298794	140
302605.322922534	4124053.36298516	140
302605.32062254	4124054.36298251	140
302605.318280049	4124055.36297977	140
302605.315922553	4124056.36297699	140
302605.313679893	4124057.36297447	140
302605.317115768	4124058.36296139	140
302605.322978476	4124059.3629442	140
302605.328641198	4124060.36292816	140
302605.334309699	4124061.36291209	140
302605.339255139	4124062.36289974	140
302605.343717915	4124063.36288977	140
302605.345991652	4124064.36288615	140
302605.341256	4124065.3628666	140
302605.336400186	4124066.36284697	140
302605.336971231	4124067.36284595	140
302605.334956716	4124068.36284359	140
302605.331656734	4124069.36283814	140
302605.328213838	4124070.36283219	140
302605.324356701	4124071.36282475	140
302605.320299571	4124072.36281651	140
302605.316071027	4124073.36280757	140
302605.311771067	4124074.36279833	140
302605.307385372	4124075.3627887	140
302605.302756844	4124076.36277799	140
302605.298085471	4124077.36276708	140
302605.293456945	4124078.36275636	140
302605.288756997	4124079.36274532	140
302605.284057049	4124080.36273427	140
302605.279442816	4124081.36272362	140
302605.275042859	4124082.36271394	140
302605.270671471	4124083.36270439	140
302605.26640008	4124084.36269526	140
302605.262257253	4124085.36268668	140
302605.258257285	4124086.36267868	140
302605.254257317	4124087.36267068	140
302605.250257349	4124088.36266268	140
302605.246257381	4124089.36265468	140
302605.242028901	4124090.36264567	140
302605.237428896	4124091.36263504	140
302605.233328931	4124092.36262664	140
302605.229171843	4124093.36261799	140
302605.227888701	4124094.36260579	140
302605.234151412	4124095.36258617	140
302605.243835456	4124096.3625278	140
302605.260199521	4124097.36239389	140
302605.276435355	4124098.36226208	140
302605.292510126	4124099.36213287	140
302605.308508078	4124100.3620049	140
302605.324641146	4124101.36187473	140
302605.341038941	4124102.36174028	140
302605.357436736	4124103.36160583	140
302605.314021794	4124104.35712375	140
302605.267416124	4124105.34227365	140
302605.451070721	4124106.3251724	140
302605.628567274	4124107.30906907	140
302605.836946627	4124108.28711715	140
302606.045348529	4124109.26516041	140
302606.30199042	4124110.22875174	140
302606.666086363	4124111.16011318	140
302607.0503986	4124112.08275962	140
302607.477453774	4124112.98698517	140
302607.919343525	4124113.88371568	140
302608.454796442	4124114.72138507	140
302609.117233248	4124115.47050287	140
302609.779726182	4124116.21957103	140
302610.49066841	4124116.91515435	140
302611.306164373	4124117.49379844	140
302612.131279604	4124118.05876291	140
302612.956373412	4124118.62375867	140
302613.815566317	4124119.12482785	140
302614.754022897	4124119.46779954	140
302615.711341209	4124119.75683526	140
302616.680680281	4124119.98850855	140
302617.673498686	4124120.10813971	140
302618.671164509	4124120.14835033	140
302619.671162509	4124120.15035033	140
302620.67115882	4124120.15302568	140
302621.671135747	4124120.14859757	140
302622.671059171	4124120.13654543	140
302623.670961165	4124120.1225454	140
302624.670920903	4124120.11462306	140
302625.670875986	4124120.12042914	140
302626.670815483	4124120.13142921	140
302627.670747209	4124120.14310498	140
302628.670682978	4124120.15442921	140
302629.670622476	4124120.16542929	140
302630.670554212	4124120.17710425	140
302631.670489976	4124120.18842893	140
302632.670436561	4124120.19875404	140
302633.670379463	4124120.19457008	140
302634.665779548	4124120.11247225	140
302635.658998572	4124119.99621404	140
302636.604262333	4124119.67252945	140
302637.508092013	4124119.25128523	140
302638.364796028	4124118.74014028	140
302639.163117792	4124118.13790914	140
302639.954921799	4124117.52713388	140
302640.695410555	4124116.85677206	140
302641.402972534	4124116.15207659	140
302641.998802546	4124115.34896601	140
302642.462208267	4124114.46466921	140
302642.838924397	4124113.53932203	140
302643.086262449	4124112.57289196	140
302643.242206976	4124111.58844605	140
302643.265513194	4124110.58872944	140
302643.28117818	4124109.58885218	140
302643.295552602	4124108.58895936	140
302643.305452117	4124107.58900836	140
302643.314462265	4124106.58904998	140
302643.32127328	4124105.58907319	140
302643.328428679	4124104.58909879	140
302643.335561767	4124103.58912427	140
302643.342317185	4124102.58914709	140
302643.349328147	4124101.58917169	140
302643.356461279	4124100.58919716	140
302643.363216682	4124099.58921999	140
302643.37000542	4124098.58924304	140
302643.376644144	4124097.58926511	140
302643.383505124	4124096.58928867	140
302643.390254895	4124095.58931153	140
302643.397571398	4124094.5893383	140
302643.404532407	4124093.58936256	140
302643.411326584	4124092.58938569	140
302643.418459845	4124091.58941117	140
302643.425215205	4124090.58943399	140
302643.432253805	4124089.58945878	140
302643.43934835	4124088.58948407	140
302643.445925708	4124087.5895058	140
302643.453003549	4124086.58953092	140
302643.459669872	4124085.58955317	140
302643.466686471	4124084.5895778	140
302643.497014965	4124083.59076117	140
302643.558162052	4124082.59508243	140
302643.487477445	4124081.59869021	140
302643.494265793	4124080.59871329	140
302643.50140405	4124079.59873881	140
302643.50821159	4124078.59876199	140
302643.515365251	4124077.59878759	140
302643.536003195	4124076.59924239	140
302643.570644308	4124075.60077978	140
302643.551561878	4124074.60225203	140
302643.595602419	4124073.6043564	140
302643.551013839	4124072.60583029	140
302643.558339857	4124071.60585713	140
302643.565713445	4124070.60588431	140
302643.583714369	4124069.60620771	140
302643.631843177	4124068.60736657	140
302643.653786398	4124067.60829806	140
302643.623009479	4124066.60877178	140
302643.602115638	4124065.60912996	140
302643.609541319	4124064.60915753	140
302643.616989348	4124063.60918527	140
302643.624289153	4124062.60921191	140
302643.631614833	4124061.60923875	140
302643.638937015	4124060.60926556	140
302643.646114444	4124059.60929133	140
302643.653540108	4124058.6093189	140
302643.660936441	4124057.60934627	140
302643.668113847	4124056.60937204	140
302643.675539503	4124055.60939961	140
302643.68298758	4124054.60942735	140
302643.690287386	4124053.60945399	140
302643.697613042	4124052.60948083	140
302643.704986991	4124051.60950802	140
302643.71210588	4124050.6095334	140
302643.718731579	4124049.60955535	140
302643.725379747	4124048.60957746	140
302643.731931287	4124047.60959892	140
302643.738501953	4124046.60962053	140
302643.744779338	4124045.60964024	140
302643.751487749	4124044.60966281	140
302643.758507737	4124043.60968757	140
302643.764837259	4124042.60970762	140
302643.771640811	4124041.60973078	140
302643.778455475	4124040.60975412	140
302643.783599925	4124039.6097684	140
302643.78666283	4124038.60977327	140
302643.79109977	4124037.60978328	140
302643.795307365	4124036.60979416	140
302643.797221931	4124035.60979777	140
302643.802321865	4124034.60981078	140
302643.806307344	4124033.60982049	140
302643.808092212	4124032.60982347	140
302643.812692163	4124031.60983405	140
302643.816462821	4124030.60984214	140
302643.81858845	4124029.60984516	140
302643.822866156	4124028.60985431	140
302643.826510966	4124027.609862	140
302643.827374086	4124026.60986254	140
302643.827222259	4124025.60986255	140
302643.827103655	4124024.60986261	140
302643.82719269	4124023.60986275	140
302643.825770766	4124022.60986431	140
302643.815888333	4124021.609977	140
302643.775791	4124020.61095865	140
302643.692818021	4124019.61458336	140
302643.559548575	4124018.62401983	140
302643.255942844	4124017.69647851	140
302642.653985817	4124016.91305271	140
302642.668825681	4124015.91316282	140
302642.688737011	4124014.91336756	140
302642.708265625	4124013.91358984	140
302642.706319157	4124012.91359173	140
302642.713932141	4124011.91362651	140
302642.726158616	4124010.91370281	140
302642.742655523	4124009.913843	140
302642.74791452	4124008.91405404	140
302642.720418388	4124007.91444375	140
302642.702292011	4124006.91472353	140
302642.705552976	4124005.91474006	140
302642.687213739	4124004.91520526	140
302642.708316768	4124003.91546464	140
302642.741518926	4124002.91604647	140
302642.743536213	4124001.91604851	140
302642.753142567	4124000.91610877	140
302642.766470767	4123999.9161976	140
302642.756272613	4123998.91625444	140
302642.747628366	4123997.91629306	140
302642.758157423	4123996.91650386	140
302642.786043188	4123995.91689275	140
302642.811742081	4123994.91722973	140
302642.831307069	4123993.91742114	140
302642.847218309	4123992.91755744	140
302642.857816286	4123991.9176136	140
302642.863066546	4123990.91763747	140
302642.86041099	4123989.91768412	140
302642.836892776	4123988.91796072	140
302642.795773457	4123987.91882163	140
302642.766638254	4123986.91932828	140
302642.748615239	4123985.91949306	140
302642.72511916	4123984.91976913	140
302642.696453921	4123983.9202017	140
302642.660402877	4123982.92085787	140
302642.636884662	4123981.92113446	140
302642.613377683	4123980.92141079	140
302642.593655318	4123979.92161135	140
302642.571782356	4123978.92188816	140
302642.535886567	4123977.92253263	140
302642.488862688	4123976.92365031	140
302642.435472862	4123975.92508768	140
302642.381852387	4123974.92657753	140
302642.35126343	4123973.92705335	140
302642.322639075	4123972.92750894	140
302642.276297164	4123971.92858331	140
302642.150509185	4123970.93809715	140
302641.829618262	4123970.01202843	140
302641.258763792	4123969.19239327	140
302640.642395364	4123968.40513562	140
302640.066495959	4123967.58761506	140
302639.510310966	4123966.75669827	140
302639.016832872	4123965.8876488	140
302638.534654396	4123965.01158691	140
302638.046674284	4123964.13873332	140
302637.593422872	4123963.24746453	140
302637.145348785	4123962.35346821	140
302636.691794284	4123961.46224832	140
302636.234848123	4123960.57275548	140
302635.782001866	4123959.68122654	140
302635.34782621	4123958.78041177	140
302634.918510292	4123957.87725738	140
302634.470593434	4123956.98324165	140
302634.0293495	4123956.08625608	140
302633.640683088	4123955.16487753	140
302633.277128006	4123954.23391935	140
302632.953361947	4123953.28778218	140
302632.695815547	4123952.32166253	140
302632.42936515	4123951.35791194	140
302632.143789349	4123950.39961977	140
302631.837581936	4123949.44765495	140
302631.559900253	4123948.487145	140
302631.291809559	4123947.5237515	140
302631.018987147	4123946.56169808	140
302630.737098265	4123945.60227056	140
302630.44970859	4123944.64447013	140
302630.171489673	4123943.68395244	140
302629.897893565	4123942.72211025	140
302629.614354544	4123941.76317456	140
302629.321925932	4123940.80692624	140
302629.015408478	4123939.8550612	140
302628.707906468	4123938.90351415	140
302628.404917245	4123937.95057075	140
302628.100553099	4123936.99849851	140
302627.750439742	4123936.06179286	140
302627.396636404	4123935.12647325	140
302627.037049541	4123934.19347327	140
302626.653802371	4123933.26983128	140
302626.275296713	4123932.34423368	140
302625.899656453	4123931.41746882	140
302625.520741092	4123930.49203815	140
302625.121491809	4123929.57522504	140
302624.741531963	4123928.6502872	140
302624.335974559	4123927.73632165	140
302623.909842642	4123926.83166578	140
302623.479393955	4123925.92905129	140
302623.047311637	4123925.02721712	140
302622.633841811	4123924.11670301	140
302622.232406802	4123923.20082848	140
302621.825258169	4123922.28747722	140
302621.385299754	4123921.38984182	140
302620.923380645	4123920.50292508	140
302620.606047139	4123919.89538346	140
302620.13970431	4123919.01089173	140
302619.643436229	4123918.14272248	140
302619.158107101	4123917.26852244	140
302618.705810366	4123916.3767699	140
302618.265337507	4123915.47900819	140
302617.783454655	4123914.60332184	140
302617.268279504	4123913.74637077	140
302616.75668586	4123912.88717496	140
302616.252511589	4123912.02358583	140
302615.752790801	4123911.15739966	140
302615.27322127	4123910.28019426	140
302614.828331731	4123909.38518054	140
302614.443223699	4123908.46230905	140
302614.07282018	4123907.53348341	140
302613.74596144	4123906.58891389	140
302613.441525535	4123905.63638122	140
302613.145364567	4123904.68126416	140
302612.868182023	4123903.7206166	140
302612.622879672	4123902.75134795	140
302612.406619984	4123901.77501627	140
302612.185231148	4123900.79985427	140
302611.994813054	4123899.81815118	140
302611.831397721	4123898.83162272	140
302611.755160598	4123897.83467367	140
302611.666344378	4123896.83866095	140
302611.608240258	4123895.84045174	140
302611.566056044	4123894.84134892	140
302611.55245971	4123893.84189706	140
302611.549447737	4123892.84206659	140
302611.500936561	4123891.84325543	140
302611.464596943	4123890.84391594	140
302611.261345228	4123889.87082507	140
302610.957025277	4123888.91831887	140
302610.631927675	4123887.97277388	140
302610.284976852	4123887.03489056	140
302609.906872813	4123886.10953423	140
302609.487460766	4123885.2021623	140
302609.022893143	4123884.31676661	140
302608.529583021	4123883.44695011	140
302608.028304639	4123882.58167523	140
302607.528916738	4123881.7153128	140
302607.051110115	4123880.83716632	140
302606.604040214	4123879.94269074	140
302606.141330889	4123879.0562565	140
302605.650407005	4123878.18505403	140
302605.151080673	4123877.3186812	140
302604.646728337	4123876.45522468	140
302604.182748474	4123875.56937893	140
302603.677617848	4123874.70643169	140
302603.184266809	4123873.83670396	140
302602.699975549	4123872.96179712	140
302602.244242432	4123872.07170792	140
302601.775922266	4123871.18828833	140
302601.292744156	4123870.31276929	140
302600.807010724	4123869.43867908	140
302600.338399231	4123868.55527471	140
302599.879534832	4123867.6667726	140
302599.416225567	4123866.78059358	140
302598.952400153	4123865.89488156	140
302598.451116451	4123865.02986495	140
302597.936593633	4123864.17274675	140
302597.457796606	4123863.29484967	140
302596.996407809	4123862.40765162	140
302596.520901041	4123861.52797495	140
302596.024029584	4123860.66028704	140
302595.520116931	4123859.79653623	140
302595.02143692	4123858.92975592	140
302594.541917853	4123858.05227666	140
302594.058271094	4123857.17712042	140
302593.561520181	4123856.30929867	140
302593.085814269	4123855.42969951	140
302592.604453373	4123854.55318021	140
302592.109901294	4123853.68403221	140
302591.617848123	4123852.81346896	140
302591.117014935	4123851.94797813	140
302590.615634982	4123851.08276008	140
302590.096963638	4123850.22779136	140
302589.587828528	4123849.36721948	140
302589.093790755	4123848.49797479	140
302588.58220263	4123847.63877624	140
302588.079722916	4123846.77418935	140
302587.632410894	4123845.87989205	140
302587.011835679	4123845.11666711	140
302586.325122409	4123844.40901875	140
302585.942326724	4123843.48551994	140
302585.507117518	4123842.58519059	140
302585.067391691	4123841.68713382	140
302584.601713243	4123840.8021961	140
302584.123892437	4123839.92374485	140
302583.639468729	4123839.04891134	140
302583.155029273	4123838.17408656	140
302582.670847342	4123837.29911922	140
302582.186537397	4123836.42422279	140
302581.701652875	4123835.54964464	140
302581.217378782	4123834.67472832	140
302580.733450961	4123833.79962041	140
302580.249529863	4123832.92450883	140
302579.764800403	4123832.0498448	140
302579.279163392	4123831.17568424	140
302578.793535401	4123830.30151883	140
302578.308805952	4123829.42685479	140
302577.823168944	4123828.55269423	140
302577.337540938	4123827.67852882	140
302576.85340971	4123826.80353416	140
302576.371134845	4123825.92751727	140
302575.884561426	4123825.05387759	140
302575.397676072	4123824.18041173	140
302574.911092445	4123823.30677774	140
302574.424130804	4123822.4333544	140
302573.937481024	4123821.55975726	140
302573.450529582	4123820.68632824	140
302572.963956071	4123819.81268862	140
302572.477070808	4123818.9392227	140
302571.990476902	4123818.06559445	140
302571.503428829	4123817.19221929	140
302571.016636614	4123816.31870151	140
302570.529619065	4123815.44530935	140
302570.043045545	4123814.57166974	140
302569.556160291	4123813.69820381	140
302569.0503547	4123812.83760468	140
302568.584381814	4123811.95344869	140
302568.09686138	4123811.08033838	140
302567.608011902	4123810.20797796	140
302567.123901595	4123809.33297163	140
302566.637329371	4123808.45933129	140
302566.150442822	4123807.58586609	140
302565.663870546	4123806.71222578	140
302565.176984049	4123805.83876055	140
302564.690401771	4123804.96512581	140
302564.203438986	4123804.09170311	140
302563.716845802	4123803.21807443	140
302563.208726747	4123802.35946932	140
302562.640706544	4123801.54758552	140
302562.271444012	4123800.6238935	140
302561.785095159	4123799.75012908	140
302561.301454152	4123798.87486654	140
302560.820527525	4123797.99810569	140
302560.338254058	4123797.12208695	140
302559.852811944	4123796.24781977	140
302559.365608728	4123795.37453114	140
302558.87847661	4123794.50120287	140
302558.391290645	4123793.62790466	140
302557.903814534	4123792.75476834	140
302557.416338423	4123791.88163201	140
302556.928894495	4123791.00847772	140
302556.44164206	4123790.13521658	140
302555.953750691	4123789.26231295	140
302555.464705719	4123788.39005438	140
302554.975840737	4123787.51769495	140
302554.486914115	4123786.64537014	140
302553.997596882	4123785.77326427	140
302553.508355732	4123784.90111572	140
302553.014282256	4123784.03172038	140
302552.513529859	4123783.1661298	140
302552.007316464	4123782.30375341	140
302551.482794422	4123781.45248712	140
302550.900538855	4123780.64186631	140
302550.25958648	4123779.87428566	140
302549.594471695	4123779.12850413	140
302548.876004	4123778.43381236	140
302548.115762813	4123777.7846476	140
302547.317196648	4123777.18551777	140
302546.461017376	4123776.66883904	140
302545.595251274	4123776.16950159	140
302544.69211107	4123775.74199972	140
302543.761094589	4123775.37702258	140
302542.821272123	4123775.03883912	140
302541.849662713	4123774.80674267	140
302540.858797221	4123774.68580715	140
302539.859731307	4123774.69136154	140
302538.862679641	4123774.76809342	140
302537.873675947	4123774.89190449	140
302536.917640209	4123775.18018823	140
302535.98901875	4123775.55121678	140
302535.060483421	4123775.92246064	140
302534.145650778	4123776.32317608	140
302533.264810132	4123776.79658231	140
302532.385955603	4123777.273672	140
302531.507388119	4123777.75129023	140
302530.62963258	4123778.23039165	140
302529.753917421	4123778.71321972	140
302528.878308543	4123779.19624052	140
302528.002878802	4123779.67958562	140
302527.127989381	4123780.16390814	140
302526.253443281	4123780.64885052	140
302525.37890735	4123781.13381125	140
302524.50440331	4123781.61882948	140
302523.629773424	4123782.10362051	140
302522.754907265	4123782.58798511	140
302521.880186747	4123783.07261261	140
302521.005122966	4123783.55662023	140
302520.129913458	4123784.04036406	140
302519.254317587	4123784.52340843	140
302518.378655336	4123785.00633246	140
302517.503006536	4123785.48928089	140
302516.627702745	4123785.97285327	140
302515.753168402	4123786.45781686	140
302514.879783057	4123786.94483265	140
302514.012598882	4123787.44270903	140
302513.153830155	4123787.95507233	140
302512.29534627	4123788.46791287	140
302511.422635318	4123788.95601143	140
302510.659463238	4123789.59739158	140
302509.733222329	4123789.93864469	140
302508.841811056	4123790.38346812	140
302507.966716668	4123790.8674204	140
302507.091617753	4123791.3513645	140
302506.216196264	4123791.83472472	140
302505.341039045	4123792.31856325	140
302504.387234448	4123792.59946684	140
302503.41459437	4123792.83178404	140
302502.453461997	4123792.86358574	140
302501.498308313	4123792.57828827	140
302500.594103897	4123792.22777545	140
302499.82607608	4123791.58735897	140
302499.058048263	4123790.94694249	140
302498.464373225	4123790.16256219	140
302497.98063207	4123789.2873511	140
302497.496615787	4123788.41229212	140
302496.878468743	4123787.63792408	140
302496.529882389	4123786.72570157	140
302496.051801275	4123785.84913979	140
302495.573332494	4123784.97213924	140
302495.105481502	4123784.08860445	140
302494.622375349	4123783.2130429	140
302494.136048154	4123782.33927447	140
302493.65721198	4123781.46138542	140
302493.175143322	4123780.5852527	140
302492.68652936	4123779.71275279	140
302492.194753935	4123778.84203071	140
302491.702979064	4123777.97130832	140
302491.211233267	4123777.10056952	140
302490.719711511	4123776.22970422	140
302490.228387779	4123775.3587277	140
302489.742558055	4123774.48467423	140
302489.256771657	4123773.61059673	140
302488.772848988	4123772.73548604	140
302488.286868186	4123771.86151656	140
302487.800962066	4123770.98750555	140
302487.315055946	4123770.11349454	140
302486.829149826	4123769.23948353	140
302486.343240293	4123768.36547442	140
302485.857183114	4123767.49154741	140
302485.371200609	4123766.61757887	140
302484.885219799	4123765.74360939	140
302484.399305203	4123764.8696031	140
302483.913028175	4123763.9957984	140
302483.427236653	4123763.1217237	140
302482.941442594	4123762.2476504	140
302482.455538167	4123761.37363845	140
302481.96969996	4123760.49958969	140
302481.48349678	4123759.6257439	140
302480.997663681	4123758.7516923	140
302480.511705244	4123757.8777104	140
302480.026813972	4123757.00313596	140
302479.541940167	4123756.12855184	140
302479.057834796	4123755.25354213	140
302478.573685962	4123754.37855653	140
302478.087632162	4123753.50462764	140
302477.60185268	4123752.63054633	140
302477.118266247	4123751.75524972	140
302476.633919215	4123750.88037376	140
302476.149077335	4123750.00577197	140
302475.665503062	4123749.13046864	140
302475.181683353	4123748.25530096	140
302474.696991249	4123747.38061614	140
302474.213396273	4123746.50532427	140
302473.728687198	4123745.63064884	140
302473.244306618	4123744.75579152	140
302472.757923696	4123743.88204578	140
302472.272597152	4123743.00771281	140
302471.787366952	4123742.13332637	140
302471.301617092	4123741.2592285	140
302470.816036776	4123740.38503646	140
302470.331290844	4123739.51038148	140
302469.845313476	4123738.63641008	140
302469.359590377	4123737.76229738	140
302468.875145448	4123736.88747566	140
302468.389244451	4123736.0134618	140
302467.903572715	4123735.13932053	140
302467.418114677	4123734.26506056	140
302466.932219987	4123733.3910432	140
302466.44680864	4123732.51675731	140
302465.961126659	4123731.64262173	140
302465.475220539	4123730.76861072	140
302464.989314419	4123729.89459972	140
302464.503404906	4123729.02059059	140
302464.017349407	4123728.14666265	140
302463.531451746	4123727.27264694	140
302463.045908902	4123726.39843408	140
