302456.5498	4123704.404	200
302457.0403	4123705.275	200
302457.5266	4123706.149	200
302458.0168	4123707.02	200
302458.5145	4123707.888	200
302458.9984	4123708.763	200
302459.4753	4123709.642	200
302459.9644	4123710.514	200
302460.4522	4123711.387	200
302460.9348	4123712.263	200
302461.4242	4123713.135	200
302461.9172	4123714.005	200
302462.4113	4123714.874	200
302462.901	4123715.746	200
302463.3867	4123716.62	200
302463.8635	4123717.499	200
302464.3391	4123718.378	200
302464.8231	4123719.253	200
302465.304	4123720.13	200
302465.7863	4123721.006	200
302466.2685	4123721.882	200
302466.7514	4123722.758	200
302467.2336	4123723.634	200
302467.7179	4123724.509	200
302468.2044	4123725.382	200
302468.6875	4123726.258	200
302469.1693	4123727.134	200
302469.6553	4123728.008	200
302470.1419	4123728.882	200
302470.6284	4123729.755	200
302471.113	4123730.63	200
302471.5964	4123731.506	200
302472.0813	4123732.38	200
302472.5703	4123733.252	200
302473.0549	4123734.127	200
302473.5391	4123735.002	200
302474.0246	4123735.876	200
302474.5097	4123736.751	200
302474.9935	4123737.626	200
302475.4758	4123738.502	200
302475.9599	4123739.377	200
302476.4446	4123740.252	200
302476.932	4123741.125	200
302477.417	4123741.999	200
302477.9024	4123742.874	200
302478.3883	4123743.748	200
302478.8687	4123744.625	200
302479.3534	4123745.499	200
302479.8436	4123746.371	200
302480.3177	4123747.251	200
302480.8023	4123748.126	200
302481.2971	4123748.995	200
302481.7845	4123749.868	200
302482.265	4123750.745	200
302482.7495	4123751.62	200
302483.2392	4123752.492	200
302483.723	4123753.367	200
302484.1993	4123754.246	200
302484.6857	4123755.12	200
302485.1699	4123755.995	200
302485.6575	4123756.868	200
302486.1442	4123757.741	200
302486.6281	4123758.617	200
302487.1068	4123759.495	200
302487.5868	4123760.372	200
302488.0726	4123761.246	200
302488.565	4123762.116	200
302489.0485	4123762.991	200
302489.5326	4123763.866	200
302490.0188	4123764.74	200
302490.5039	4123765.615	195
302490.9889	4123766.489	190
302491.4712	4123767.365	185
302491.9535	4123768.241	180
302492.4437	4123769.113	175
302492.9294	4123769.987	170
302493.4087	4123770.864	165
302493.8939	4123771.739	160
302494.372	4123772.617	155
302494.8682	4123773.485	150
302495.3666	4123774.352	150
302495.8634	4123775.22	150
302496.3468	4123776.095	150
302496.8711	4123776.946	150
302497.3622	4123777.817	150
302497.947	4123778.872	150
302498.5132	4123779.696	150
302499.0795	4123780.52	150
302499.6457	4123781.345	150
302500.2121	4123782.169	150
302500.9584	4123782.832	150
302501.7137	4123783.488	150
302502.5539	4123784.028	150
302503.4035	4123784.555	150
302504.2531	4123785.083	150
302505.1679	4123785.46	150
302506.133	4123785.722	150
302507.1197	4123785.722	150
302508.1146	4123785.622	150
302509.1079	4123785.507	150
302510.385	4123785.353	150
302510.385	4123785.353	150
302511.2669	4123784.882	150
302512.1489	4123784.41	150
302513.0309	4123783.939	150
302513.9129	4123783.468	150
302514.795	4123782.997	150
302515.6754	4123782.523	150
302516.5511	4123782.04	150
302517.4269	4123781.557	150
302518.3021	4123781.073	155
302519.1762	4123780.588	160
302520.0505	4123780.102	165
302520.9249	4123779.617	170
302521.799	4123779.131	175
302522.6733	4123778.646	180
302523.5478	4123778.161	185
302524.422	4123777.675	190
302525.297	4123777.191	195
302526.1726	4123776.708	200
302527.049	4123776.226	200
302527.9256	4123775.745	200
302528.8022	4123775.264	200
302529.6758	4123774.778	200
302530.5485	4123774.289	200
302531.4213	4123773.801	200
302532.2927	4123773.311	200
302533.1859	4123772.823	200
302534.0791	4123772.335	200
302534.9724	4123771.847	200
302535.8656	4123771.359	200
302536.7588	4123770.871	200
302537.652	4123770.383	200
302538.5452	4123769.894	200
302539.4384	4123769.406	200
302540.3317	4123768.918	200
302541.2249	4123768.43	200
302542.1181	4123767.942	200
302543.0113	4123767.454	200
302543.9045	4123766.966	200
302544.7977	4123766.478	200
302545.691	4123765.99	200
302546.5842	4123765.502	200
302547.4774	4123765.014	200
302548.3706	4123764.526	200
302549.2638	4123764.038	200
302550.157	4123763.549	200
302551.0503	4123763.061	200
302551.9435	4123762.573	200
302552.8367	4123762.085	200
302553.7299	4123761.597	200
302555.0007	4123760.739	200
302555.8726	4123760.249	200
302556.7451	4123759.761	200
302557.6196	4123759.275	200
302558.495	4123758.792	200
302559.3704	4123758.309	190
302560.2458	4123757.825	180
302561.1199	4123757.34	170
302561.9952	4123756.856	160
302562.8702	4123756.372	150
302563.7444	4123755.886	140
302564.6189	4123755.402	130
302565.4942	4123754.919	120
302566.3702	4123754.437	110
302567.2457	4123753.953	100
302568.1197	4123753.467	100
302568.9988	4123752.992	100
302569.8757	4123752.511	100
302570.7548	4123752.035	100
302571.6356	4123751.561	100
302572.5205	4123751.095	100
302573.4046	4123750.628	100
302574.2882	4123750.16	110
302575.1735	4123749.695	120
302576.0627	4123749.237	130
302576.956	4123748.788	140
302577.8539	4123748.348	150
302578.7578	4123747.92	150
302579.6675	4123747.505	150
302580.5814	4123747.099	150
302581.4949	4123746.693	150
302582.4279	4123746.333	150
302583.3632	4123745.98	150
302584.3038	4123745.64	150
302585.2497	4123745.316	150
302586.2068	4123745.026	150
302587.1687	4123744.753	150
302588.1347	4123744.498	150
302589.1121	4123744.286	150
302590.0885	4123744.07	150
302591.0712	4123743.887	150
302592.0584	4123743.728	150
302593.0476	4123743.582	150
302594.0394	4123743.455	150
302595.032	4123743.334	150
302596.0279	4123743.245	150
302597.0232	4123743.149	150
302598.0213	4123743.089	150
302599.02	4123743.039	150
302600.019	4123742.995	150
302601.019	4123742.993	150
302602.0188	4123742.973	150
302603.0183	4123742.99	150
302604.0165	4123743.048	150
302605.0135	4123743.126	150
302606.0077	4123743.232	150
302607.0018	4123743.341	150
302607.9936	4123743.468	150
302608.9818	4123743.622	150
302609.9666	4123743.795	150
302610.9472	4123743.991	150
302611.9252	4123744.199	150
302612.8985	4123744.428	150
302613.8716	4123744.659	150
302614.8327	4123744.934	150
302615.7922	4123745.216	150
302616.745	4123745.519	150
302617.6928	4123745.838	150
302618.6323	4123746.181	150
302619.57	4123746.528	150
302620.4986	4123746.898	150
302621.4159	4123747.296	150
302622.3318	4123747.698	150
302623.2408	4123748.114	150
302624.1324	4123748.567	150
302625.0158	4123749.035	150
302625.8873	4123749.525	150
302626.7478	4123750.035	150
302627.6011	4123750.556	150
302628.4429	4123751.096	150
302629.284	4123751.637	150
302630.099	4123752.216	150
302630.9137	4123752.795	150
302631.7292	4123753.374	150
302632.5281	4123753.976	150
302633.3112	4123754.597	150
302634.0769	4123755.24	150
302634.8323	4123755.896	150
302635.5742	4123756.566	150
302636.3065	4123757.247	150
302637.0307	4123757.936	150
302637.741	4123758.64	150
302638.4254	4123759.369	150
302639.1011	4123760.106	150
302639.7804	4123760.84	150
302640.4421	4123761.59	150
302641.0956	4123762.347	150
302641.7398	4123763.112	150
302642.3526	4123763.902	150
302642.9589	4123764.697	150
302643.5562	4123765.499	150
302644.1426	4123766.309	150
302644.707	4123767.134	150
302645.2541	4123767.971	150
302645.7869	4123768.817	150
302646.3133	4123769.668	150
302646.8151	4123770.533	150
302647.3187	4123771.397	150
302647.81	4123772.267	150
302648.2862	4123773.147	150
302648.7598	4123774.027	150
302649.228	4123774.911	150
302649.6643	4123775.811	150
302650.0888	4123776.716	150
302650.5079	4123777.624	150
302650.9167	4123778.537	150
302651.313	4123779.455	150
302651.6946	4123780.379	150
302652.0667	4123781.307	150
302652.4303	4123782.239	150
302652.7725	4123783.178	150
302653.0973	4123784.124	150
302653.4177	4123785.071	150
302653.7323	4123786.02	150
302654.0423	4123786.971	150
302654.3465	4123787.924	150
302654.6276	4123788.883	150
302654.8999	4123789.846	150
302655.1571	4123790.812	150
302655.4107	4123791.779	150
302655.6426	4123792.752	150
302655.8654	4123793.727	150
302656.0839	4123794.703	150
302656.3013	4123795.679	150
302656.5156	4123796.655	150
302656.715	4123797.635	150
302656.9086	4123798.616	150
302657.0973	4123799.598	150
302657.2799	4123800.581	150
302657.4515	4123801.567	150
302657.6203	4123802.552	150
302657.7788	4123803.54	150
302657.9266	4123804.529	150
302658.0769	4123805.517	150
302658.2177	4123806.507	150
302658.3495	4123807.499	150
302658.4833	4123808.49	150
302658.6108	4123809.481	150
302658.7286	4123810.474	150
302658.8215	4123811.47	150
302658.9171	4123812.465	150
302659.0099	4123813.461	150
302659.099	4123814.457	150
302659.1761	4123815.454	150
302659.2449	4123816.452	150
302659.3017	4123817.45	150
302659.3496	4123818.449	150
302659.3941	4123819.448	150
302659.4394	4123820.447	150
302659.4742	4123821.446	150
302659.5065	4123822.446	150
302659.5406	4123823.445	150
302659.5666	4123824.445	150
302659.5917	4123825.445	150
302659.6113	4123826.444	150
302659.6325	4123827.444	150
302659.6572	4123828.444	150
302659.6763	4123829.444	150
302659.6929	4123830.444	70
302659.7069	4123831.443	70
302659.7212	4123832.443	70
302659.7382	4123833.443	70
302659.7526	4123834.443	70
302659.756	4123835.443	70
302659.7596	4123836.443	70
302659.7661	4123837.443	70
302659.7727	4123838.443	70
302659.779	4123839.443	70
302659.779	4123839.443	70
302659.5927	4123839.918	70
302659.4296	4123840.406	70
302659.3011	4123840.877	70
302659.2014	4123841.356	70
302659.1327	4123841.866	70
302659.1065	4123842.352	70
302659.1242	4123842.858	70
302659.1921	4123843.357	70
302659.3136	4123843.843	70
302659.4913	4123844.313	70
302659.7174	4123844.746	70
302659.9997	4123845.156	70
302660.3391	4123845.539	70
302660.7058	4123845.867	70
302661.1073	4123846.155	70
302661.5391	4123846.402	70
302661.9969	4123846.609	70
302662.4761	4123846.776	70
302662.9531	4123846.898	70
302663.442	4123846.984	70
302663.9388	4123847.032	70
302664.4398	4123847.043	70
302664.9408	4123847.017	70
302665.4381	4123846.954	70
302665.9278	4123846.854	70
302666.4058	4123846.716	70
302666.8864	4123846.535	70
302667.3285	4123846.322	70
302667.7634	4123846.062	70
302668.1684	4123845.762	70
302668.5256	4123845.436	70
302668.8593	4123845.058	70
302669.1501	4123844.641	70
302669.3852	4123844.201	70
302669.5661	4123843.745	70
302669.6996	4123843.255	70
302669.7799	4123842.754	70
302669.8098	4123842.269	70
302669.796	4123841.758	70
302669.7438	4123841.274	70
302669.6521	4123840.769	70
302669.5352	4123840.299	70
302669.394	4123839.841	70
302669.3955	4123838.803	70
302669.3969	4123837.765	70
302669.3984	4123836.727	70
302669.3998	4123835.688	100
302669.4013	4123834.65	130
302669.4027	4123833.612	150
302669.4042	4123832.574	160
302669.4056	4123831.536	170
302669.4071	4123830.498	180
302669.4085	4123829.459	190
302669.41	4123828.421	200
302669.4115	4123827.383	200
302669.4129	4123826.345	200
302669.4144	4123825.307	200
302669.4158	4123824.269	200
302669.4173	4123823.23	200
302669.4187	4123822.192	200
302669.4202	4123821.154	200
302669.4216	4123820.116	200
302669.4231	4123819.078	200
302669.4245	4123818.04	200
302669.426	4123817.001	200
302669.4274	4123815.963	200
302669.4289	4123814.925	200
302669.4342	4123813.921	200
302669.4395	4123812.917	200
302669.4448	4123811.914	200
302669.4501	4123810.91	200
302669.4554	4123809.906	200
302669.4607	4123808.902	200
302669.466	4123807.899	200
302669.4713	4123806.895	200
302669.4766	4123805.891	200
302669.4819	4123804.887	200
302669.4872	4123803.884	200
302669.4925	4123802.88	200
302669.4977	4123801.876	200
302669.503	4123800.872	200
302669.5083	4123799.868	200
302669.5136	4123798.864	200
302669.5189	4123797.861	200
302669.5242	4123796.857	200
302669.5295	4123795.853	200
302669.5348	4123794.849	200
302669.5401	4123793.845	200
302669.5454	4123792.842	200
302669.5507	4123791.838	200
302669.556	4123790.834	200
302669.5599	4123789.801	200
302669.5637	4123788.769	200
302669.5676	4123787.736	200
302669.5714	4123786.703	200
302669.5753	4123785.67	200
302669.5791	4123784.637	200
302669.583	4123783.605	200
302669.5869	4123782.572	200
302669.5907	4123781.539	200
302669.5946	4123780.506	200
302669.5984	4123779.474	200
302669.6023	4123778.441	200
302669.6061	4123777.408	200
302669.61	4123776.376	200
302669.6139	4123775.343	200
302669.6177	4123774.31	200
302669.6216	4123773.277	200
302669.6254	4123772.245	200
302669.6293	4123771.212	200
302669.6331	4123770.179	200
302669.637	4123769.146	200
302669.6409	4123768.114	200
302669.6447	4123767.081	200
302669.6486	4123766.048	200
302669.6524	4123765.015	200
302669.6563	4123763.983	200
302669.6601	4123762.95	200
302669.664	4123761.917	200
302669.6508	4123760.917	200
302669.6376	4123759.917	200
302669.625	4123758.917	200
302669.612	4123757.917	200
302669.5988	4123756.917	200
302669.5857	4123755.918	200
302669.5725	4123754.918	200
302669.5594	4123753.918	200
302669.5462	4123752.918	200
302669.5331	4123751.918	200
302669.52	4123750.918	200
302669.5071	4123749.918	200
302669.4942	4123748.918	200
302669.4812	4123747.918	200
302669.4597	4123746.919	200
302669.4077	4123745.92	195
302669.3555	4123744.921	190
302669.3039	4123743.923	185
302669.2519	4123742.924	170
302669.1995	4123741.925	165
302669.1474	4123740.927	160
302669.0956	4123739.928	155
302669.0437	4123738.929	150
302668.9918	4123737.931	150
302668.9116	4123736.934	150
302668.8072	4123735.94	150
302668.7029	4123734.945	150
302668.5987	4123733.951	150
302668.4945	4123732.956	150
302668.3903	4123731.962	150
302668.2366	4123730.974	150
302668.0539	4123729.991	150
302667.8713	4123729.008	150
302667.6889	4123728.025	150
302667.5065	4123727.041	150
302667.3241	4123726.058	150
302667.1417	4123725.075	150
302666.9351	4123724.097	150
302666.7117	4123723.122	150
302666.4876	4123722.147	150
302666.2636	4123721.173	150
302666.04	4123720.198	150
302665.8164	4123719.223	150
302665.5927	4123718.249	150
302665.3263	4123717.286	150
302665.0317	4123716.33	150
302664.7222	4123715.379	150
302664.4087	4123714.43	150
302664.0951	4123713.48	150
302663.7815	4123712.53	150
302663.4675	4123711.581	150
302663.1474	4123710.634	150
302662.7941	4123709.698	150
302662.4407	4123708.763	150
302662.0872	4123707.827	150
302661.7335	4123706.892	150
302661.3803	4123705.956	150
302661.206	4123705.495	150
302660.8021	4123704.58	150
302660.398	4123703.665	150
302659.9938	4123702.751	150
302659.5899	4123701.836	150
302659.1854	4123700.921	150
302658.781	4123700.007	150
302658.3773	4123699.092	150
302657.9728	4123698.177	150
302657.5687	4123697.263	150
302657.1038	4123696.377	150
302656.639	4123695.492	150
302656.1741	4123694.607	150
302655.7097	4123693.721	150
302655.2452	4123692.835	150
302654.7801	4123691.95	150
302654.3154	4123691.065	150
302653.851	4123690.179	150
302653.3859	4123689.294	150
302652.8624	4123688.442	150
302652.3391	4123687.59	150
302651.816	4123686.737	150
302651.293	4123685.885	150
302650.7702	4123685.033	150
302650.2469	4123684.18	150
302649.7239	4123683.328	150
302649.2004	4123682.476	150
302648.685	4123681.636	150
302648.1161	4123680.814	150
302647.5474	4123679.991	150
302646.9783	4123679.169	150
302646.4094	4123678.346	150
302645.8405	4123677.524	150
302645.2368	4123676.728	150
302644.5763	4123675.978	150
302643.9316	4123675.214	150
302643.2954	4123674.444	150
302642.6582	4123673.674	150
302642.0173	4123672.908	150
302641.3202	4123672.191	150
302640.6461	4123671.453	150
302639.9748	4123670.712	150
302639.2624	4123670.012	150
302638.611	4123669.253	150
302637.9072	4123668.545	150
302637.2043	4123667.834	150
302636.4689	4123667.158	150
302635.7397	4123666.474	150
302635.013	4123665.788	150
302634.2811	4123665.107	140
302633.5548	4123664.42	130
302632.7641	4123663.808	120
302632.0046	4123663.159	120
302631.2305	4123662.527	120
302630.4896	4123661.855	120
302629.7156	4123661.225	120
302628.9125	4123660.629	120
302628.1153	4123660.025	120
302627.3146	4123659.426	120
302626.5125	4123658.829	120
302625.7015	4123658.244	120
302624.8781	4123657.677	120
302624.0692	4123657.089	120
302623.252	4123656.513	120
302622.4243	4123655.951	120
302621.585	4123655.408	120
302620.7402	4123654.873	120
302619.9026	4123654.327	120
302619.0562	4123653.794	120
302618.203	4123653.272	120
302617.3442	4123652.76	120
302616.483	4123652.252	120
302615.6109	4123651.763	120
302614.7416	4123651.269	120
302613.8712	4123650.776	120
302612.9992	4123650.287	120
302612.1231	4123649.805	120
302611.2492	4123649.319	120
302610.3678	4123648.846	120
302609.4847	4123648.377	120
302608.6008	4123647.909	120
302607.7178	4123647.44	120
302606.8342	4123646.972	120
302605.9506	4123646.503	120
302605.0676	4123646.034	120
302604.1842	4123645.566	120
302603.3006	4123645.097	120
302602.4178	4123644.628	120
302601.5377	4123644.153	120
302600.6569	4123643.679	120
302599.7759	4123643.206	120
302598.8956	4123642.732	120
302598.0151	4123642.258	120
302597.134	4123641.785	120
302596.2539	4123641.31	120
302595.372	4123640.839	120
302594.4904	4123640.367	120
302593.6102	4123639.892	120
302592.7283	4123639.421	120
302591.8468	4123638.949	120
302590.9665	4123638.474	120
302590.0854	4123638.001	120
302589.2048	4123637.527	120
302588.3235	4123637.055	120
302587.4422	4123636.582	120
302586.561	4123636.11	120
302585.6796	4123635.637	120
302584.7983	4123635.165	120
302583.9168	4123634.692	120
302583.0356	4123634.22	120
302582.1541	4123633.748	120
302581.2725	4123633.276	120
302580.3912	4123632.803	120
302579.51	4123632.33	120
302578.6283	4123631.859	120
302577.7487	4123631.383	120
302576.8683	4123630.909	120
302575.9868	4123630.436	120
302575.1051	4123629.965	120
302574.2235	4123629.493	120
302573.342	4123629.021	120
302572.4614	4123628.547	120
302571.5812	4123628.072	120
302570.7009	4123627.598	120
302569.8207	4123627.123	120
302568.9405	4123626.648	120
302568.0606	4123626.173	120
302567.1827	4123625.694	120
302566.3039	4123625.217	120
302565.4238	4123624.742	120
302564.5429	4123624.269	120
302563.6623	4123623.795	120
302562.7824	4123623.32	120
302561.9013	4123622.847	120
302561.0205	4123622.374	120
302560.1403	4123621.899	120
302559.2591	4123621.426	120
302558.3785	4123620.953	120
302557.4983	4123620.478	120
302556.6178	4123620.004	120
302555.7379	4123619.529	120
302554.8573	4123619.055	120
302553.9769	4123618.581	120
302553.0968	4123618.106	120
302552.2157	4123617.633	120
302551.334	4123617.161	120
302550.4517	4123616.691	120
302549.5697	4123616.219	120
302548.6877	4123615.748	120
302547.8054	4123615.277	120
302546.9235	4123614.806	120
302546.0417	4123614.334	120
302545.159	4123613.864	120
302544.2771	4123613.393	120
302543.396	4123612.92	120
302542.5148	4123612.447	120
302541.6321	4123611.977	120
302540.751	4123611.504	120
302539.8697	4123611.032	120
302538.9873	4123610.561	120
302538.1059	4123610.089	120
302537.2246	4123609.616	120
302536.3419	4123609.147	120
302535.4608	4123608.674	120
302534.579	4123608.202	120
302533.6967	4123607.731	120
302532.8137	4123607.262	120
302531.932	4123606.79	120
302531.0518	4123606.316	120
302530.169	4123605.846	120
302529.2872	4123605.375	120
302528.407	4123604.9	120
302527.5243	4123604.43	120
302526.6411	4123603.961	120
302525.7608	4123603.487	120
302524.8807	4123603.012	120
302523.9979	4123602.542	120
302523.1103	4123602.082	120
302522.2176	4123601.631	120
302521.3259	4123601.178	120
302520.4218	4123600.752	120
302519.5109	4123600.339	120
302518.6082	4123599.91	120
302517.6871	4123599.52	120
302516.7675	4123599.128	120
302515.8424	4123598.748	120
302514.909	4123598.39	140
302513.9667	4123598.055	150
302513.0155	4123597.747	150
302512.0631	4123597.442	150
302511.1072	4123597.148	150
302510.144	4123596.88	150
302509.1806	4123596.612	150
302508.2112	4123596.366	150
302507.238	4123596.137	150
302506.2598	4123595.93	150
302505.275	4123595.757	150
302504.2917	4123595.575	150
302503.3091	4123595.389	150
302502.323	4123595.224	150
302501.3313	4123595.095	150
302500.3351	4123595.008	150
302499.3389	4123594.921	150
302498.3425	4123594.837	150
302497.3446	4123594.771	150
302496.3459	4123594.721	150
302495.3466	4123594.688	150
302494.3467	4123594.689	150
302493.3469	4123594.706	150
302492.3475	4123594.74	150
302491.3488	4123594.791	150
302490.3524	4123594.863	150
302489.3579	4123594.966	150
302488.3639	4123595.075	150
302487.3747	4123595.221	150
302486.3844	4123595.36	150
302485.3985	4123595.527	150
302484.411	4123595.685	150
302483.4267	4123595.859	150
302482.4505	4123596.076	150
302481.4764	4123596.302	150
302480.5042	4123596.536	150
302479.539	4123596.797	150
302478.5831	4123597.09	150
302477.6289	4123597.39	150
302476.6864	4123597.723	150
302475.7449	4123598.06	150
302474.8037	4123598.398	150
302473.8621	4123598.735	150
302472.9421	4123599.126	150
302472.028	4123599.532	150
302471.1155	4123599.941	150
302470.2195	4123600.384	150
302469.3258	4123600.832	150
302468.4294	4123601.276	150
302467.5491	4123601.75	150
302466.6803	4123602.245	150
302465.8356	4123602.78	150
302464.9792	4123603.296	150
302464.137	4123603.836	150
302463.2986	4123604.38	150
302462.4648	4123604.933	150
302461.6568	4123605.522	150
302460.8576	4123606.123	150
302460.0788	4123606.75	150
302459.2765	4123607.346	150
302458.4886	4123607.961	150
302457.7093	4123608.588	150
302456.9443	4123609.232	150
302456.1744	4123609.87	150
302455.427	4123610.534	150
302454.6853	4123611.205	150
302453.9548	4123611.888	150
302453.2284	4123612.575	150
302452.5341	4123613.295	150
302451.8387	4123614.013	150
302451.1583	4123614.746	150
302450.4819	4123615.482	150
302449.8274	4123616.238	150
302449.1983	4123617.016	150
302448.5814	4123617.803	150
302447.9651	4123618.59	150
302447.3503	4123619.379	150
302446.7701	4123620.193	150
302446.1872	4123621.006	150
302445.6139	4123621.825	150
302445.0413	4123622.645	150
302444.4714	4123623.467	150
302443.9667	4123624.33	150
302443.4758	4123625.201	150
302443.0059	4123626.084	150
302442.5562	4123626.976	150
302442.1425	4123627.887	150
302441.766	4123628.813	150
302441.3973	4123629.742	150
302441.058	4123630.683	150
302440.7237	4123631.625	150
302440.3844	4123632.566	150
302440.0385	4123633.504	150
302439.6926	4123634.443	150
302439.3594	4123635.385	150
302439.0424	4123636.334	150
302438.7249	4123637.282	150
302438.4206	4123638.234	150
302438.1448	4123639.196	150
302437.8689	4123640.157	150
302437.5977	4123641.119	150
302437.3355	4123642.084	150
302437.0733	4123643.049	150
302436.8225	4123644.017	150
302436.5726	4123644.986	150
302436.3226	4123645.954	150
302436.0956	4123646.927	150
302435.9259	4123647.913	150
302435.7562	4123648.898	150
302435.5865	4123649.884	150
302435.4757	4123650.874	150
302435.4906	4123651.874	150
302435.5055	4123652.873	150
302435.5204	4123653.873	150
302435.5521	4123654.873	150
302435.5875	4123655.872	150
302435.6229	4123656.872	150
302435.6582	4123657.871	150
302435.8819	4123659.123	150
302436.0969	4123660.099	150
302436.3118	4123661.076	150
302436.5265	4123662.053	150
302436.7411	4123663.029	150
302436.9558	4123664.006	150
302437.2214	4123664.97	150
302437.4977	4123665.931	150
302437.774	4123666.892	150
302438.0811	4123667.842	150
302438.4619	4123668.767	150
302438.8428	4123669.691	150
302439.2236	4123670.616	150
302439.5962	4123671.544	150
302439.9671	4123672.473	150
302440.3379	4123673.402	150
302440.7576	4123674.309	150
302441.1871	4123675.212	150
302441.6166	4123676.115	150
302442.046	4123677.018	150
302442.4753	4123677.921	150
302442.9046	4123678.824	150
302443.342	4123679.724	150
302443.78	4123680.623	150
302444.2179	4123681.522	160
302444.6559	4123682.421	170
302445.0939	4123683.32	180
302445.532	4123684.219	190
302445.9781	4123685.113	200
302446.4465	4123685.997	200
302446.9153	4123686.88	200
302447.3841	4123687.764	200
302447.8533	4123688.647	200
302448.3225	4123689.53	200
302448.7917	4123690.413	200
302449.2628	4123691.295	200
302449.7343	4123692.177	200
302450.2058	4123693.059	200
302450.6773	4123693.94	200
302451.1489	4123694.822	200
302451.6306	4123695.699	200
302452.1155	4123696.573	200
302452.6003	4123697.448	200
302453.0853	4123698.322	200
302453.5703	4123699.197	200
302454.0553	4123700.071	200
302454.5578	4123700.936	200
302455.0656	4123701.797	200
302455.5685	4123702.661	200
302456.072	4123703.525	200