302469.598176957	4123727.73931147	140
302469.598176957	4123727.73931147	140
302469.598176957	4123727.73931147	140
302469.598176957	4123727.73931147	140
302469.598176957	4123727.73931147	140
302469.598176957	4123727.73931147	140
302469.598176957	4123727.73931147	140
302469.598176957	4123727.73931147	140
302469.598176957	4123727.73931147	140
302469.598176957	4123727.73931147	140
302469.598176957	4123727.73931147	140
302469.598176957	4123727.73931147	140
302469.598176957	4123727.73931147	140
302469.598176957	4123727.73931147	140
302469.598176957	4123727.73931147	140
302469.598176957	4123727.73931147	140
302469.598176957	4123727.73931147	140
302469.598176957	4123727.73931147	140
302469.598176957	4123727.73931147	140
302469.598176957	4123727.73931147	140
302469.598176957	4123727.73931147	140
302469.597915848	4123727.72821543	140
302469.597915848	4123727.72821543	140
302469.597915848	4123727.72821543	140
302469.922778284	4123728.33119081	140
302469.922778284	4123728.33119081	140
302470.441252553	4123729.24047126	140
302470.441252553	4123729.24047126	140
302470.922674198	4123730.08401056	140
302470.922674198	4123730.08401056	140
302471.36730435	4123730.87290473	140
302471.36730435	4123730.87290473	140
302471.747223096	4123731.55229988	140
302471.747223096	4123731.55229988	140
302472.145406928	4123732.25346959	140
302472.145406928	4123732.25346959	140
302472.646398916	4123733.17426372	140
302472.646398916	4123733.17426372	140
302473.156001162	4123734.08375308	140
302473.156001162	4123734.08375308	140
302473.545574411	4123734.79622764	140
302473.545574411	4123734.79622764	140
302474.064309039	4123735.717	140
302474.064309039	4123735.717	140
302474.601830893	4123736.68094768	140
302474.601830893	4123736.68094768	140
302475.148485194	4123737.65617834	140
302475.148485194	4123737.65617834	140
302475.686006816	4123738.62052175	140
302475.686006816	4123738.62052175	140
302476.195869545	4123739.54110731	140
302476.195869545	4123739.54110731	140
302476.790013985	4123740.64844673	140
302476.790013985	4123740.64844673	140
302477.412600346	4123741.83283219	140
302477.412600346	4123741.83283219	140
302477.9603	4123742.85244716	140
302477.9603	4123742.85244716	140
302478.525478184	4123743.86054862	140
302478.525478184	4123743.86054862	140
302479.15536896	4123744.97814922	140
302479.15536896	4123744.97814922	140
302479.775865931	4123746.074	140
302479.775865931	4123746.074	140
302480.397407138	4123747.21376805	140
302480.397407138	4123747.21376805	140
302480.916140343	4123748.13414511	140
302480.916140343	4123748.13414511	140
302481.452616336	4123749.05410471	140
302481.452616336	4123749.05410471	140
302481.998224756	4123749.98495162	140
302481.998224756	4123749.98495162	140
302482.755970212	4123751.25497449	140
302482.755970212	4123751.25497449	140
302483.375421936	4123752.3062079	140
302483.375421936	4123752.3062079	140
302483.931467954	4123753.3034224	140
302483.931467954	4123753.3034224	140
302484.432457558	4123754.22421715	140
302484.432457558	4123754.22421715	140
302484.905266188	4123755.07906195	140
302484.905266188	4123755.07906195	140
302485.378074728	4123755.93390677	140
302485.378074728	4123755.93390677	140
302485.804959444	4123756.72321912	140
302485.804959444	4123756.72321912	140
302486.259763849	4123757.56738544	140
302486.259763849	4123757.56738544	140
302486.6963	4123758.3897772	140
302486.6963	4123758.3897772	140
302487.225995162	4123759.399	140
302487.225995162	4123759.399	140
302487.318886936	4123759.574	140
302487.318886936	4123759.574	140
302487.866843892	4123760.60487489	140
302488.479511627	4123761.74508568	140
302488.479511627	4123761.74508568	140
302488.581274786	4123761.9203261	140
302488.581274786	4123761.9203261	140
302488.7485321	4123762.2383538	140
302488.841162729	4123762.40270692	140
302488.7485321	4123762.2383538	140
302488.841162729	4123762.40270692	140
302489.397207513	4123763.39992174	140
302489.397207513	4123763.39992174	140
302489.990043325	4123764.45178182	140
302490.489465177	4123765.30600067	140
302490.489465177	4123765.30600067	140
302491.052814524	4123766.23643063	140
302491.052814524	4123766.23643063	140
302491.524577557	4123767.04689162	140
302491.524577557	4123767.04689162	140
302492.014866609	4123767.89022326	140
302492.079577423	4123768.0	140
302492.014866609	4123767.89022326	140
302492.079577423	4123768.0	140
302492.551601354	4123768.82127952	140
302492.551601354	4123768.82127952	140
302493.080508888	4123769.7969287	140
302493.080508888	4123769.7969287	140
302493.572103043	4123770.69574061	140
302493.572103043	4123770.69574061	140
302494.018034584	4123771.54011604	140
302494.018034584	4123771.54011604	140
302494.501540367	4123772.47242484	140
302494.501540367	4123772.47242484	140
302495.00409429	4123773.45979637	140
302495.00409429	4123773.45979637	140
302495.525435258	4123774.49113461	140
302495.525435258	4123774.49113461	140
302496.167065031	4123775.73058402	140
302496.167065031	4123775.73058402	140
302496.715281063	4123776.77239215	140
302496.715281063	4123776.77239215	140
302497.327685498	4123777.90150748	140
302497.327685498	4123777.90150748	140
302497.930174061	4123778.98644743	140
302497.930174061	4123778.98644743	140
302498.458297186	4123779.9288088	140
302498.458297186	4123779.9288088	140
302498.976765566	4123780.83809082	140
302498.976765566	4123780.83809082	140
302499.560205539	4123781.86796816	140
302499.560205539	4123781.86796816	140
302500.274110881	4123783.16122818	140
302500.274110881	4123783.16122818	140
302500.803016732	4123784.13687779	140
302500.803016732	4123784.13687779	140
302500.858855912	4123784.24658578	140
302500.858855912	4123784.24658578	140
302501.275822226	4123784.99172341	140
302501.275822226	4123784.99172341	140
302501.617640063	4123785.56099432	140
302502.0797465	4123786.33837645	140
302502.0797465	4123786.33837645	140
302502.606302335	4123787.21416184	140
302502.670751812	4123787.31256507	140
302502.606302335	4123787.21416184	140
302502.670751812	4123787.31256507	140
302503.059	4123787.96956068	140
302503.059	4123787.96956068	140
302503.493201683	4123788.69208888	140
302503.493201683	4123788.69208888	140
302504.047676793	4123789.62272835	140
302504.047676793	4123789.62272835	140
302504.510043877	4123790.41120664	140
302504.510043877	4123790.41120664	140
302504.824986022	4123790.97000781	140
302504.824986022	4123790.97000781	140
302505.232036021	4123791.6709702	140
302505.232036021	4123791.6709702	140
302505.676660091	4123792.459866	140
302506.075099621	4123793.17213319	140
302506.075099621	4123793.17213319	140
302506.548165199	4123794.03807511	140
302506.548165199	4123794.03807511	140
302507.096117844	4123795.06878782	140
302507.096117844	4123795.06878782	140
302507.625283314	4123796.05553385	140
302507.625283314	4123796.05553385	140
302507.690776928	4123796.19832126	140
302507.690776928	4123796.19832126	140
302508.11791883	4123796.99873066	140
302508.11791883	4123796.99873066	140
302508.600116467	4123797.87556	140
302508.600116467	4123797.87556	140
302508.665087924	4123797.99615534	140
302508.665087924	4123797.99615534	140
302509.05491664	4123798.71972742	140
302509.05491664	4123798.71972742	140
302509.648269927	4123799.79378081	140
302509.648269927	4123799.79378081	140
302510.194394435	4123800.74682143	140
302510.194394435	4123800.74682143	140
302510.656760401	4123801.53530003	140
302510.656760401	4123801.53530003	140
302511.045022439	4123802.19229597	140
302511.045022439	4123802.19229597	140
302511.442938989	4123802.88237131	140
302511.442938989	4123802.88237131	140
302511.868252823	4123803.60510863	140
302511.868252823	4123803.60510863	140
302512.229378399	4123804.2405387	140
302512.229378399	4123804.2405387	140
302512.608768815	4123804.89774342	140
302512.914055386	4123805.42346547	140
302512.914055386	4123805.42346547	140
302513.275441873	4123806.06999162	140
302513.275441873	4123806.06999162	140
302513.609692037	4123806.69495186	140
302513.609692037	4123806.69495186	140
302513.990126477	4123807.39654079	140
302513.990126477	4123807.39654079	140
302514.334292152	4123808.06567649	140
302514.334292152	4123808.06567649	140
302514.715770702	4123808.81164959	140
302514.715770702	4123808.81164959	140
302515.106903736	4123809.5907021	140
302515.106903736	4123809.5907021	140
302515.553353432	4123810.45727062	140
302515.553353432	4123810.45727062	140
302515.990409554	4123811.30185581	140
302516.658125909	4123812.51848839	140
302516.658125909	4123812.51848839	140
302517.195899625	4123813.49393021	140
302517.195899625	4123813.49393021	140
302517.548414103	4123814.14066524	140
302517.548414103	4123814.14066524	140
302517.928586867	4123814.83115829	140
302517.928586867	4123814.83115829	140
302518.327285481	4123815.55452204	140
302518.327285481	4123815.55452204	140
302518.7163295	4123816.2448064	140
302518.7163295	4123816.2448064	140
302518.7163295	4123816.2448064	140
302519.096502084	4123816.935	140
302519.096502084	4123816.935	140
302519.624098645	4123817.85546999	140
302519.624098645	4123817.85546999	140
302519.985223097	4123818.491	140
302519.985223097	4123818.491	140
302520.050194254	4123818.61149578	140
302520.466635272	4123819.3344422	140
302520.466635272	4123819.3344422	140
302521.011974291	4123820.25419534	140
302521.011974291	4123820.25419534	140
302521.372054354	4123820.84524162	140
302521.871731104	4123821.71055818	140
302521.871731104	4123821.71055818	140
302522.297043197	4123822.43329597	140
302522.297043197	4123822.43329597	140
302522.639902445	4123823.04695179	140
302522.639902445	4123823.04695179	140
302523.038861356	4123823.78141177	140
302523.419555381	4123824.49409712	140
302523.419555381	4123824.49409712	140
302523.828951805	4123825.29492465	140
302523.828951805	4123825.29492465	140
302524.164244699	4123825.96426941	140
302524.164244699	4123825.96426941	140
302524.46196373	4123826.54568072	140
302524.760465858	4123827.16038016	140
302524.760465858	4123827.16038016	140
302525.198042392	4123828.02715784	140
302525.198042392	4123828.02715784	140
302525.6445	4123828.89372685	140
302525.6445	4123828.89372685	140
302526.026489019	4123829.66189248	140
302526.026489019	4123829.66189248	140
302526.39935537	4123830.41917079	140
302526.39935537	4123830.41917079	140
302526.827538147	4123831.26396519	140
302526.827538147	4123831.26396519	140
302527.236933962	4123832.06479287	140
302527.236933962	4123832.06479287	140
302527.628325948	4123832.85494193	140
302527.628325948	4123832.85494193	140
302528.047637139	4123833.69994509	140
302528.047637139	4123833.69994509	140
302528.531136057	4123834.63225563	140
302528.531136057	4123834.63225563	140
302529.078300592	4123835.6296815	140
302529.078300592	4123835.6296815	140
302529.670865925	4123836.67044804	140
302529.670865925	4123836.67044804	140
302530.188022659	4123837.5242516	140
302530.188022659	4123837.5242516	140
302530.686392438	4123838.33408845	140
302530.686392438	4123838.33408845	140
302531.30426627	4123839.31874881	140
302531.30426627	4123839.31874881	140
302531.830816113	4123840.19453583	140
302531.830816113	4123840.19453583	140
302532.284045744	4123840.97212816	140
302532.284045744	4123840.97212816	140
302532.7921	4123841.81504453	140
302532.7921	4123841.81504453	140
302533.227034298	4123842.57086222	140
302533.227034298	4123842.57086222	140
302533.652083447	4123843.28250449	140
302533.652083447	4123843.28250449	140
302534.040864049	4123843.96169345	140
302534.040864049	4123843.96169345	140
302534.559064067	4123844.8598814	140
302534.559064067	4123844.8598814	140
302535.039951385	4123845.68123191	140
302535.603552043	4123846.62276059	140
302535.603552043	4123846.62276059	140
302536.175501859	4123847.54188852	140
302536.683785995	4123848.39590114	140
302536.683785995	4123848.39590114	140
302537.017249864	4123848.98757411	140
302537.017249864	4123848.98757411	140
302537.378893883	4123849.64519722	140
302537.378893883	4123849.64519722	140
302537.889004987	4123850.57688216	140
302537.889004987	4123850.57688216	140
302538.3529321	4123851.43193834	140
302538.3529321	4123851.43193834	140
302538.835384879	4123852.31986527	140
302538.835384879	4123852.31986527	140
302539.290701507	4123853.18622623	140
302539.290701507	4123853.18622623	140
302539.745757017	4123854.04149117	140
302539.745757017	4123854.04149117	140
302540.2092	4123854.87435536	140
302540.2092	4123854.87435536	140
302540.700485465	4123855.76207369	140
302540.700485465	4123855.76207369	140
302541.099441446	4123856.49653444	140
302541.099441446	4123856.49653444	140
302541.462128963	4123857.19854186	140
302541.462128963	4123857.19854186	140
302541.87126127	4123857.98827414	140
302541.87126127	4123857.98827414	140
302542.409290539	4123858.97481344	140
302542.409290539	4123858.97481344	140
302542.955929993	4123859.95004804	140
302542.955929993	4123859.95004804	140
302542.955929993	4123859.95004804	140
302543.418812049	4123860.76072032	140
302543.418812049	4123860.76072032	140
302543.87203963	4123861.53831321	140
302543.87203963	4123861.53831321	140
302544.372233972	4123862.42582304	140
302544.372233972	4123862.42582304	140
302544.798847413	4123863.20404203	140
302544.798847413	4123863.20404203	140
302545.169883653	4123863.88364883	140
302545.169883653	4123863.88364883	140
302545.597018995	4123864.68405993	140
302545.597018995	4123864.68405993	140
302546.088863709	4123865.59397062	140
302546.088863709	4123865.59397062	140
302546.533741529	4123866.39396439	140
302546.533741529	4123866.39396439	140
302547.081163137	4123867.40248734	140
302547.081163137	4123867.40248734	140
302547.470463704	4123868.10386894	140
302547.470463704	4123868.10386894	140
302547.933083912	4123868.9034454	140
302547.933083912	4123868.9034454	140
302548.350042368	4123869.64858513	140
302548.350042368	4123869.64858513	140
302548.840320433	4123870.49191974	140
302548.840320433	4123870.49191974	140
302549.359	4123871.41230058	140
302549.359	4123871.41230058	140
302549.821659326	4123872.21187714	140
302549.821659326	4123872.21187714	140
302550.210698456	4123872.90216281	140
302550.210698456	4123872.90216281	140
302550.608086811	4123873.57004775	140
302550.608086811	4123873.57004775	140
302550.977817113	4123874.19417459	140
302550.977817113	4123874.19417459	140
302551.422172042	4123874.97197652	140
302551.422172042	4123874.97197652	140
302552.005860856	4123876.01295315	140
302552.005860856	4123876.01295315	140
302552.459869948	4123876.82383456	140
302552.459869948	4123876.82383456	140
302552.905268664	4123877.6460207	140
302552.905268664	4123877.6460207	140
302553.323792364	4123878.45773687	140
302553.323792364	4123878.45773687	140
302553.743099021	4123879.30274117	140
302553.743099021	4123879.30274117	140
302554.096913328	4123880.00495775	140
302554.096913328	4123880.00495775	140
302554.404021962	4123880.6083534	140
302554.404021962	4123880.6083534	140
302554.8051	4123881.43158303	140
302554.8051	4123881.43158303	140
302555.24185177	4123882.265074	140
302555.24185177	4123882.265074	140
302555.5951	4123882.94509856	140
302555.5951	4123882.94509856	140
302556.076549178	4123883.78864223	140
302556.076549178	4123883.78864223	140
302556.539167806	4123884.58821912	140
302556.539167806	4123884.58821912	140
302557.029183271	4123885.42045812	140
302557.029183271	4123885.42045812	140
302557.426309553	4123886.0772473	140
302557.426309553	4123886.0772473	140
302557.888666936	4123886.86572822	140
302557.888666936	4123886.86572822	140
302558.277443801	4123887.54491819	140
302558.277443801	4123887.54491819	140
302558.685007224	4123888.26807497	140
302558.685007224	4123888.26807497	140
302559.130143798	4123889.07916538	140
302559.130143798	4123889.07916538	140
302559.53849009	4123889.83561031	140
302559.53849009	4123889.83561031	140
302560.012328417	4123890.73484303	140
302560.012328417	4123890.73484303	140
302560.4499	4123891.60162235	140
302560.4499	4123891.60162235	140
302560.951916505	4123892.56680533	140
302560.951916505	4123892.56680533	140
302561.38818137	4123893.37810451	140
302561.796527279	4123894.13454954	140
302561.796527279	4123894.13454954	140
302562.176432243	4123894.81394834	140
302562.176432243	4123894.81394834	140
302562.510675702	4123895.43891032	140
302562.510675702	4123895.43891032	140
302562.881448267	4123896.10742178	140
302562.881448267	4123896.10742178	140
302563.335455364	4123896.91830372	140
302563.335455364	4123896.91830372	140
302563.780852088	4123897.74049038	140
302563.780852088	4123897.74049038	140
302564.151885462	4123898.42009792	140
302564.151885462	4123898.42009792	140
302564.661991012	4123899.35178432	140
302564.661991012	4123899.35178432	140
302565.152526906	4123900.20621581	140
302565.152526906	4123900.20621581	140
302565.698117383	4123901.13706759	140
302565.698117383	4123901.13706759	140
302566.078021756	4123901.81646655	140
302566.078021756	4123901.81646655	140
302566.51402471	4123902.61666994	140
302566.51402471	4123902.61666994	140
302567.006387215	4123903.54877379	140
302567.006387215	4123903.54877379	140
302567.453349241	4123904.43753684	140
302567.453349241	4123904.43753684	140
302567.796985242	4123905.084	140
302567.796985242	4123905.084	140
302568.28647655	4123905.89452993	140
302568.28647655	4123905.89452993	140
302568.92782345	4123906.74541434	140
302568.92782345	4123906.74541434	140
302569.664927321	4123907.51633123	140
302570.470652346	4123908.18571456	140
302571.210363469	4123908.69011804	140
302572.076099265	4123909.26927259	140
302572.076099265	4123909.26927259	140
302572.076099265	4123909.26927259	140
302572.881301951	4123909.91646406	140
302572.881301951	4123909.91646406	140
302573.580310224	4123910.57725555	140
302573.580310224	4123910.57725555	140
302574.193215529	4123911.35109404	140
302574.193215529	4123911.35109404	140
302574.598949656	4123911.99657926	140
302574.598949656	4123911.99657926	140
302574.905794822	4123912.58887955	140
302574.905794822	4123912.58887955	140
302575.114794991	4123913.17237904	140
302575.114794991	4123913.17237904	140
302575.276309187	4123914.001	140
302575.276309187	4123914.001	140
302575.307883933	4123914.58891593	140
302575.307883933	4123914.58891593	140
302575.279708666	4123915.27791351	140
302575.279708666	4123915.27791351	140
302575.139599746	4123916.11387211	140
302575.139599746	4123916.11387211	140
302574.993751426	4123917.08319182	140
302574.993751426	4123917.08319182	140
302574.957226919	4123917.79459013	140
302574.957226919	4123917.79459013	140
302574.957226919	4123917.79459013	140
302574.956709451	4123918.52734588	140
302574.956709451	4123918.52734588	140
302575.050385329	4123919.49103184	140
302575.050385329	4123919.49103184	140
302575.242689022	4123920.49680671	140
302575.242689022	4123920.49680671	140
302575.4491	4123921.34681975	140
302575.4491	4123921.34681975	140
302575.738185941	4123922.31701129	140
302575.738185941	4123922.31701129	140
302576.051294346	4123923.1756165	140
302576.051294346	4123923.1756165	140
302576.408758986	4123924.03317843	140
302576.408758986	4123924.03317843	140
302576.408758986	4123924.03317843	140
302576.747698092	4123924.85786958	140
302576.747698092	4123924.85786958	140
302576.747698092	4123924.85786958	140
302577.150823804	4123925.76986845	140
302577.555254352	4123926.73734752	140
302577.555254352	4123926.73734752	140
302577.95159651	4123927.73832337	140
302577.95159651	4123927.73832337	140
302578.289752398	4123928.52972646	140
302578.289752398	4123928.52972646	140
302578.73853897	4123929.49616231	140
302578.73853897	4123929.49616231	140
302579.169060981	4123930.44082341	140
302579.169060981	4123930.44082341	140
302579.515826934	4123931.22092185	140
302579.515826934	4123931.22092185	140
302579.862331848	4123931.98992427	140
302579.862331848	4123931.98992427	140
302580.2655	4123932.90192327	140
302580.2655	4123932.90192327	140
302580.694151775	4123933.76891218	140
302580.694151775	4123933.76891218	140
302581.184945262	4123934.63444055	140
302581.184945262	4123934.63444055	140
302581.701830434	4123935.47715091	140
302581.701830434	4123935.47715091	140
302582.283424002	4123936.42936112	140
302582.283424002	4123936.42936112	140
302582.728295102	4123937.2293566	140
302582.728295102	4123937.2293566	140
302583.210216957	4123938.09509372	140
302583.210216957	4123938.09509372	140
302583.693443598	4123939.01631105	140
302583.693443598	4123939.01631105	140
302584.122137815	4123939.88330012	140
302584.122137815	4123939.88330012	140
302584.57848957	4123940.7940474	140
302584.57848957	4123940.7940474	140
302584.960739623	4123941.57331145	140
302584.960739623	4123941.57331145	140
302585.334118373	4123942.35278417	140
302585.334118373	4123942.35278417	140
302585.716107321	4123943.12095221	140
302585.716107321	4123943.12095221	140
302586.097574261	4123943.86692819	140
302586.097574261	4123943.86692819	140
302586.097574261	4123943.86692819	140
302586.460515744	4123944.58003338	140
302586.460515744	4123944.58003338	140
302586.796060546	4123945.26	140
302586.796060546	4123945.26	140
302587.215882936	4123946.12767425	140
302587.215882936	4123946.12767425	140
302587.589000333	4123946.89605102	140
302587.589000333	4123946.89605102	140
302588.07509674	4123947.93932498	140
302588.07509674	4123947.93932498	140
302588.421861265	4123948.71942375	140
302588.421861265	4123948.71942375	140
302588.76001547	4123949.51082721	140
302588.76001547	4123949.51082721	140
302589.069729135	4123950.22518436	140
302589.069729135	4123950.22518436	140
302589.353090037	4123950.95126349	140
302589.353090037	4123950.95126349	140
302589.626796757	4123951.64426316	140
302589.626796757	4123951.64426316	140
302589.881978073	4123952.30439201	140
302589.881978073	4123952.30439201	140
302590.175514916	4123953.08574271	140
302590.175514916	4123953.08574271	140
302590.46957365	4123953.88928548	140
302590.46957365	4123953.88928548	140
302590.707795298	4123954.58311975	140
302590.707795298	4123954.58311975	140
302590.955149104	4123955.28784143	140
302590.955149104	4123955.28784143	140
302591.193892619	4123956.00386778	140
302591.193892619	4123956.00386778	140
302591.431592227	4123956.67551	140
302591.431592227	4123956.67551	140
302591.660942513	4123957.36955293	140
302591.660942513	4123957.36955293	140
302591.891075667	4123958.09688399	140
302591.891075667	4123958.09688399	140
302592.082331336	4123958.68080113	140
302592.082331336	4123958.68080113	140
302592.265237691	4123959.28711899	140
302592.265237691	4123959.28711899	140
302592.487543399	4123960.05904284	140
302592.487543399	4123960.05904284	140
302592.6923676	4123960.84248003	140
302592.6923676	4123960.84248003	140
302592.6923676	4123960.84248003	140
302592.927458943	4123961.781	140
302593.144807807	4123962.71920888	140
302593.144807807	4123962.71920888	140
302593.350153834	4123963.52483815	140
302593.350153834	4123963.52483815	140
302593.555760792	4123964.34156346	140
302593.555760792	4123964.34156346	140
302593.761367718	4123965.15828878	140
302593.761367718	4123965.15828878	140
302593.997502721	4123966.14082874	140
302593.997502721	4123966.14082874	140
302594.193977397	4123966.94666667	140
302594.193977397	4123966.94666667	140
302594.460118487	4123968.0728292	140
302594.460118487	4123968.0728292	140
302594.617193784	4123968.71306114	140
302594.617193784	4123968.71306114	140
302594.795143051	4123969.48602824	140
302594.795143051	4123969.48602824	140
302594.984312172	4123970.35865105	140
302594.984312172	4123970.35865105	140
302595.169307402	4123971.431	140
302595.169307402	4123971.431	140
302595.305510182	4123972.31618185	140
302595.305510182	4123972.31618185	140
302595.473023899	4123973.40025529	140
302595.473023899	4123973.40025529	140
302595.596962906	4123974.14118613	140
302595.596962906	4123974.14118613	140
302595.742036828	4123975.02594818	140
302595.742036828	4123975.02594818	140
302595.866758688	4123975.80016714	140
302595.866758688	4123975.80016714	140
302595.972172348	4123976.50822715	140
302595.972172348	4123976.50822715	140
302596.047840838	4123977.08376063	140
302596.047840838	4123977.08376063	140
302596.139165557	4123977.94758244	140
302596.139165557	4123977.94758244	140
302596.2109	4123978.73414927	140
302596.2109	4123978.73414927	140
302596.291808848	4123979.53160349	140
302596.291808848	4123979.53160349	140
302596.377132931	4123980.51769036	140
302596.377132931	4123980.51769036	140
302596.430363192	4123981.27138635	140
302596.430363192	4123981.27138635	140
302596.474983216	4123982.036	140
302596.474983216	4123982.036	140
302596.524039607	4123982.99002033	140
302596.524039607	4123982.99002033	140
302596.551439164	4123983.77763035	140
302596.551439164	4123983.77763035	140
302596.593190137	4123984.79804852	140
302596.593190137	4123984.79804852	140
302596.641985565	4123985.74058579	140
302596.641985565	4123985.74058579	140
302596.679039205	4123986.561	140
302596.679039205	4123986.561	140
302596.72261537	4123987.28189181	140
302596.72261537	4123987.28189181	140
302596.761756712	4123988.19134961	140
302596.761756712	4123988.19134961	140
302596.789156276	4123988.97895964	140
302596.789156276	4123988.97895964	140
302596.81342428	4123989.63341722	140
302596.81342428	4123989.63341722	140
302596.835345176	4123990.56548437	140
302596.835345176	4123990.56548437	140
302596.872137857	4123991.37507784	140
302596.872137857	4123991.37507784	140
302596.890666238	4123992.1628965	140
302596.890666238	4123992.1628965	140
302596.899542111	4123993.29510961	140
302596.899542111	4123993.29510961	140
302596.911026063	4123994.16080918	140
302596.911026063	4123994.16080918	140
302596.916770394	4123995.15986985	140
302596.916770394	4123995.15986985	140
302596.913121628	4123996.137	140
302596.913121628	4123996.137	140
302596.937652195	4123997.17997461	140
302596.937652195	4123997.17997461	140
302596.970792983	4123998.21169747	140
302596.970792983	4123998.21169747	140
302597.009673388	4123999.11005925	140
302597.009673388	4123999.11005925	140
302597.080386599	4124000.22971586	140
302597.080386599	4124000.22971586	140
302597.080386599	4124000.22971586	140
302597.219981502	4124001.25893508	140
302597.219981502	4124001.25893508	140
302597.390885668	4124002.10978314	140
302597.390885668	4124002.10978314	140
302597.63615172	4124003.1032106	140
302597.63615172	4124003.1032106	140
302597.63615172	4124003.1032106	140
302597.9433	4124004.08408156	140
302597.9433	4124004.08408156	140
302597.9433	4124004.08408156	140
302598.294192099	4124005.04171727	140
302598.294192099	4124005.04171727	140
302598.697573294	4124005.96481307	140
302598.697573294	4124005.96481307	140
302598.697573294	4124005.96481307	140
302599.135917164	4124006.86488226	140
302599.626705078	4124007.73041154	140
302599.626705078	4124007.73041154	140
302600.170980867	4124008.60578508	140
302600.170980867	4124008.60578508	140
302600.74160909	4124009.46943671	140
302600.74160909	4124009.46943671	140
302601.210218072	4124010.14675071	140
302601.210218072	4124010.14675071	140
302601.643342317	4124010.82489926	140
302601.643342317	4124010.82489926	140
302602.115604565	4124011.65755783	140
302602.115604565	4124011.65755783	140
302602.543510907	4124012.49125959	140
302602.543510907	4124012.49125959	140
302602.947674206	4124013.44764368	140
302602.947674206	4124013.44764368	140
302603.288956419	4124014.37220009	140
302603.288956419	4124014.37220009	140
302603.671986159	4124015.5622269	140
302603.671986159	4124015.5622269	140
302603.89611646	4124016.41182328	140
302603.89611646	4124016.41182328	140
302604.144251976	4124017.52730732	140
302604.144251976	4124017.52730732	140
302604.33368043	4124018.41102635	140
302604.33368043	4124018.41102635	140
302604.543721672	4124019.41638454	140
302604.543721672	4124019.41638454	140
302604.73575961	4124020.41106396	140
302604.73575961	4124020.41106396	140
302604.892051939	4124021.39548187	140
302604.892051939	4124021.39548187	140
302605.03034098	4124022.369221	140
302605.03034098	4124022.369221	140
302605.03034098	4124022.369221	140
302605.159236939	4124023.32097669	140
302605.159236939	4124023.32097669	140
302605.257083188	4124024.08472563	140
302605.257083188	4124024.08472563	140
302605.423812304	4124025.13551114	140
302605.423812304	4124025.13551114	140
302605.5707	4124026.09794562	140
302605.5707	4124026.09794562	140
302605.5707	4124026.09794562	140
302605.71630581	4124027.0048999	140
302605.71630581	4124027.0048999	140
302605.862683004	4124027.94514231	140
302605.862683004	4124027.94514231	140
302605.97905433	4124028.74176211	140
302605.97905433	4124028.74176211	140
302606.107428236	4124029.67132574	140
302606.107428236	4124029.67132574	140
302606.227974795	4124030.645	140
302606.227974795	4124030.645	140
302606.357392479	4124031.61942993	140
302606.357392479	4124031.61942993	140
302606.495420331	4124032.58207305	140
302606.495420331	4124032.58207305	140
302606.629533854	4124033.37827561	140
302606.629533854	4124033.37827561	140
302606.775388989	4124034.29632595	140
302606.775388989	4124034.29632595	140
302606.912372962	4124035.21458493	140
302606.912372962	4124035.21458493	140
302607.058749961	4124036.15482735	140
302607.058749961	4124036.15482735	140
302607.18895038	4124037.16206326	140
302607.18895038	4124037.16206326	140
302607.303757082	4124038.26958078	140
302607.303757082	4124038.26958078	140
302607.367423308	4124039.08964445	140
302607.367423308	4124039.08964445	140
302607.415695838	4124040.00998972	140
302607.415695838	4124040.00998972	140
302607.435789245	4124040.86438465	140
302607.435789245	4124040.86438465	140
302607.447533429	4124041.74118029	140
302607.447533429	4124041.74118029	140
302607.506242812	4124042.72789316	140
302607.506242812	4124042.72789316	140
302607.556081063	4124043.71481466	140
302607.556081063	4124043.71481466	140
302607.580349736	4124044.74674621	140
302607.580349736	4124044.74674621	140
302607.578526935	4124045.80149572	140
302607.578526935	4124045.80149572	140
302607.578526935	4124045.80149572	140
302607.5673	4124046.83426178	140
302607.5673	4124046.83426178	140
302607.5673	4124046.83426178	140
302607.561052124	4124047.70037864	140
302607.561052124	4124047.70037864	140
302607.513568963	4124048.70069111	140
302607.513568963	4124048.70069111	140
302607.49426361	4124049.38947999	140
302607.49426361	4124049.38947999	140
302607.448344891	4124050.07889476	140
302607.448344891	4124050.07889476	140
302607.402687142	4124050.77940557	140
302607.402687142	4124050.77940557	140
302607.384164678	4124051.50148258	140
302607.384164678	4124051.50148258	140
302607.434524889	4124052.51059616	140
302607.434524889	4124052.51059616	140
302607.486189872	4124053.57518995	140
302607.486189872	4124053.57518995	140
302607.527157052	4124054.5623201	140
302607.527157052	4124054.5623201	140
302607.533422625	4124055.58357288	140
302607.533422625	4124055.58357288	140
302607.521424062	4124056.58305084	140
302607.521424062	4124056.58305084	140
302607.515426128	4124057.46026375	140
302607.515426128	4124057.46026375	140
302607.5157	4124058.22630765	140
302607.5157	4124058.22630765	140
302607.500820741	4124059.1037292	140
302607.48386408	4124059.89238244	140
302607.48386408	4124059.89238244	140
302607.456992498	4124060.63686016	140
302607.456992498	4124060.63686016	140
302607.431164745	4124061.42572203	140
302607.431164745	4124061.42572203	100
302607.427515467	4124062.4027993	100
302607.427515467	4124062.4027993	100
302607.4061	4124063.38029382	100
302607.4061	4124063.38029382	100
302607.386820148	4124064.44655666	100
302607.386820148	4124064.44655666	100
302607.383431862	4124065.43472997	100
302607.383431862	4124065.43472997	100
302607.396481022	4124066.36700583	100
302607.396481022	4124066.36700583	100
302607.411878789	4124067.39914603	100
302607.411878789	4124067.39914603	100
302607.416317813	4124068.34272656	100
302607.416317813	4124068.34272656	100
302607.435628539	4124069.16383341	100
302607.435628539	4124069.16383341	100
302607.449460589	4124070.12939739	100
302607.449460589	4124070.12939739	100
302607.458856398	4124070.90632871	100
302607.458856398	4124070.90632871	100
302607.458076331	4124071.62798848	100
302607.458076331	4124071.62798848	100
302607.462254434	4124072.56047297	100
302607.462254434	4124072.56047297	100
302607.463822983	4124073.38199709	100
302607.463822983	4124073.38199709	140
302607.470088751	4124074.40324989	140
302607.470088751	4124074.40324989	140
302607.472962097	4124075.2802542	140
302607.472962097	4124075.2802542	140
302607.493577643	4124076.15684125	140
302607.493577643	4124076.15684125	140
302607.499843433	4124077.17809406	140
302607.499843433	4124077.17809406	140
302607.495672401	4124078.133	140
302607.495672401	4124078.133	140
302607.462278535	4124078.97752999	140
302607.462278535	4124078.97752999	140
302607.423145069	4124079.9554418	140
302607.423145069	4124079.9554418	140
302607.3777501	4124081.04452263	140
302607.3777501	4124081.04452263	140
302607.339138591	4124082.04462653	100
302607.339138591	4124082.04462653	100
302607.318791191	4124083.06650524	100
302607.318791191	4124083.06650524	100
302607.295051366	4124083.94413545	100
302607.295051366	4124083.94413545	100
302607.265571952	4124084.95512676	100
302607.265571952	4124084.95512676	100
302607.225916686	4124085.9108465	100
302607.225916686	4124085.9108465	100
302607.180260884	4124086.98883131	100
302607.180260884	4124086.98883131	100
302607.158347825	4124087.9441338	100
302607.158347825	4124087.9441338	100
302607.158347825	4124087.9441338	100
302607.199054275	4124088.92016795	100
302607.199054275	4124088.92016795	100
302607.286725713	4124090.00611933	100
302607.286725713	4124090.00611933	100
302607.342564742	4124090.87077584	100
302607.342564742	4124090.87077584	100
302607.37048574	4124091.68057804	100
302607.37048574	4124091.68057804	100
302607.373620207	4124092.56867841	100
302607.373620207	4124092.56867841	100
302607.368144562	4124093.46808345	100
302607.368144562	4124093.46808345	100
302607.337099526	4124094.41249854	100
302607.337099526	4124094.41249854	100
302607.329536238	4124095.22313527	100
302607.329536238	4124095.22313527	100
302607.3071	4124096.15624569	100
302607.3071	4124096.15624569	100
302607.3071	4124096.15624569	100
302607.288319889	4124097.24470066	100
302607.288319889	4124097.24470066	100
302607.267189823	4124098.23329128	100
302607.267189823	4124098.23329128	140
302607.242667307	4124099.07763339	140
302607.242667307	4124099.07763339	140
302607.225972042	4124099.87738272	140
302607.189187545	4124100.95515892	140
302607.189187545	4124100.95515892	140
302607.168579456	4124101.96594163	140
302607.168579456	4124101.96594163	140
302607.146144666	4124102.899	140
302607.146144666	4124102.899	140
302607.108577351	4124103.94354015	140
302607.108577351	4124103.94354015	140
302607.087969308	4124104.95432286	140
302607.087969308	4124104.95432286	140
302607.06005442	4124105.65441647	140
302607.035532015	4124106.4987586	140
302607.035532015	4124106.4987586	140
302606.994050372	4124107.37680611	140
302606.994050372	4124107.37680611	140
302606.971354712	4124108.29882052	140
302606.971354712	4124108.29882052	140
302606.953356341	4124109.42056363	140
302606.953356341	4124109.42056363	140
302606.964318232	4124110.26407123	140
302606.964318232	4124110.26407123	140
302607.06790512	4124111.2719331	140
302607.06790512	4124111.2719331	140
302607.268290753	4124112.2442119	140
302607.268290753	4124112.2442119	140
302607.516944467	4124113.00441417	140
302607.516944467	4124113.00441417	140
302607.516944467	4124113.00441417	140
302607.790384595	4124113.68631828	140
302607.790384595	4124113.68631828	140
302608.097743156	4124114.30081164	140
302608.097743156	4124114.30081164	140
302608.4304	4124114.85919892	140
302608.4304	4124114.85919892	140
302608.797778243	4124115.38346357	140
302608.797778243	4124115.38346357	140
302609.182627548	4124115.89621494	140
302609.182627548	4124115.89621494	140
302609.601917193	4124116.36374765	140
302609.601917193	4124116.36374765	140
302610.073650242	4124116.79674048	140
302610.073650242	4124116.79674048	140
302610.562081527	4124117.18493193	140
302610.562081527	4124117.18493193	140
302611.076604014	4124117.55030544	140
302611.076604014	4124117.55030544	140
302611.491196289	4124117.81810953	140
302611.491196289	4124117.81810953	140
302611.491196289	4124117.81810953	140
302611.931618832	4124118.05199964	140
302611.931618832	4124118.05199964	140
302612.479015878	4124118.30557833	140
302612.479015878	4124118.30557833	140
302612.9447	4124118.48336242	140
302612.9447	4124118.48336242	140
302613.526062232	4124118.66953044	140
302613.526062232	4124118.66953044	140
302614.114943973	4124118.80000967	140
302614.114943973	4124118.80000967	140
302614.65973139	4124118.94262811	140
302614.65973139	4124118.94262811	140
302615.239481091	4124119.06222001	140
302615.239481091	4124119.06222001	140
302615.988824528	4124119.22223227	140
302615.988824528	4124119.22223227	140
302616.65806753	4124119.37302615	140
302616.65806753	4124119.37302615	140
302617.505514348	4124119.55293577	140
302617.505514348	4124119.55293577	140
302618.183628342	4124119.70352115	140
302618.860959471	4124119.821	140
302618.860959471	4124119.821	140
302619.520026593	4124119.916341	140
302620.169178872	4124119.96768805	140
302620.169178872	4124119.96768805	140
302620.818070195	4124120.00793911	140
302620.818070195	4124120.00793911	140
302621.501662885	4124120.01406763	140
302621.501662885	4124120.01406763	140
302622.078802979	4124120.0226996	140
302622.078802979	4124120.0226996	140
302622.372069489	4124120.03800734	140
302622.372069489	4124120.03800734	140
302622.798923616	4124120.07237792	140
302622.798923616	4124120.07237792	140
302623.509912251	4124120.11116887	140
302623.509912251	4124120.11116887	140
302624.478683179	4124120.16610215	140
302624.478683179	4124120.16610215	140
302625.553645737	4124120.20743614	140
302625.553645737	4124120.20743614	140
302626.574860111	4124120.22782987	140
302626.574860111	4124120.22782987	140
302627.471618857	4124120.24004823	140
302627.471618857	4124120.24004823	140
302628.536144724	4124120.21501498	140
302628.536144724	4124120.21501498	140
302629.537790455	4124120.15815402	140
302629.537790455	4124120.15815402	140
302630.548046309	4124120.08998852	140
302630.548046309	4124120.08998852	140
302631.505336808	4124120.03417083	140
302631.505336808	4124120.03417083	140
302632.490023241	4124120.01101555	140
302632.490023241	4124120.01101555	140
302633.519586766	4124120.00900943	140
302633.519586766	4124120.00900943	140
302634.477920969	4124119.99757623	140
302634.477920969	4124119.99757623	140
302635.505136177	4124119.89570602	140
302635.505136177	4124119.89570602	140
302636.449641819	4124119.67365692	140
302636.449641819	4124119.67365692	140
302637.436154466	4124119.35070057	140
302637.436154466	4124119.35070057	140
302638.024252705	4124119.07041944	140
302638.024252705	4124119.07041944	140
302638.479285234	4124118.79326734	140
302638.479285234	4124118.79326734	140
302638.906139129	4124118.45016484	140
302638.906139129	4124118.45016484	140
302639.373434548	4124117.93957878	140
302639.373434548	4124117.93957878	140
302639.777849912	4124117.39716483	140
302639.777849912	4124117.39716483	140
302640.102425863	4124116.85662827	140
302640.102425863	4124116.85662827	140
302640.347945133	4124116.35125722	140
302640.347945133	4124116.35125722	140
302640.567373112	4124115.86870404	140
302640.567373112	4124115.86870404	140
302640.758361543	4124115.30910439	140
302640.758361543	4124115.30910439	140
302640.915170366	4124114.80581933	140
302640.915170366	4124114.80581933	140
302641.114768992	4124114.23491506	140
302641.114768992	4124114.23491506	140
302641.32193413	4124113.608322	140
302641.32193413	4124113.608322	140
302641.491788677	4124112.90489107	140
302641.491788677	4124112.90489107	140
302641.619375287	4124112.291	140
302641.619375287	4124112.291	140
302641.719826922	4124111.6560855	140
302641.719826922	4124111.6560855	140
302641.829149617	4124110.64321708	140
302641.829149617	4124110.64321708	140
302641.929601291	4124109.63055726	140
302641.929601291	4124109.63055726	140
302641.994307844	4124108.60763578	140
302641.994307844	4124108.60763578	140
302641.994307844	4124108.60763578	140
302642.014398202	4124107.57466125	140
302642.014398202	4124107.57466125	140
302642.01126726	4124106.686561	140
302642.00422263	4124105.63202017	140
302642.00422263	4124105.63202017	140
302641.99717799	4124104.95495324	140
302641.99717799	4124104.95495324	140
302641.995612548	4124104.13342923	140
302641.995612548	4124104.13342923	140
302641.995351679	4124103.3673854	140
302641.968999441	4124102.62415943	140
302641.968999441	4124102.62415943	140
302641.961954845	4124101.56961861	140
302641.961954845	4124101.56961861	140
302641.948648318	4124100.62624677	140
302641.948648318	4124100.62624677	140
302641.944473781	4124099.69376238	140
302641.944473781	4124099.69376238	140
302641.931689093	4124098.77258261	140
302641.931689093	4124098.77258261	140
302641.931689218	4124097.64016094	140
302641.931689218	4124097.64016094	140
302641.944213202	4124096.66287521	140
302641.944213202	4124096.66287521	140
302641.966651923	4124095.72976503	140
302641.966651923	4124095.72976503	140
302641.998744471	4124094.83	140
302641.998744471	4124094.83	140
302642.039969022	4124093.94059117	140
302642.039969022	4124093.94059117	140
302642.054058536	4124093.02988167	140
302642.054058536	4124093.02988167	140
302642.042056651	4124092.14199003	140
302642.042056651	4124092.14199003	140
302642.033446627	4124091.39834689	140
302642.033446627	4124091.39834689	140
302642.03422951	4124090.67668723	140
302642.03422951	4124090.67668723	140
302642.03422951	4124090.67668723	140
302642.029272339	4124089.71091473	140
302642.029272339	4124089.71091473	140
302642.031098966	4124088.65616534	140
302642.031098966	4124088.65616534	140
302642.027707282	4124087.75696908	140
302642.027707282	4124087.75696908	140
302642.027446639	4124086.61345138	140
302642.027446639	4124086.61345138	140
302642.032404236	4124085.69185445	140
302642.032404236	4124085.69185445	140
302642.051973081	4124084.63668787	140
302642.051973081	4124084.63668787	140
302642.072063762	4124083.60371338	140
302642.072063762	4124083.60371338	140
302642.085370661	4124082.65971578	140
302642.085370661	4124082.65971578	140
302642.062671394	4124081.69436048	140
302642.062671394	4124081.69436048	140
302642.0436	4124080.88434971	140
302642.0436	4124080.88434971	140
302642.011532716	4124079.89701094	140
302642.011532716	4124079.89701094	140
302642.006836556	4124078.94233449	140
302642.006836556	4124078.94233449	140
302642.002140407	4124077.98765805	140
302642.002140407	4124077.98765805	140
302641.995617889	4124076.95530935	140
302641.995617889	4124076.95530935	140
302642.006315749	4124075.90035138	140
302642.002663268	4124074.99005909	140
302642.020144828	4124074.224	140
302642.020144828	4124074.224	140
302642.0251	4124073.30200119	140
302642.0251	4124073.30200119	140
302642.04493247	4124072.25793068	140
302642.04493247	4124072.25793068	140
302642.065023316	4124071.2249562	140
302642.065023316	4124071.2249562	140
302642.095289828	4124070.24725332	140
302642.095289828	4124070.24725332	140
302642.134427461	4124069.26934185	140
302642.134427461	4124069.26934185	140
302642.1584	4124068.40280794	140
302642.1584	4124068.40280794	140
302642.199396039	4124067.50256874	140
302642.199396039	4124067.50256874	140
302642.213746775	4124066.60295531	140
302642.240882457	4124065.49209999	140
302642.240882457	4124065.49209999	140
302642.262277961	4124064.51460571	140
302642.262277961	4124064.51460571	140
302642.28941368	4124063.40375039	140
302642.28941368	4124063.40375039	140
302642.294371545	4124062.48215349	140
302642.294371545	4124062.48215349	140
302642.300894873	4124061.627	140
302642.300894873	4124061.627	140
302642.316550233	4124060.78299959	140
302642.316550233	4124060.78299959	140
302642.340815804	4124059.92756173	140
302642.340815804	4124059.92756173	140
302642.364820479	4124059.06102784	140
302642.364820479	4124059.06102784	140
302642.383084959	4124058.327855	140
302642.383084959	4124058.327855	140
302642.385172891	4124057.28420169	140
302642.385172891	4124057.28420169	140
302642.375780408	4124056.50727047	140
302642.375780408	4124056.50727047	140
302642.353603186	4124055.56410729	140
302642.353603186	4124055.56410729	140
302642.353603186	4124055.56410729	140
302642.317597361	4124054.78780185	140
302642.317597361	4124054.78780185	140
302642.305073988	4124053.87771818	140
302642.305073988	4124053.87771818	140
302642.312641035	4124053.06708167	140
302642.312641035	4124053.06708167	140
302642.319686276	4124052.23425308	140
302642.319686276	4124052.23425308	140
302642.313685869	4124051.224	140
302642.313685869	4124051.224	140
302642.289421414	4124050.192	140
302642.289421414	4124050.192	140
302642.276115354	4124049.24879324	140
302642.276115354	4124049.24879324	140
302642.287857223	4124048.23821947	140
302642.287857223	4124048.23821947	140
302642.306121801	4124047.50504663	140
302642.306121801	4124047.50504663	140
302642.306122323	4124046.7500989	140
302642.306122323	4124046.7500989	140
302642.303252864	4124045.87309477	140
302642.303252864	4124045.87309477	140
302642.28342388	4124045.02979593	140
302642.28342388	4124045.02979593	140
302642.268	4124043.99765587	140
302642.268	4124043.99765587	140
302642.261247548	4124042.95421117	140
302642.261247548	4124042.95421117	140
302642.24820245	4124042.02193545	140
302642.24820245	4124042.02193545	140
302642.238027339	4124041.21171613	140
302642.238027339	4124041.21171613	140
302642.21611112	4124040.279649	140
302642.21611112	4124040.279649	140
302642.2093281	4124039.23620432	140
302642.2093281	4124039.23620432	140
302642.211677134	4124038.20364708	140
302642.211677134	4124038.20364708	140
302642.215330713	4124037.22657002	140
302642.215330713	4124037.22657002	140
302642.217418861	4124036.18291675	140
302642.1932	4124035.15098529	140
302642.1932	4124035.15098529	140
302642.181153099	4124034.26309372	140
302642.181153099	4124034.26309372	140
302642.185067623	4124033.29711271	140
302642.185067623	4124033.29711271	140
302642.185067623	4124033.29711271	140
302642.211159856	4124032.51934716	140
302642.211159856	4124032.51934716	140
302642.231772742	4124031.88603867	140
302642.231772742	4124031.88603867	140
302642.231772742	4124031.88603867	140
302642.275085467	4124031.08566386	140
302642.275085467	4124031.08566386	140
302642.326225722	4124030.2406963	140
302642.326225722	4124030.2406963	140
302642.326225722	4124030.2406963	140
302642.3724	4124029.5623779	140
302642.3724	4124029.5623779	140
302642.419374236	4124028.53987376	140
302642.419374236	4124028.53987376	140
302642.451206819	4124027.629	140
302642.451206819	4124027.629	140
302642.476255517	4124026.80659747	140
302642.476255517	4124026.80659747	140
302642.498695167	4124025.8734874	140
302642.498695167	4124025.8734874	140
302642.498695167	4124025.8734874	140
302642.51878668	4124024.840513	140
302642.51878668	4124024.840513	140
302642.522962249	4124023.88562805	140
302642.522962249	4124023.88562805	140
302642.520875733	4124023.04191205	140
302642.520875733	4124023.04191205	140
302642.526877659	4124022.16469936	140
302642.526877659	4124022.16469936	140
302642.518529057	4124021.43215233	140
302642.518529057	4124021.43215233	140
302642.503657828	4124020.42220437	140
302642.503657828	4124020.42220437	140
302642.484089935	4124019.5900016	140
302642.484089935	4124019.5900016	140
302642.461391183	4124018.62464638	140
302642.461391183	4124018.62464638	140
302642.457478369	4124017.70325813	140
302642.457478369	4124017.70325813	140
302642.457218235	4124016.9372144	140
302642.457218235	4124016.9372144	140
302642.471830468	4124016.04869709	140
302642.471830468	4124016.04869709	140
302642.484355079	4124015.44888533	140
302642.484355079	4124015.44888533	140
302642.508099397	4124014.57125546	140
302642.508099397	4124014.57125546	140
302642.50496934	4124013.68315533	140
302642.50496934	4124013.68315533	140
302642.504448336	4124012.90601557	140
302642.504448336	4124012.90601557	140
302642.494795679	4124011.74051452	140
302642.494795679	4124011.74051452	140
302642.489317506	4124010.75255006	140
302642.489317506	4124010.75255006	140
302642.479142649	4124009.94233078	140
302642.479142649	4124009.94233078	140
302642.469750505	4124009.16539961	140
302642.469750505	4124009.16539961	140
302642.465576877	4124008.23291534	140
302642.465576877	4124008.23291534	140
302642.464012297	4124007.41139144	140
302642.464012297	4124007.41139144	140
302642.4692	4124006.50089065	140
302642.4692	4124006.50089065	140
302642.440270874	4124005.64670441	140
302642.440270874	4124005.64670441	140
302642.428008815	4124004.74771685	140
302642.428008815	4124004.74771685	140
302642.422008894	4124003.73756032	140
302642.422008894	4124003.73756032	140
302642.437664886	4124002.89342717	140
302642.437664886	4124002.89342717	140
302642.47367227	4124002.16	140
302642.47367227	4124002.16	140
302642.530292407	4124001.17041264	140
302642.530292407	4124001.17041264	140
302642.565778013	4124000.4146306	140
302642.565778013	4124000.4146306	140
302642.591348844	4123999.61467301	140
302642.591348844	4123999.61467301	140
302642.5997	4123998.83732468	140
302642.5997	4123998.83732468	140
302642.62187825	4123997.89311862	140
302642.62187825	4123997.89311862	140
302642.642491955	4123996.88233634	140
302642.642491955	4123996.88233634	140
302642.649276862	4123996.03841178	140
302642.649276862	4123996.03841178	140
302642.648234208	4123995.23907997	140
302642.6388	4123994.46214882	140
302642.6388	4123994.46214882	140
302642.620839889	4123993.6965223	140
302642.620839889	4123993.6965223	140
302642.610404267	4123992.875207	140
302642.610404267	4123992.875207	140
302642.598142325	4123991.97621945	140
302642.598142325	4123991.97621945	140
302642.612754851	4123991.08770217	140
302642.612754851	4123991.08770217	140
302642.626584678	4123990.16589678	140
302642.626584678	4123990.16589678	140
302642.640153615	4123989.23299536	140
302642.640153615	4123989.23299536	140
302642.653200761	4123988.27790187	140
302642.653200761	4123988.27790187	140
302642.657637632	4123987.334113	140
302642.657637632	4123987.334113	140
302642.667814879	4123986.2569631	140
302642.667814879	4123986.2569631	140
302642.671469066	4123985.27988613	140
302642.671469066	4123985.27988613	140
302642.647205178	4123984.24795474	140
302642.647205178	4123984.24795474	140
302642.615113711	4123983.26061609	140
302642.615113711	4123983.26061609	140
302642.577281875	4123982.40663846	140
302642.577281875	4123982.40663846	140
302642.529796137	4123981.51958132	140
302642.529796137	4123981.51958132	140
302642.475004615	4123980.69930898	140
302642.475004615	4123980.69930898	140
302642.396991753	4123979.64643706	140
302642.396991753	4123979.64643706	140
302642.285059505	4123978.66097572	140
302642.285059505	4123978.66097572	140
302642.130075756	4123977.7320375	140
302642.130075756	4123977.7320375	140
302641.998574231	4123977.04679491	140
302641.819585859	4123976.22944283	140
302641.567801526	4123975.33608722	140
302641.567801526	4123975.33608722	140
302641.224435191	4123974.32276112	140
302641.224435191	4123974.32276112	140
302640.874806615	4123973.42060398	140
302640.874806615	4123973.42060398	140
302640.564054539	4123972.662	140
302640.564054539	4123972.662	140
302640.319053501	4123972.05700233	140
302640.319053501	4123972.05700233	140
302640.063615803	4123971.38577608	140
302640.063615803	4123971.38577608	140
302640.063615803	4123971.38577608	140
302639.790696559	4123970.72606305	140
302639.790696559	4123970.72606305	140
302639.507862449	4123970.02217448	140
302639.507862449	4123970.02217448	140
302639.253729162	4123969.40642843	140
302639.253729162	4123969.40642843	140
302638.943498629	4123968.66987754	140
302638.943498629	4123968.66987754	140
302638.716239801	4123968.06460176	140
302638.716239801	4123968.06460176	140
302638.442537646	4123967.372	140
302638.442537646	4123967.372	140
302638.158659706	4123966.62332798	140
302638.158659706	4123966.62332798	140
302637.924877727	4123966.11812514	140
302637.924877727	4123966.11812514	140
302637.503235195	4123965.17325273	140
302637.503235195	4123965.17325273	140
302637.127253181	4123964.28281755	140
302637.127253181	4123964.28281755	140
302636.835808369	4123963.59023368	140
302636.552452003	4123962.86415312	140
302636.552452003	4123962.86415312	140
302636.240916492	4123962.07212214	140
302636.240916492	4123962.07212214	140
302635.957820941	4123961.35713763	140
302635.957820941	4123961.35713763	140
302635.720907797	4123960.71878241	140
302635.720907797	4123960.71878241	140
302635.371799997	4123959.83881755	140
302635.371799997	4123959.83881755	140
302635.0328679	4123959.01412428	140
302635.0328679	4123959.01412428	140
302635.0328679	4123959.01412428	140
302634.67332329	4123958.06779182	140
302634.67332329	4123958.06779182	140
302634.362048371	4123957.28685693	140
302634.362048371	4123957.28685693	140
302633.986065736	4123956.39642187	140
302633.986065736	4123956.39642187	140
302633.63826217	4123955.57193725	140
302633.63826217	4123955.57193725	140
302633.32698708	4123954.7910024	140
302633.32698708	4123954.7910024	140
302633.0439	4123954.07601798	140
302633.0439	4123954.07601798	140
302632.788191458	4123953.39369588	140
302632.788191458	4123953.39369588	140
302632.494919589	4123952.6234399	140
302632.494919589	4123952.6234399	140
302632.10823897	4123951.65554126	140
302632.10823897	4123951.65554126	140
302631.825142785	4123950.94055687	140
302631.825142785	4123950.94055687	140
302631.560571757	4123950.25844341	140
302631.560571757	4123950.25844341	140
302631.313482235	4123949.56481671	140
302631.313482235	4123949.56481671	140
302631.103703994	4123948.94802788	140
302631.103703994	4123948.94802788	140
302630.884532668	4123948.30925558	140
302630.884532668	4123948.30925558	140
302630.636399384	4123947.57124476	140
302630.636399384	4123947.57124476	140
302630.3296	4123946.60146878	140
302630.3296	4123946.60146878	140
302630.00315059	4123945.55443777	140
302630.00315059	4123945.55443777	140
302629.732317303	4123944.60601949	140
302629.732317303	4123944.60601949	140
302629.470877032	4123943.67958468	140
302629.470877032	4123943.67958468	140
302629.239703244	4123942.90786859	140
302629.239703244	4123942.90786859	140
302628.951649169	4123941.9820596	140
302628.951649169	4123941.9820596	140
302628.7116	4123941.21055212	140
302628.7116	4123941.21055212	140
302628.462687682	4123940.43925325	140
302628.462687682	4123940.43925325	140
302628.204639101	4123939.65706695	140
302628.204639101	4123939.65706695	140
302627.937458322	4123938.86399322	140
302627.937458322	4123938.86399322	140
302627.614179952	4123937.95011472	140
302627.614179952	4123937.95011472	140
302627.367089824	4123937.25648813	140
302627.367089824	4123937.25648813	140
302627.091298581	4123936.47471906	140
302627.091298581	4123936.47471906	140
302626.69130988	4123935.31839663	140
302626.69130988	4123935.31839663	140
302626.510753955	4123934.81194244	140
302626.510753955	4123934.81194244	140
302626.27279583	4123934.12920331	140
302626.27279583	4123934.12920331	140
302625.959692983	4123933.27059644	140
302625.694077358	4123932.54409899	140
302625.694077358	4123932.54409899	140
302625.4021	4123931.829	140
302625.4021	4123931.829	140
302625.062913957	4123930.99353445	140
302625.062913957	4123930.99353445	140
302624.649878857	4123930.03735796	140
302624.649878857	4123930.03735796	140
302624.313032109	4123929.30143336	140
302624.313032109	4123929.30143336	140
302623.995232419	4123928.62057173	140
302623.995232419	4123928.62057173	140
302623.667778663	4123927.90663062	140
302623.667778663	4123927.90663062	140
302623.4149	4123927.34636517	140
302623.4149	4123927.34636517	140
302623.171249076	4123926.79698715	140
302623.171249076	4123926.79698715	140
302622.936943427	4123926.2695926	140
302622.936943427	4123926.2695926	140
302622.608445811	4123925.51126738	140
302622.608445811	4123925.51126738	140
302622.2998	4123924.84129325	140
302622.2998	4123924.84129325	140
302621.963191838	4123924.11646476	140
302621.963191838	4123924.11646476	140
302621.533718216	4123923.21618581	140
302621.533718216	4123923.21618581	140
302621.243836507	4123922.59017863	140
302621.243836507	4123922.59017863	140
302620.953954758	4123921.96417146	140
302620.953954758	4123921.96417146	140
302620.580317749	4123921.17360125	140
302620.580317749	4123921.17360125	140
302620.273215242	4123920.57020339	140
302620.273215242	4123920.57020339	140
302619.835391875	4123919.69232519	140
302619.835391875	4123919.69232519	140
302619.537943313	4123919.12200686	140
302619.537943313	4123919.12200686	140
302619.249626901	4123918.56257596	140
302619.249626901	4123918.56257596	140
302618.96157138	4123918.01424111	140
302618.96157138	4123918.01424111	140
302618.96157138	4123918.01424111	140
302618.617418036	4123917.34510153	140
302618.617418036	4123917.34510153	140
302618.348148682	4123916.84073362	140
302618.348148682	4123916.84073362	140
302618.041306807	4123916.24843187	140
302618.041306807	4123916.24843187	140
302617.697153327	4123915.57929233	140
302617.697153327	4123915.57929233	140
302617.269766312	4123914.76778185	140
302617.269766312	4123914.76778185	140
302616.88908393	4123914.055	140
302616.88908393	4123914.055	140
302616.572848734	4123913.44080749	140
302616.572848734	4123913.44080749	140
302616.107888994	4123912.54136323	140
302616.107888994	4123912.54136323	140
302615.705549913	4123911.66265077	140
302615.705549913	4123911.66265077	140
302615.431322524	4123910.94745825	140
302615.134133909	4123910.01076226	140
302615.134133909	4123910.01076226	140
302614.939747881	4123909.294	140
302614.939747881	4123909.294	140
302614.695264945	4123908.33355247	140
302614.695264945	4123908.33355247	140
302614.4784	4123907.41717103	140
302614.4784	4123907.41717103	140
302614.260309382	4123906.44530942	140
302614.260309382	4123906.44530942	140
302614.041396409	4123905.4401597	140
302614.041396409	4123905.4401597	140
302614.041396409	4123905.4401597	140
302613.892410335	4123904.76643075	140
302613.892410335	4123904.76643075	140
302613.7045	4123903.9492878	140
302613.7045	4123903.9492878	140
302613.546689596	4123903.27576747	140
302613.546689596	4123903.27576747	140
302613.424839164	4123902.62360475	140
302613.313425599	4123902.03780963	140
302613.313425599	4123902.03780963	140
302613.168352967	4123901.15304739	140
302613.168352967	4123901.15304739	140
302613.011538754	4123900.14643738	140
302613.011538754	4123900.14643738	140
302612.846896969	4123899.18442013	140
302612.846896969	4123899.18442013	140
302612.662946983	4123898.15624391	140
302612.662946983	4123898.15624391	140
302612.478214157	4123897.09477958	140
302612.478214157	4123897.09477958	140
302612.331836723	4123896.15453717	140
302612.331836723	4123896.15453717	140
302612.228511519	4123895.53524534	140
302612.228511519	4123895.53524534	140
302612.099876621	4123894.595	140
302612.099876621	4123894.595	140
302611.978025515	4123893.56494918	140
302611.978025515	4123893.56494918	140
302611.874699774	4123892.56818352	140
302611.874699774	4123892.56818352	140
302611.811817443	4123892.1588819	140
302611.811817443	4123892.1588819	140
302611.679	4123891.41815953	140
302611.679	4123891.41815953	140
302611.49244895	4123890.65649681	140
302611.49244895	4123890.65649681	140
302611.222916993	4123889.764	140
302611.222916993	4123889.764	140
302610.984956646	4123889.08082046	140
302610.984956646	4123889.08082046	140
302610.73734216	4123888.36500222	140
302610.73734216	4123888.36500222	140
302610.396317829	4123887.45154154	140
302610.396317829	4123887.45154154	140
302610.12365499	4123886.80292538	140
302610.12365499	4123886.80292538	140
302609.768019193	4123886.02303439	140
302609.768019193	4123886.02303439	140
302609.440301916	4123885.29799772	140
302609.440301916	4123885.29799772	140
302609.131892811	4123884.63912004	140
302609.131892811	4123884.63912004	140
302608.78721565	4123883.94778874	140
302608.78721565	4123883.94778874	140
302608.3418	4123883.12559986	140
302608.3418	4123883.12559986	140
302607.814761719	4123882.22761635	140
302607.814761719	4123882.22761635	140
302607.342493917	4123881.39495734	140
302607.342493917	4123881.39495734	140
302606.9712	4123880.70425197	140
302606.9712	4123880.70425197	140
302606.488497674	4123879.80522542	140
302606.488497674	4123879.80522542	140
302606.051192957	4123878.94953992	140
302606.051192957	4123878.94953992	140
302605.622498522	4123878.08254977	140
302605.111091877	4123877.09538088	140
302605.111091877	4123877.09538088	140
302604.6934	4123876.31695044	140
302604.6934	4123876.31695044	140
302604.201779432	4123875.41813262	140
302604.201779432	4123875.41813262	140
302604.201779432	4123875.41813262	140
302603.8683	4123874.8264572	140
302603.8683	4123874.8264572	140
302603.590178631	4123874.32229833	140
302603.590178631	4123874.32229833	140
302603.303164572	4123873.81834808	140
302603.303164572	4123873.81834808	140
302603.089469472	4123873.41259316	140
302603.089469472	4123873.41259316	140
302602.783668953	4123872.86467604	140
302602.783668953	4123872.86467604	140
302602.421509177	4123872.18485827	140
302602.421509177	4123872.18485827	140
302602.1162	4123871.65913325	140
302602.1162	4123871.65913325	140
302601.68127346	4123870.90331227	140
302601.68127346	4123870.90331227	140
302601.246577323	4123870.15858734	140
302601.246577323	4123870.15858734	140
302600.7189928	4123869.23841215	140
302600.30308293	4123868.53765416	140
302600.30308293	4123868.53765416	140
302599.756711786	4123867.57351214	140
302599.756711786	4123867.57351214	140
302599.264873178	4123866.66359854	140
302599.264873178	4123866.66359854	140
302598.773034474	4123865.75368498	140
302598.773034474	4123865.75368498	140
302598.346948214	4123864.99765553	140
302597.9211	4123864.25272213	140
302597.9211	4123864.25272213	140
302597.4757	4123863.43053376	140
302597.4757	4123863.43053376	140
302597.0115	4123862.56437853	140
302597.0115	4123862.56437853	140
302596.724010081	4123862.03823642	140
302596.724010081	4123862.03823642	140
302596.445605612	4123861.52298172	140
302596.445605612	4123861.52298172	140
302596.195380803	4123861.07367734	140
302596.195380803	4123861.07367734	140
302595.861921653	4123860.48200221	140
302595.861921653	4123860.48200221	140
302595.509936947	4123859.85745624	140
302595.509936947	4123859.85745624	140
302595.157952193	4123859.23291029	140
302595.157952193	4123859.23291029	140
302594.8798	4123858.72875167	140
302594.8798	4123858.72875167	140
302594.481379383	4123858.01648063	140
302594.481379383	4123858.01648063	140
302594.416670539	4123857.90698072	140
302594.416670539	4123857.90698072	140
302594.073296004	4123857.27113013	140
302594.073296004	4123857.27113013	140
302593.591371412	4123856.40539235	140
302593.591371412	4123856.40539235	140
302593.54466616	4123856.30657121	140
302593.54466616	4123856.30657121	140
302593.239125429	4123855.76975043	140
302593.239125429	4123855.76975043	140
302592.923408549	4123855.17765813	140
302592.923408549	4123855.17765813	140
302592.85843871	4123855.05706219	140
302592.85843871	4123855.05706219	140
302592.385907127	4123854.2133079	140
302592.385907127	4123854.2133079	140
302592.024267725	4123853.5556826	140
302592.024267725	4123853.5556826	140
302591.541559859	4123852.657	140
302591.541559859	4123852.657	140
302591.197402044	4123851.98751823	140
302591.197402044	4123851.98751823	140
302590.734002435	4123851.15465142	140
302590.734002435	4123851.15465142	140
302590.206937632	4123850.257	140
302590.206937632	4123850.257	140
302589.735188425	4123849.44620284	140
302589.735188425	4123849.44620284	140
302589.198991123	4123848.53733297	140
302589.198991123	4123848.53733297	140
302588.763770934	4123847.77041656	140
302588.329594522	4123847.0478843	140
302588.329594522	4123847.0478843	140
302587.848451709	4123846.21543492	140
302587.848451709	4123846.21543492	140
302587.440106279	4123845.45898867	140
302587.440106279	4123845.45898867	140
302587.069594821	4123844.8015722	140
302587.069594821	4123844.8015722	140
302586.626285819	4123844.06815264	140
302586.2372	4123843.37786537	140
302586.2372	4123843.37786537	140
302586.2372	4123843.37786537	140
302585.838557207	4123842.65449866	140
302585.838557207	4123842.65449866	140
302585.532754581	4123842.10658211	140
302585.532754581	4123842.10658211	140
302585.152066669	4123841.39389418	140
302584.751287307	4123840.58175923	140
302584.751287307	4123840.58175923	140
302584.751287307	4123840.58175923	140
302584.398779111	4123839.93502161	140
302584.398779111	4123839.93502161	140
302584.04653183	4123839.29938004	140
302584.04653183	4123839.29938004	140
302583.684630247	4123838.63065902	140
302583.684630247	4123838.63065902	140
302583.684630247	4123838.63065902	140
302583.323511516	4123837.99522612	140
302583.323511516	4123837.99522612	140
302582.850978134	4123837.15147231	140
302582.498469665	4123836.50473477	140
302582.498469665	4123836.50473477	140
302582.118303212	4123835.814	140
302582.118303212	4123835.814	140
302581.637420189	4123834.992886	140
302581.637420189	4123834.992886	140
302581.082695574	4123834.05114578	140
302581.082695574	4123834.05114578	140
302580.592158091	4123833.19671335	140
302580.592158091	4123833.19671335	140
302580.128495553	4123832.35275102	140
302580.128495553	4123832.35275102	140
302579.709189707	4123831.50774548	140
302579.205605033	4123830.4759852	140
302579.205605033	4123830.4759852	140
302578.842136897	4123829.74068815	140
302578.842136897	4123829.74068815	140
302578.459882091	4123828.96142428	140
302578.459882091	4123828.96142428	140
302578.013178932	4123828.08375665	140
302578.013178932	4123828.08375665	140
302577.576129972	4123827.23916851	140
302577.576129972	4123827.23916851	140
302577.09315827	4123826.32904742	140
302577.09315827	4123826.32904742	140
302576.675678693	4123825.56171426	140
302576.675678693	4123825.56171426	140
302576.29551133	4123824.87121876	140
302576.29551133	4123824.87121876	140
302575.878553569	4123824.12607771	140
302575.878553569	4123824.12607771	140
302575.554485021	4123823.55638671	140
302575.554485021	4123823.55638671	140
302575.026373154	4123822.61402089	140
302575.026373154	4123822.61402089	140
302574.553316225	4123821.748	140
302574.553316225	4123821.748	140
302574.07086588	4123820.86014657	140
302574.07086588	4123820.86014657	140
302574.07086588	4123820.86014657	140
302573.615812482	4123820.00487988	140
302573.615812482	4123820.00487988	140
302573.290960702	4123819.40190086	140
302573.290960702	4123819.40190086	140
302572.799638734	4123818.51418072	140
302572.799638734	4123818.51418072	140
302572.437735478	4123817.84546013	140
302572.437735478	4123817.84546013	140
302571.975115307	4123817.04588236	140
302571.975115307	4123817.04588236	140
302571.484837006	4123816.20254643	140
302571.484837006	4123816.20254643	140
302570.995080579	4123815.3814026	140
302570.995080579	4123815.3814026	140
302570.450268933	4123814.4838385	140
302570.450268933	4123814.4838385	140
302569.914589535	4123813.5971618	140
302569.914589535	4123813.5971618	140
302569.42483282	4123812.77601806	140
302569.42483282	4123812.77601806	140
302568.972127428	4123812.02061591	140
302568.972127428	4123812.02061591	140
302568.916811288	4123811.93309958	140
302568.916811288	4123811.93309958	140
302568.509506643	4123811.2210383	140
302568.509506643	4123811.2210383	140
302567.991569614	4123810.334	140
302567.991569614	4123810.334	140
302567.465022088	4123809.45815522	140
302567.465022088	4123809.45815522	140
302567.003444982	4123808.70296183	140
302567.003444982	4123808.70296183	140
302566.5781	4123807.98022192	140
302566.5781	4123807.98022192	140
302566.180485623	4123807.301	140
302566.180485623	4123807.301	140
302565.672463471	4123806.45832189	140
302565.672463471	4123806.45832189	140
302565.293338405	4123805.81221098	140
302565.293338405	4123805.81221098	140
302564.857853099	4123805.03419963	140
302564.857853099	4123805.03419963	140
302564.394187622	4123804.19	140
302564.394187622	4123804.19	140
302563.8747	4123803.237	140
302563.8747	4123803.237	140
302563.438415307	4123802.42526881	140
302563.438415307	4123802.42526881	140
302562.937959048	4123801.52666182	140
302562.937959048	4123801.52666182	140
302562.428109316	4123800.60607145	140
302562.428109316	4123800.60607145	140
302561.96261643	4123799.68443778	140
302561.96261643	4123799.68443778	140
302561.563138093	4123798.927784	140
302561.061637475	4123797.98479296	140
302561.061637475	4123797.98479296	140
302560.579184513	4123797.0968648	140
302560.579184513	4123797.0968648	140
302560.217018484	4123796.41704865	140
302560.217018484	4123796.41704865	140
302559.827194236	4123795.69347437	140
302559.372921192	4123794.87149648	140
302559.372921192	4123794.87149648	140
302558.89933929	4123793.98335973	140
302558.89933929	4123793.98335973	140
302558.390271707	4123793.09605769	140
302558.390271707	4123793.09605769	140
302557.9545	4123792.30695063	140
302557.9545	4123792.30695063	140
302557.871549629	4123792.17567623	140
302557.871549629	4123792.17567623	140
302557.399011432	4123791.3319237	140
302557.399011432	4123791.3319237	140
302556.935605545	4123790.49905856	140
302556.935605545	4123790.49905856	140
302556.546302772	4123789.7976765	140
302556.546302772	4123789.7976765	140
302556.054455522	4123788.88776516	140
302556.054455522	4123788.88776516	140
302555.591832382	4123788.0881882	140
302555.591832382	4123788.0881882	140
302555.064760324	4123787.19020764	140
302555.064760324	4123787.19020764	140
302554.585177204	4123786.42433617	140
302554.585177204	4123786.42433617	140
302554.15125604	4123785.71290154	140
302554.15125604	4123785.71290154	140
302553.708463399	4123785.0016756	140
302553.708463399	4123785.0016756	140
302553.283935508	4123784.312	140
302553.283935508	4123784.312	140
302552.812701479	4123783.52395228	140
302552.812701479	4123783.52395228	140
302552.341467367	4123782.73568018	140
302552.341467367	4123782.73568018	140
302551.888759002	4123781.98027886	140
302551.888759002	4123781.98027886	140
302551.520330346	4123781.41163208	140
302551.520330346	4123781.41163208	140
302551.079625324	4123780.78917454	140
302551.079625324	4123780.78917454	140
302550.449749522	4123780.04904287	140
302550.449749522	4123780.04904287	140
302549.705067262	4123779.33381614	140
302549.705067262	4123779.33381614	140
302548.935075678	4123778.67469567	140
302548.935075678	4123778.67469567	140
302548.165867	4123778.04886339	140
302548.165867	4123778.04886339	140
302547.443103362	4123777.51075605	140
302546.549694651	4123776.88784543	140
302546.549694651	4123776.88784543	140
302546.000185926	4123776.54550189	140
302546.000185926	4123776.54550189	140
302546.000185926	4123776.54550189	140
302545.45172121	4123776.24754253	140
302545.45172121	4123776.24754253	140
302545.45172121	4123776.24754253	140
302544.805409856	4123775.94078269	140
302544.805409856	4123775.94078269	140
302544.231896886	4123775.71002567	140
302544.231896886	4123775.71002567	140
302543.650556528	4123775.524	140
302543.650556528	4123775.524	140
302543.088264053	4123775.39276021	140
302543.088264053	4123775.39276021	140
302542.579983114	4123775.29369493	140
302542.579983114	4123775.29369493	140
302542.134846147	4123775.23755302	140
302542.134846147	4123775.23755302	140
302541.618476817	4123775.17198459	140
302541.618476817	4123775.17198459	140
302541.226829359	4123775.12568665	140
302541.226829359	4123775.12568665	140
302540.959903779	4123775.099	140
302540.959903779	4123775.099	140
302540.764471575	4123775.09215425	140
302540.764471575	4123775.09215425	140
302540.230881424	4123775.04919535	140
302540.230881424	4123775.04919535	140
302539.440542192	4123775.03448054	140
302539.440542192	4123775.03448054	140
302538.5802757	4123775.06581947	140
302538.5802757	4123775.06581947	140
302537.907614092	4123775.14825615	140
302537.907614092	4123775.14825615	140
302537.386027615	4123775.23824117	140
302537.386027615	4123775.23824117	140
302536.8564	4123775.36172303	140
302536.8564	4123775.36172303	140
302536.160209271	4123775.57793836	140
302535.439278704	4123775.87245208	140
302535.439278704	4123775.87245208	140
302535.439278704	4123775.87245208	140
302534.877772659	4123776.15211333	140
302534.877772659	4123776.15211333	140
302534.246861482	4123776.5000204	140
302534.246861482	4123776.5000204	140
302533.791812505	4123776.77717739	140
302533.188037724	4123777.14665053	140
302533.188037724	4123777.14665053	140
302532.312642508	4123777.66684177	140
302532.312642508	4123777.66684177	140
302531.665032839	4123778.05955058	140
302531.665032839	4123778.05955058	140
302530.833733848	4123778.56760246	140
302530.833733848	4123778.56760246	140
302529.949728537	4123779.09909869	140
302529.949728537	4123779.09909869	140
302529.310990496	4123779.49159899	140
302529.310990496	4123779.49159899	140
302528.436639895	4123780.0561748	140
302528.436639895	4123780.0561748	140
302527.588642606	4123780.60902857	140
302527.588642606	4123780.60902857	140
302526.87110623	4123781.04779153	140
302526.87110623	4123781.04779153	140
302526.213320456	4123781.3852293	140
302526.213320456	4123781.3852293	140
302525.296697571	4123781.662	140
302525.296697571	4123781.662	140
302524.572113296	4123781.80131352	140
302524.572113296	4123781.80131352	140
302523.734027987	4123782.0208692	140
302523.734027987	4123782.0208692	140
302522.801228677	4123782.36477714	140
302522.125439289	4123782.69153662	140
302522.125439289	4123782.69153662	140
302521.337715209	4123783.16525784	140
302521.337715209	4123783.16525784	140
302520.490501813	4123783.75140046	140
302520.490501813	4123783.75140046	140
302519.686340339	4123784.28101945	140
302519.686340339	4123784.28101945	140
302518.951583941	4123784.7423926	140
302518.951583941	4123784.7423926	140
302518.129418792	4123785.26133313	140
302518.129418792	4123785.26133313	140
302516.580324797	4123786.19705426	140
302516.580324797	4123786.19705426	140
302515.993250006	4123786.52172712	140
302515.993250006	4123786.52172712	140
302515.099069739	4123786.99795353	140
302515.099069739	4123786.99795353	140
302515.0552	4123787.02118918	140
302515.0552	4123787.02118918	140
302514.256551675	4123787.40635153	140
302514.256551675	4123787.40635153	140
302513.695047047	4123787.68601426	140
302513.116060699	4123787.97719051	140
302513.116060699	4123787.97719051	140
302512.721024379	4123788.16411939	140
302512.721024379	4123788.16411939	140
302512.079938263	4123788.45675673	140
302512.079938263	4123788.45675673	140
302511.316218883	4123788.81889242	140
302511.316218883	4123788.81889242	140
302510.542583921	4123789.13685275	140
302510.542583921	4123789.13685275	140
302510.041351922	4123789.33738245	140
302510.041351922	4123789.33738245	140
302509.099682506	4123789.68150069	140
302509.099682506	4123789.68150069	140
302508.315348852	4123789.9219977	140
302507.371591048	4123790.17734785	140
302507.371591048	4123790.17734785	140
302506.43435511	4123790.33262505	140
302506.43435511	4123790.33262505	140
302505.36143749	4123790.38007288	140
302505.36143749	4123790.38007288	140
302504.747744281	4123790.32789877	140
302504.747744281	4123790.32789877	140
302504.400454224	4123790.28055892	140
302504.400454224	4123790.28055892	140
302503.963144787	4123790.17982618	140
302503.5702	4123790.07804982	140
302503.5702	4123790.07804982	140
302503.04260244	4123789.91282819	140
302503.04260244	4123789.91282819	140
302502.513968221	4123789.70322244	140
302502.513968221	4123789.70322244	140
302501.966807952	4123789.46074607	140
302501.966807952	4123789.46074607	140
302501.445478647	4123789.18435543	140
302501.445478647	4123789.18435543	140
302500.958851706	4123788.8738418	140
302500.958851706	4123788.8738418	140
302500.480051844	4123788.51873531	140
302500.480051844	4123788.51873531	140
302500.009340122	4123788.13013201	140
302500.009340122	4123788.13013201	140
302499.646912749	4123787.81669621	140
302499.646912749	4123787.81669621	140
302499.556110096	4123787.73001523	140
302499.556110096	4123787.73001523	140
302498.983374543	4123787.15507541	140
302498.983374543	4123787.15507541	140
302498.910575764	4123787.07907301	140
302498.910575764	4123787.07907301	140
302498.910575764	4123787.07907301	140
302498.272868437	4123786.38353796	140
302498.272868437	4123786.38353796	140
302498.272868437	4123786.38353796	140
302497.606719245	4123785.6109569	140
302497.606719245	4123785.6109569	140
302496.994320545	4123784.85931555	140
302496.994320545	4123784.85931555	140
302496.692165242	4123784.46674647	140
302496.692165242	4123784.46674647	140
302496.370700622	4123784.00801864	140
302496.370700622	4123784.00801864	140
302495.946689958	4123783.34076222	140
302495.946689958	4123783.34076222	140
302495.640879448	4123782.79284866	140
302495.640879448	4123782.79284866	140
302495.333502424	4123782.17835889	140
302495.333502424	4123782.17835889	140
302495.11901676	4123781.73931836	140
302495.11901676	4123781.73931836	140
302494.792852519	4123781.08086193	140
302494.792852519	4123781.08086193	140
302494.512611784	4123780.48793804	140
302494.512611784	4123780.48793804	140
302494.223760676	4123779.90631895	140
302494.223760676	4123779.90631895	140
302493.878548069	4123779.19279984	140
302493.578736813	4123778.5226212	140
302493.578736813	4123778.5226212	140
302493.185250792	4123777.64370526	140
302493.185250792	4123777.64370526	140
302492.737230776	4123776.71056158	140
302492.737230776	4123776.71056158	140
302492.316869255	4123775.82117585	140
302492.316869255	4123775.82117585	140
302491.887636233	4123774.93199888	140
302491.887636233	4123774.93199888	140
302491.43961595	4123773.99885527	140
302491.43961595	4123773.99885527	140
302491.104579744	4123773.3406077	140
302491.104579744	4123773.3406077	140
302490.741884884	4123772.63860223	140
302490.741884884	4123772.63860223	140
302490.332483084	4123771.83777614	140
302489.785310308	4123770.84035253	140
302489.785310308	4123770.84035253	140
302489.350338413	4123770.08453686	140
302489.350338413	4123770.08453686	140
302488.851177769	4123769.24141411	140
302488.851177769	4123769.24141411	140
302488.555021036	4123768.72658014	140
302488.555021036	4123768.72658014	140
302488.184237627	4123768.058	140
302488.184237627	4123768.058	140
302487.924349792	4123767.57569081	140
302487.924349792	4123767.57569081	140
302487.655068326	4123767.07132669	140
302487.655068326	4123767.07132669	140
302487.376393222	4123766.54497924	140
302487.376393222	4123766.54497924	140
302487.0703	4123765.98596992	140
302487.0703	4123765.98596992	140
302486.76503107	4123765.46024872	140
302486.76503107	4123765.46024872	140
302486.284396053	4123764.64999672	140
302486.284396053	4123764.64999672	140
302485.84968465	4123763.90527725	140
302485.84968465	4123763.90527725	140
302485.322603577	4123763.00730074	140
302485.322603577	4123763.00730074	140
302485.322603577	4123763.00730074	140
302484.758731201	4123762.05467906	140
302484.758731201	4123762.05467906	140
302484.250959329	4123761.22286134	140
302484.250959329	4123761.22286134	140
302483.742926271	4123760.37994761	140
302483.742926271	4123760.37994761	140
302483.188447185	4123759.44930935	140
302483.188447185	4123759.44930935	140
302482.77252252	4123758.749	140
302482.77252252	4123758.749	140
302482.2457	4123757.86167637	140
302482.2457	4123757.86167637	140
302481.838126359	4123757.13852291	140
302481.838126359	4123757.13852291	140
302481.838126359	4123757.13852291	140
302481.365317503	4123756.28367827	140
302481.365317503	4123756.28367827	140
302481.123955129	4123755.83416826	140
302481.123955129	4123755.83416826	140
302480.744	4123755.15477275	140
302480.744	4123755.15477275	140
302480.234176676	4123754.23418695	140
302480.234176676	4123754.23418695	140
302479.7898	4123753.4563884	140
302479.7898	4123753.4563884	140
302479.280470109	4123752.55799473	140
302479.280470109	4123752.55799473	140
302478.790178977	4123751.71466376	140
302478.790178977	4123751.71466376	140
302478.365121061	4123751.00302399	140
302478.365121061	4123751.00302399	140
302477.994597255	4123750.34561191	140
302477.994597255	4123750.34561191	140
302477.661386883	4123749.76503708	140
302477.661386883	4123749.76503708	140
302477.197709785	4123748.92107994	140
302477.197709785	4123748.92107994	140
302476.696457995	4123747.98918954	140
302476.696457995	4123747.98918954	140
302476.250784718	4123747.15591097	140
302476.250784718	4123747.15591097	140
302475.759448594	4123746.26819602	140
302475.759448594	4123746.26819602	140
302475.241759121	4123745.39220339	140
302475.241759121	4123745.39220339	140
302474.742856862	4123744.56017743	140
302474.742856862	4123744.56017743	140
302474.234560849	4123743.70616818	140
302474.234560849	4123743.70616818	140
302473.725742529	4123742.82996688	140
302473.725742529	4123742.82996688	140
302473.356523569	4123742.22803516	140
302473.356523569	4123742.22803516	140
302472.931986978	4123741.53858771	140
302472.931986978	4123741.53858771	140
302472.388465897	4123740.69650963	140
302472.388465897	4123740.69650963	140
302471.792499288	4123739.88897224	140
302471.792499288	4123739.88897224	140
302471.116167223	4123739.06112166	140
302471.116167223	4123739.06112166	140
302470.377995924	4123738.24582849	140
302470.377995924	4123738.24582849	140
302469.838652142	4123737.58128714	140
302469.838652142	4123737.58128714	140
302469.42455317	4123736.95820731	140
302469.42455317	4123736.95820731	140
302468.864071876	4123736.14983507	140
302468.864071876	4123736.14983507	140
302468.864071876	4123736.14983507	140
302468.268626849	4123735.36448998	140
302468.268626849	4123735.36448998	140
302467.709973129	4123734.63379007	140
302467.709973129	4123734.63379007	140
302467.112438996	4123733.75967676	140
302467.112438996	4123733.75967676	140
302466.586659804	4123732.9171815	140
302466.586659804	4123732.9171815	140
302466.0969	4123732.09604327	140
302466.0969	4123732.09604327	140
302465.523879625	4123731.13253548	140
302465.523879625	4123731.13253548	140
302465.034369346	4123730.32249335	140
302465.034369346	4123730.32249335	140
302464.674804084	4123729.75364132	140
302464.674804084	4123729.75364132	140
302464.324110243	4123729.18458054	140
302464.324110243	4123729.18458054	140
302464.001075234	4123728.65927761	140
302464.001075234	4123728.65927761	140
302463.668646482	4123728.11199139	140
302463.668646482	4123728.11199139	140
302463.280116574	4123727.44390139	140
302462.956036972	4123726.87421436	140
302462.956036972	4123726.87421436	140
302462.539586949	4123726.1512705	140
302462.539586949	4123726.1512705	140
302462.0584	4123725.31882768	140
302462.0584	4123725.31882768	140
302461.688421515	4123724.68360832	140
302461.688421515	4123724.68360832	140
302461.373735422	4123724.13590464	140
302461.373735422	4123724.13590464	140
302461.012341836	4123723.4893805	140
302461.012341836	4123723.4893805	140
302460.715137492	4123722.93016327	140
302460.715137492	4123722.93016327	140
302460.464118338	4123722.44757445	140
302460.464118338	4123722.44757445	140
302460.268939226	4123722.07469339	140
302460.268939226	4123722.07469339	140
302460.082109333	4123721.67941148	140
302460.082109333	4123721.67941148	140
302459.8032	4123721.14196881	140
302459.8032	4123721.14196881	140
302459.589203462	4123720.72512116	140
302459.589203462	4123720.72512116	140
302459.143788346	4123719.90293944	140
302459.143788346	4123719.90293944	140
302458.894335758	4123719.48692689	140
302458.894335758	4123719.48692689	140
302458.579388189	4123718.92812727	140
302458.579388189	4123718.92812727	140
302458.347678506	4123718.51169718	140
302458.347678506	4123718.51169718	140
302458.041863476	4123717.96378485	140
302458.041863476	4123717.96378485	140
302457.716738701	4123717.34971385	140
302457.716738701	4123717.34971385	140
302457.716738701	4123717.34971385	140
302457.382481274	4123716.7247556	140
302457.382481274	4123716.7247556	140
302457.122329159	4123716.23127961	140
302457.122329159	4123716.23127961	140
302456.770067558	4123715.59564289	140
302456.770067558	4123715.59564289	140
302456.454336345	4123715.00355523	140
302456.454336345	4123715.00355523	140
302456.203577867	4123714.53206257	140
302456.203577867	4123714.53206257	140
302456.138605092	4123714.41146758	140
302455.869581357	4123713.9182004	140
302455.869581357	4123713.9182004	140
302455.544195161	4123713.29303344	140
302455.544195161	4123713.29303344	140
302455.209676306	4123712.65697923	140
302455.209676306	4123712.65697923	140
302454.921864985	4123712.11974548	140
302454.921864985	4123712.11974548	140
302454.55081558	4123711.44014225	140
302454.55081558	4123711.44014225	140
302454.55081558	4123711.44014225	140
302454.078523948	4123710.60749107	140
302454.078523948	4123710.60749107	140
302453.597099606	4123709.76395264	140
302453.597099606	4123709.76395264	140
302453.023565585	4123708.77825354	140
302453.023565585	4123708.77825354	140
302452.534052942	4123707.96821206	140
302452.534052942	4123707.96821206	140
302452.015836691	4123707.07002865	140
302452.015836691	4123707.07002865	140
302451.600168254	4123706.38037339	140
302451.600168254	4123706.38037339	140
302451.276870537	4123705.84397487	140
302451.276870537	4123705.84397487	140
302450.934785265	4123705.26360978	140
302450.934785265	4123705.26360978	140
302450.50032914	4123704.52998798	140
302450.50032914	4123704.52998798	140
302450.1215	4123703.89497785	140
302450.1215	4123703.89497785	140
302449.789021589	4123703.34769213	140
302449.789021589	4123703.34769213	140
302449.428148595	4123702.7233605	140
302449.428148595	4123702.7233605	140
302449.215747867	4123702.3730893	140
302449.215747867	4123702.3730893	140
