302669.67	4123760.52
302669.648	4123760.019
302669.6259	4123759.517
302669.6039	4123759.016
302669.5819	4123758.515
302669.5598	4123758.014
302669.5378	4123757.512
302669.5157	4123757.011
302669.4937	4123756.51
302669.4717	4123756.008
302669.4496	4123755.507
302669.4276	4123755.006
302669.4056	4123754.504
302669.3835	4123754.003
302669.3615	4123753.502
302669.3394	4123753.001
302669.3174	4123752.499
302669.2954	4123751.998
302669.2733	4123751.497
302669.2513	4123750.995
302669.2293	4123750.494
302669.2072	4123749.993
302669.1852	4123749.491
302669.1631	4123748.99
302669.1411	4123748.489
302669.1191	4123747.988
302669.097	4123747.486
302669.075	4123746.985
302669.053	4123746.484
302669.0309	4123745.982
302669.0089	4123745.481
302668.9869	4123744.98
302668.9648	4123744.479
302668.9428	4123743.977
302668.9207	4123743.476
302668.8987	4123742.975
302668.8767	4123742.473
302668.8546	4123741.972
302668.8326	4123741.471
302668.8106	4123740.969
302668.7885	4123740.468
302668.7665	4123739.967
302668.7444	4123739.466
302668.7224	4123738.964
302668.7004	4123738.463
302668.6783	4123737.962
302668.6563	4123737.46
302668.6343	4123736.959
302668.6122	4123736.458
302668.5902	4123735.956
302668.5681	4123735.455
302668.5461	4123734.954
302668.5241	4123734.453
302668.502	4123733.951
302668.48	4123733.45
302668.3886	4123732.951
302668.2972	4123732.452
302668.2058	4123731.953
302668.1144	4123731.454
302668.023	4123730.955
302667.9316	4123730.456
302667.8402	4123729.957
302667.7488	4123729.458
302667.6574	4123728.959
302667.566	4123728.46
302667.4746	4123727.961
302667.3832	4123727.462
302667.2918	4123726.963
302667.2004	4123726.464
302667.109	4123725.965
302667.0176	4123725.466
302666.9262	4123724.967
302666.8348	4123724.468
302666.7434	4123723.969
302666.652	4123723.47
302666.5606	4123722.971
302666.4692	4123722.472
302666.3778	4123721.973
302666.2864	4123721.474
302666.195	4123720.975
302666.1036	4123720.476
302666.0122	4123719.977
302665.9208	4123719.478
302665.8294	4123718.979
302665.738	4123718.48
302665.6466	4123717.981
302665.5552	4123717.482
302665.4638	4123716.983
302665.3724	4123716.484
302665.281	4123715.985
302665.1896	4123715.486
302665.0982	4123714.987
302665.0068	4123714.488
302664.9154	4123713.989
302664.824	4123713.49
302664.7326	4123712.991
302664.6412	4123712.492
302664.5498	4123711.993
302664.4584	4123711.494
302664.367	4123710.995
302664.2756	4123710.496
302664.1842	4123709.997
302664.0928	4123709.498
302664.0014	4123708.999
302663.91	4123708.5
302663.7612	4123708.019
302663.6123	4123707.538
302663.4635	4123707.057
302663.3146	4123706.576
302663.1658	4123706.095
302663.0169	4123705.614
302662.8681	4123705.133
302662.7192	4123704.652
302662.5704	4123704.171
302662.4215	4123703.69
302662.2727	4123703.209
302662.1238	4123702.728
302661.975	4123702.248
302661.8262	4123701.767
302661.6773	4123701.286
302661.5285	4123700.805
302661.3796	4123700.324
302661.2308	4123699.843
302661.0819	4123699.362
302660.9331	4123698.881
302660.7842	4123698.4
302660.6354	4123697.919
302660.4865	4123697.438
302660.3377	4123696.957
302660.1888	4123696.476
302660.04	4123695.995
302659.8912	4123695.514
302659.7423	4123695.033
302659.5935	4123694.552
302659.4446	4123694.071
302659.2958	4123693.59
302659.1469	4123693.109
302658.9981	4123692.628
302658.8492	4123692.147
302658.7004	4123691.666
302658.5515	4123691.185
302658.4027	4123690.704
302658.2538	4123690.223
302658.105	4123689.743
302657.9562	4123689.262
302657.8073	4123688.781
302657.6585	4123688.3
302657.5096	4123687.819
302657.3608	4123687.338
302657.2119	4123686.857
302657.0631	4123686.376
302656.9142	4123685.895
302656.7654	4123685.414
302656.6165	4123684.933
302656.4677	4123684.452
302656.3188	4123683.971
302656.17	4123683.49
302655.8422	4123683.097
302655.5144	4123682.704
302655.1866	4123682.311
302654.8588	4123681.918
302654.531	4123681.525
302654.2032	4123681.132
302653.8754	4123680.74
302653.5476	4123680.347
302653.2198	4123679.954
302652.892	4123679.561
302652.5641	4123679.168
302652.2363	4123678.775
302651.9085	4123678.382
302651.5807	4123677.989
302651.2529	4123677.596
302650.9251	4123677.203
302650.5973	4123676.81
302650.2695	4123676.417
302649.9417	4123676.024
302649.6139	4123675.631
302649.2861	4123675.239
302648.9583	4123674.846
302648.6305	4123674.453
302648.3027	4123674.06
302647.9749	4123673.667
302647.6471	4123673.274
302647.3193	4123672.881
302646.9915	4123672.488
302646.6637	4123672.095
302646.3359	4123671.702
302646.008	4123671.309
302645.6802	4123670.916
302645.3524	4123670.523
302645.0246	4123670.13
302644.6968	4123669.738
302644.369	4123669.345
302644.0412	4123668.952
302643.7134	4123668.559
302643.3856	4123668.166
302643.0578	4123667.773
302642.73	4123667.38
302642.3674	4123667.028
302642.0047	4123666.677
302641.6421	4123666.325
302641.2795	4123665.974
302640.9168	4123665.622
302640.5542	4123665.271
302640.1916	4123664.919
302639.8289	4123664.567
302639.4663	4123664.216
302639.1037	4123663.864
302638.7411	4123663.513
302638.3784	4123663.161
302638.0158	4123662.809
302637.6532	4123662.458
302637.2905	4123662.106
302636.9279	4123661.755
302636.5653	4123661.403
302636.2026	4123661.052
302635.84	4123660.7
302635.4288	4123660.389
302635.0175	4123660.078
302634.6063	4123659.766
302634.195	4123659.455
302633.7838	4123659.144
302633.3725	4123658.833
302632.9613	4123658.521
302632.55	4123658.21
302632.1388	4123657.899
302631.7275	4123657.588
302631.3163	4123657.276
302630.905	4123656.965
302630.4938	4123656.654
302630.0825	4123656.343
302629.6713	4123656.031
302629.26	4123655.72
302629.26	4123655.72
302628.38	4123655.245
302627.5001	4123654.77
302626.6201	4123654.295
302625.7401	4123653.82
302624.8602	4123653.345
302623.9802	4123652.87
302623.1002	4123652.395
302622.2203	4123651.92
302621.3403	4123651.445
302620.4604	4123650.97
302619.5804	4123650.495
302618.7004	4123650.02
302617.8205	4123649.544
302616.9405	4123649.069
302616.0605	4123648.594
302615.1806	4123648.119
302614.3006	4123647.644
302613.4206	4123647.169
302612.5407	4123646.694
302611.6607	4123646.219
302610.7807	4123645.744
302609.9008	4123645.269
302609.0208	4123644.794
302608.1408	4123644.319
302607.2609	4123643.844
302606.3809	4123643.369
302605.501	4123642.894
302604.621	4123642.419
302603.741	4123641.944
302602.8611	4123641.469
302601.9811	4123640.994
302601.1011	4123640.519
302600.2212	4123640.044
302599.3412	4123639.569
302598.4612	4123639.094
302597.5813	4123638.619
302596.7013	4123638.144
302595.8213	4123637.669
302594.9414	4123637.193
302594.0614	4123636.718
302593.1815	4123636.243
302592.3015	4123635.768
302591.4215	4123635.293
302590.5416	4123634.818
302589.6616	4123634.343
302588.7816	4123633.868
302587.9017	4123633.393
302587.0217	4123632.918
302586.1417	4123632.443
302585.2618	4123631.968
302584.3818	4123631.493
302583.5018	4123631.018
302582.6219	4123630.543
302581.7419	4123630.068
302580.8619	4123629.593
302579.982	4123629.118
302579.102	4123628.643
302578.2221	4123628.168
302577.3421	4123627.693
302576.4621	4123627.218
302575.5822	4123626.743
302574.7022	4123626.268
302573.8222	4123625.793
302572.9423	4123625.317
302572.0623	4123624.842
302571.1823	4123624.367
302570.3024	4123623.892
302569.4224	4123623.417
302568.5424	4123622.942
302567.6625	4123622.467
302566.7825	4123621.992
302565.9025	4123621.517
302565.0226	4123621.042
302564.1426	4123620.567
302563.2627	4123620.092
302562.3827	4123619.617
302561.5027	4123619.142
302560.6228	4123618.667
302559.7428	4123618.192
302558.8628	4123617.717
302557.9829	4123617.242
302557.1029	4123616.767
302556.2229	4123616.292
302555.343	4123615.817
302554.463	4123615.342
302553.583	4123614.867
302552.7031	4123614.392
302551.8231	4123613.917
302550.9431	4123613.442
302550.0632	4123612.966
302549.1832	4123612.491
302548.3033	4123612.016
302547.4233	4123611.541
302546.5433	4123611.066
302545.6634	4123610.591
302544.7834	4123610.116
302543.9034	4123609.641
302543.0235	4123609.166
302542.1435	4123608.691
302541.2635	4123608.216
302540.3836	4123607.741
302539.5036	4123607.266
302538.6236	4123606.791
302537.7437	4123606.316
302536.8637	4123605.841
302535.9838	4123605.366
302535.1038	4123604.891
302534.2238	4123604.416
302533.3439	4123603.941
302532.4639	4123603.466
302531.5839	4123602.991
302530.704	4123602.516
302529.824	4123602.041
302528.944	4123601.566
302528.0641	4123601.09
302527.1841	4123600.615
302526.3041	4123600.14
302525.4242	4123599.665
302524.5442	4123599.19
302523.6642	4123598.715
302522.7843	4123598.24
302521.9043	4123597.765
302521.0244	4123597.29
302520.1444	4123596.815
302519.2644	4123596.34
302519.2644	4123596.34
302518.7768	4123596.175
302518.2891	4123596.011
302517.8014	4123595.846
302517.3138	4123595.682
302516.8261	4123595.517
302516.3385	4123595.352
302515.8508	4123595.188
302515.3632	4123595.023
302514.8755	4123594.858
302514.3878	4123594.694
302513.9002	4123594.529
302513.4125	4123594.364
302512.9249	4123594.2
302512.4372	4123594.035
302511.9496	4123593.87
302511.4619	4123593.706
302510.9742	4123593.541
302510.4866	4123593.376
302509.9989	4123593.212
302509.5113	4123593.047
302509.0236	4123592.883
302508.5359	4123592.718
302508.0483	4123592.553
302507.5606	4123592.389
302507.073	4123592.224
302506.5853	4123592.059
302506.0977	4123591.895
302505.61	4123591.73
302505.1038	4123591.703
302504.5976	4123591.676
302504.0914	4123591.649
302503.5852	4123591.622
302503.079	4123591.596
302502.5728	4123591.569
302502.0666	4123591.542
302501.5603	4123591.515
302501.0541	4123591.488
302500.5479	4123591.461
302500.0417	4123591.434
302499.5355	4123591.407
302499.0293	4123591.38
302498.5231	4123591.353
302498.0169	4123591.327
302497.5107	4123591.3
302497.0045	4123591.273
302496.4983	4123591.246
302495.9921	4123591.219
302495.4859	4123591.192
302494.9797	4123591.165
302494.4734	4123591.138
302493.9672	4123591.111
302493.461	4123591.084
302492.9548	4123591.058
302492.4486	4123591.031
302491.9424	4123591.004
302491.4362	4123590.977
302490.93	4123590.95
302490.4293	4123591.037
302489.9287	4123591.123
302489.428	4123591.21
302488.9273	4123591.297
302488.4267	4123591.383
302487.926	4123591.47
302487.4253	4123591.557
302486.9247	4123591.643
302486.424	4123591.73
302485.9233	4123591.817
302485.4227	4123591.903
302484.922	4123591.99
302484.4213	4123592.077
302483.9207	4123592.163
302483.42	4123592.25
302482.9193	4123592.337
302482.4187	4123592.423
302481.918	4123592.51
302481.4173	4123592.597
302480.9167	4123592.683
302480.416	4123592.77
302479.9153	4123592.857
302479.4147	4123592.943
302478.914	4123593.03
302478.4133	4123593.117
302477.9127	4123593.203
302477.412	4123593.29
302476.9113	4123593.377
302476.4107	4123593.463
302475.91	4123593.55
302475.4381	4123593.755
302474.9662	4123593.961
302474.4942	4123594.166
302474.0223	4123594.372
302473.5504	4123594.577
302473.0785	4123594.782
302472.6065	4123594.988
302472.1346	4123595.193
302471.6627	4123595.398
302471.1908	4123595.604
302470.7188	4123595.809
302470.2469	4123596.015
302469.775	4123596.22
302469.3031	4123596.425
302468.8312	4123596.631
302468.3592	4123596.836
302467.8873	4123597.042
302467.4154	4123597.247
302466.9435	4123597.452
302466.4715	4123597.658
302465.9996	4123597.863
302465.5277	4123598.068
302465.0558	4123598.274
302464.5838	4123598.479
302464.1119	4123598.685
302463.64	4123598.89
302463.2395	4123599.217
302462.8389	4123599.544
302462.4384	4123599.871
302462.0379	4123600.197
302461.6374	4123600.524
302461.2368	4123600.851
302460.8363	4123601.178
302460.4358	4123601.505
302460.0353	4123601.832
302459.6347	4123602.158
302459.2342	4123602.485
302458.8337	4123602.812
302458.4332	4123603.139
302458.0326	4123603.466
302457.6321	4123603.793
302457.2316	4123604.119
302456.8311	4123604.446
302456.4305	4123604.773
302456.03	4123605.1
302455.6374	4123605.434
302455.2447	4123605.768
302454.8521	4123606.103
302454.4595	4123606.437
302454.0668	4123606.771
302453.6742	4123607.105
302453.2816	4123607.439
302452.8889	4123607.774
302452.4963	4123608.108
302452.1037	4123608.442
302451.7111	4123608.776
302451.3184	4123609.111
302450.9258	4123609.445
302450.5332	4123609.779
302450.1405	4123610.113
302449.7479	4123610.447
302449.3553	4123610.782
302448.9626	4123611.116
302448.57	4123611.45
302448.2586	4123611.849
302447.9472	4123612.249
302447.6359	4123612.648
302447.3245	4123613.047
302447.0131	4123613.447
302446.7017	4123613.846
302446.3903	4123614.245
302446.079	4123614.644
302445.7676	4123615.044
302445.4562	4123615.443
302445.1448	4123615.842
302444.8334	4123616.242
302444.5221	4123616.641
302444.2107	4123617.04
302443.8993	4123617.44
302443.5879	4123617.839
302443.2766	4123618.238
302442.9652	4123618.638
302442.6538	4123619.037
302442.3424	4123619.436
302442.031	4123619.836
302441.7197	4123620.235
302441.4083	4123620.634
302441.0969	4123621.033
302440.7855	4123621.433
302440.4741	4123621.832
302440.1628	4123622.231
302439.8514	4123622.631
302439.54	4123623.03
302439.54	4123623.03