302435.7043	4123658.316
302435.9193	4123659.292
302436.1343	4123660.269
302436.3492	4123661.246
302436.5638	4123662.222
302436.7785	4123663.199
302436.9932	4123664.176
302437.2695	4123665.137
302437.5458	4123666.098
302437.8221	4123667.059
302438.1473	4123668.003
302438.5282	4123668.928
302438.909	4123669.852
302439.2899	4123670.777
302439.6607	4123671.706
302440.0315	4123672.634
302440.4027	4123673.563
302440.8323	4123674.466
302441.2618	4123675.369
302441.6913	4123676.272
302442.1206	4123677.175
302442.5499	4123678.078
302442.9795	4123678.981
302443.4182	4123679.88
302443.8561	4123680.779
302444.294	4123681.678
302444.732	4123682.577
302445.1701	4123683.476
302445.6082	4123684.375
302446.0593	4123685.267
302446.528	4123686.151
302446.9969	4123687.034
302447.4657	4123687.917
302447.9349	4123688.8
302448.4041	4123689.683
302448.8733	4123690.566
302449.3448	4123691.448
302449.8163	4123692.33
302450.2878	4123693.212
302450.7593	4123694.094
302451.2309	4123694.976
302451.7149	4123695.851
302452.1998	4123696.725
302452.6847	4123697.6
302453.1696	4123698.474
302453.6546	4123699.349
302454.1397	4123700.223
302454.6479	4123701.084
302455.1532	4123701.947
302455.656	4123702.812
302456.1596	4123703.676
302456.6318	4123704.557
302457.1262	4123705.426
302457.6109	4123706.301
302458.104	4123707.171
302458.5987	4123708.04
302459.0821	4123708.915
302459.5601	4123709.794
302460.0489	4123710.666
302460.5392	4123711.538
302461.0199	4123712.414
302461.5099	4123713.286
302462.0031	4123714.156
302462.4972	4123715.025
302462.9859	4123715.898
302463.4712	4123716.772
302463.9416	4123717.654
302464.4235	4123718.53
302464.9062	4123719.406
302465.388	4123720.282
302465.8701	4123721.158
302466.3526	4123722.034
302466.8353	4123722.91
302467.317	4123723.786
302467.8034	4123724.66
302468.2889	4123725.534
302468.7708	4123726.411
302469.2538	4123727.286
302469.74	4123728.16
302470.2267	4123729.034
302470.7128	4123729.908
302471.1968	4123730.783
302471.6807	4123731.658
302472.1669	4123732.532
302472.6546	4123733.405
302473.1392	4123734.279
302473.623	4123735.154
302474.1093	4123736.028
302474.594	4123736.903
302475.0773	4123737.778
302475.56	4123738.654
302476.0441	4123739.529
302476.5289	4123740.404
302477.0166	4123741.277
302477.5013	4123742.152
302477.987	4123743.026
302478.4718	4123743.9
302478.953	4123744.777
302479.4377	4123745.652
302479.9258	4123746.524
302480.402	4123747.404
302480.8877	4123748.278
302481.3829	4123749.146
302481.8688	4123750.02
302482.3453	4123750.899
302482.8359	4123751.771
302483.3235	4123752.644
302483.8055	4123753.52
302484.2844	4123754.398
302484.7699	4123755.272
302485.2536	4123756.147
302485.7429	4123757.019
302486.2285	4123757.894
302486.7116	4123758.769
302487.1892	4123759.648
302487.6711	4123760.524
302488.1591	4123761.397
302488.6458	4123762.27
302489.1327	4123763.144
302489.6172	4123764.018
302490.1032	4123764.892
302490.5882	4123765.767
302491.0757	4123766.64
302491.5537	4123767.518
302492.0377	4123768.393
302492.5307	4123769.263
302493.0126	4123770.139
302493.4921	4123771.017
302493.9769	4123771.892
302494.4584	4123772.768
302494.954	4123773.636
302495.453	4123774.503
302495.9488	4123775.371
302496.43	4123776.248
302496.9573	4123777.097
302497.4461	4123777.97
302497.9311	4123778.844
302498.4171	4123779.718
302498.9028	4123780.592
302499.3885	4123781.467
302499.8745	4123782.34
302500.3606	4123783.214
302500.8467	4123784.088
302501.3323	4123784.962
302501.818	4123785.837
302502.3037	4123786.711
302502.7895	4123787.585
302503.2753	4123788.459
302503.7611	4123789.333
302504.2468	4123790.207
302504.7325	4123791.081
302505.2181	4123791.955
302505.7041	4123792.829
302506.19	4123793.703
302506.6759	4123794.577
302507.1617	4123795.451
302507.6475	4123796.325
302508.1334	4123797.2
302508.619	4123798.074
302509.1025	4123798.949
302509.5736	4123799.831
302510.0416	4123800.714
302510.5121	4123801.597
302510.9829	4123802.479
302511.4675	4123803.353
302511.9527	4123804.228
302512.4369	4123805.103
302512.9221	4123805.977
302513.4071	4123806.852
302513.8914	4123807.727
302514.3759	4123808.601
302514.8611	4123809.476
302515.3454	4123810.351
302515.8305	4123811.225
302516.3152	4123812.1
302516.7999	4123812.975
302517.2843	4123813.849
302517.7693	4123814.724
302518.2545	4123815.598
302518.74	4123816.473
302519.2259	4123817.347
302519.7119	4123818.221
302520.1978	4123819.095
302520.6837	4123819.969
302521.1696	4123820.843
302521.6556	4123821.717
302522.1415	4123822.591
302522.6274	4123823.465
302523.1133	4123824.339
302523.5995	4123825.212
302524.0857	4123826.086
302524.5719	4123826.96
302525.0577	4123827.834
302525.5435	4123828.708
302526.0292	4123829.582
302526.5152	4123830.456
302527.0011	4123831.33
302527.487	4123832.204
302527.973	4123833.078
302528.4589	4123833.952
302528.9448	4123834.826
302529.4307	4123835.7
302529.9167	4123836.574
302530.4026	4123837.448
302530.8885	4123838.322
302531.3744	4123839.196
302531.8604	4123840.07
302532.3465	4123840.944
302532.8327	4123841.818
302533.3189	4123842.692
302533.8048	4123843.566
302534.2908	4123844.44
302534.7767	4123845.314
302535.2626	4123846.188
302535.7485	4123847.062
302536.2345	4123847.936
302536.7203	4123848.81
302537.2063	4123849.684
302537.692	4123850.558
302538.1767	4123851.433
302538.6626	4123852.307
302539.1476	4123853.181
302539.6323	4123854.056
302540.1176	4123854.93
302540.6029	4123855.805
302541.0876	4123856.679
302541.5733	4123857.553
302542.0581	4123858.428
302542.5433	4123859.302
302543.0293	4123860.176
302543.5139	4123861.051
302543.9988	4123861.926
302544.4843	4123862.8
302544.9697	4123863.674
302545.4523	4123864.55
302545.9403	4123865.423
302546.4334	4123866.293
302546.9265	4123867.163
302547.4196	4123868.033
302547.9127	4123868.903
302548.4058	4123869.773
302548.8989	4123870.643
302549.392	4123871.513
302549.8851	4123872.383
302550.3782	4123873.253
302550.8713	4123874.123
302551.3644	4123874.993
302551.8577	4123875.862
302552.3511	4123876.732
302552.8445	4123877.602
302553.3376	4123878.472
302553.8307	4123879.342
302554.3238	4123880.212
302554.8169	4123881.082
302555.31	4123881.952
302555.8031	4123882.822
302556.2964	4123883.692
302556.7896	4123884.562
302557.2829	4123885.432
302557.776	4123886.301
302558.2691	4123887.171
302558.7622	4123888.041
302559.255	4123888.912
302559.7408	4123889.786
302560.2265	4123890.66
302560.7122	4123891.534
302561.1981	4123892.408
302561.6839	4123893.282
302562.1678	4123894.157
302562.6458	4123895.035
302563.1238	4123895.914
302563.6019	4123896.792
302564.0801	4123897.67
302564.5605	4123898.547
302565.0476	4123899.421
302565.5347	4123900.294
302566.0215	4123901.168
302566.5082	4123902.041
302566.9936	4123902.915
302567.4788	4123903.79
302567.9637	4123904.664
302568.4464	4123905.54
302568.913	4123906.425
302569.3796	4123907.309
302569.8462	4123908.194
302570.3127	4123909.078
302570.7791	4123909.963
302571.2455	4123910.847
302571.7042	4123911.736
302572.1592	4123912.626
302572.6143	4123913.517
302573.0678	4123914.408
302573.5213	4123915.299
302573.9747	4123916.191
302574.427	4123917.082
302574.8793	4123917.974
302575.3316	4123918.866
302575.7842	4123919.758
302576.2214	4123920.657
302576.6582	4123921.557
302577.095	4123922.456
302577.5279	4123923.358
302577.9605	4123924.259
302578.3931	4123925.161
302578.8237	4123926.064
302579.2515	4123926.967
302579.6789	4123927.871
302580.1063	4123928.776
302580.5274	4123929.683
302580.9471	4123930.59
302581.3664	4123931.498
302581.7846	4123932.406
302582.2026	4123933.315
302582.6115	4123934.227
302583.0143	4123935.143
302583.4171	4123936.058
302583.8108	4123936.977
302584.199	4123937.899
302584.5872	4123938.82
302584.973	4123939.743
302585.3568	4123940.666
302585.7405	4123941.59
302586.1114	4123942.518
302586.4725	4123943.451
302586.8333	4123944.384
302587.1957	4123945.316
302587.5595	4123946.247
302587.9233	4123947.179
302588.2876	4123948.11
302588.6522	4123949.041
302588.9891	4123949.982
302589.3257	4123950.924
302589.6621	4123951.866
302589.9839	4123952.813
302590.3051	4123953.76
302590.6266	4123954.707
302590.9423	4123955.655
302591.2472	4123956.608
302591.5522	4123957.56
302591.8533	4123958.514
302592.1356	4123959.473
302592.4153	4123960.433
302592.695	4123961.393
302592.9749	4123962.353
302593.255	4123963.313
302593.5246	4123964.276
302593.7908	4123965.24
302594.0577	4123966.204
302594.2966	4123967.174
302594.5009	4123968.153
302594.7051	4123969.132
302594.9038	4123970.112
302595.073	4123971.098
302595.2232	4123972.086
302595.3734	4123973.075
302595.509	4123974.066
302595.6287	4123975.058
302595.7484	4123976.051
302595.8574	4123977.045
302595.948	4123978.041
302596.0387	4123979.037
302596.1122	4123980.034
302596.1822	4123981.032
302596.2522	4123982.029
302596.3136	4123983.027
302596.3657	4123984.026
302596.4177	4123985.025
302596.4688	4123986.023
302596.5185	4123987.022
302596.5647	4123988.021
302596.6083	4123989.02
302596.6464	4123990.019
302596.6748	4123991.019
302596.7033	4123992.019
302596.7316	4123993.018
302596.7597	4123994.018
302596.7878	4123995.017
302596.8161	4123996.017
302596.8445	4123997.017
302596.8729	4123998.016
302596.9014	4123999.016
302596.9298	4124000.015
302596.9583	4124001.015
302596.9866	4124002.015
302597.0147	4124003.014
302597.0428	4124004.014
302597.0711	4124005.013
302597.0995	4124006.013
302597.128	4124007.013
302597.1564	4124008.012
302597.1849	4124009.012
302597.2133	4124010.011
302597.2417	4124011.011
302597.2699	4124012.011
302597.2981	4124013.01
302597.3664	4124014.007
302597.4792	4124015
302597.592	4124015.994
302597.7166	4124016.986
302597.8423	4124017.978
302597.968	4124018.97
302598.0904	4124019.963
302598.2105	4124020.956
302598.33	4124021.949
302598.4494	4124022.941
302598.5685	4124023.934
302598.6874	4124024.927
302598.8089	4124025.92
302598.9314	4124026.912
302599.0539	4124027.905
302599.176	4124028.897
302599.2981	4124029.89
302599.4202	4124030.882
302599.5422	4124031.875
302599.6618	4124032.868
302599.7813	4124033.86
302599.9012	4124034.853
302600.0218	4124035.846
302600.1425	4124036.839
302600.2631	4124037.831
302600.3636	4124038.826
302600.4382	4124039.823
302600.4851	4124040.822
302600.505	4124041.822
302600.5249	4124042.821
302600.5418	4124043.821
302600.54	4124044.821
302600.5384	4124045.821
302600.5371	4124046.821
302600.539	4124047.821
302600.5414	4124048.821
302600.5437	4124049.821
302600.5457	4124050.821
302600.5477	4124051.821
302600.5497	4124052.821
302600.5521	4124053.821
302600.5544	4124054.821
302600.9522	4124055.76
302601.6142	4124056.51
302602.2762	4124057.259
302602.9382	4124058.009
302603.6001	4124058.758
302604.0246	4124059.637
302604.0302	4124060.637
302604.0359	4124061.637
302604.0405	4124062.637
302604.0449	4124063.637
302604.0467	4124064.637
302604.0392	4124065.637
302604.0368	4124066.637
302604.0374	4124067.637
302604.0341	4124068.637
302604.0307	4124069.637
302604.0273	4124070.637
302604.0233	4124071.637
302604.0193	4124072.637
302604.0149	4124073.637
302604.0106	4124074.637
302604.0062	4124075.637
302604.0015	4124076.637
302603.9968	4124077.637
302603.9921	4124078.637
302603.9875	4124079.637
302603.9828	4124080.637
302603.9782	4124081.637
302603.9738	4124082.637
302603.9695	4124083.637
302603.9652	4124084.637
302603.9612	4124085.637
302603.9572	4124086.637
302603.9532	4124087.637
302603.9492	4124088.637
302603.9452	4124089.637
302603.9409	4124090.637
302603.9363	4124091.637
302603.9322	4124092.637
302603.9281	4124093.637
302603.9237	4124094.637
302603.932	4124095.636
302603.9483	4124096.636
302603.9647	4124097.636
302603.9809	4124098.636
302603.9969	4124099.636
302604.0129	4124100.636
302604.0292	4124101.636
302604.0455	4124102.636
302604.0619	4124103.635
302604.0783	4124104.635
302604.0947	4124105.635
302604.1029	4124106.135
302604.1833	4124106.627
302604.2875	4124107.116
302604.3916	4124107.605
302604.4958	4124108.094
302604.6	4124108.583
302604.7042	4124109.072
302604.8085	4124109.561
302604.9128	4124110.05
302605.0205	4124110.538
302605.234	4124110.99
302605.4476	4124111.442
302605.6611	4124111.894
302605.8747	4124112.346
302606.0882	4124112.798
302606.3018	4124113.25
302606.5153	4124113.702
302606.7288	4124114.155
302607.0125	4124114.56
302607.3437	4124114.935
302607.6749	4124115.31
302608.006	4124115.684
302608.3372	4124116.059
302608.6684	4124116.433
302609.0017	4124116.806
302609.4143	4124117.088
302609.8268	4124117.371
302610.2394	4124117.653
302610.652	4124117.936
302611.0645	4124118.218
302611.4771	4124118.501
302611.8896	4124118.783
302612.3022	4124119.066
302612.7582	4124119.257
302613.2368	4124119.402
302613.7154	4124119.547
302614.1941	4124119.691
302614.6727	4124119.836
302615.1513	4124119.981
302615.63	4124120.125
302616.127	4124120.146
302616.627	4124120.147
302617.627	4124120.149
302618.627	4124120.151
302619.627	4124120.154
302620.6269	4124120.147
302621.6267	4124120.126
302622.6266	4124120.119
302623.6266	4124120.112
302624.6266	4124120.123
302625.6265	4124120.135
302626.6264	4124120.146
302627.6264	4124120.157
302628.6263	4124120.169
302629.6262	4124120.18
302630.6262	4124120.191
302631.6261	4124120.203
302633.2242	4124120.118
302633.7088	4124119.995
302634.1875	4124119.851
302634.6598	4124119.687
302635.1246	4124119.502
302635.5811	4124119.298
302636.0284	4124119.075
302636.4658	4124118.833
302636.8925	4124118.573
302637.3077	4124118.294
302637.7106	4124117.998
302638.1004	4124117.685
302638.4766	4124117.356
302638.8383	4124117.01
302639.1851	4124116.65
302639.5158	4124116.275
302639.8307	4124115.887
302640.1282	4124115.485
302640.4088	4124115.072
302640.6709	4124114.646
302640.9153	4124114.21
302641.14	4124113.763
302641.3462	4124113.308
302641.532	4124112.843
302641.6986	4124112.372
302641.8441	4124111.894
302641.9526	4124111.253
302641.9707	4124110.254
302641.9866	4124109.254
302642.0012	4124108.254
302642.0099	4124107.254
302642.0167	4124106.254
302642.0235	4124105.254
302642.0311	4124104.254
302642.0378	4124103.254
302642.0444	4124102.254
302642.0518	4124101.254
302642.0587	4124100.254
302642.0654	4124099.254
302642.0725	4124098.254
302642.079	4124097.254
302642.0854	4124096.254
302642.0925	4124095.254
302642.1	4124094.254
302642.1064	4124093.254
302642.1138	4124092.254
302642.1207	4124091.254
302642.1274	4124090.254
302642.1345	4124089.254
302642.1415	4124088.254
302642.1484	4124087.254
302642.1556	4124086.254
302642.162	4124085.254
302642.1685	4124084.254
302642.1765	4124083.254
302642.183	4124082.254
302642.1894	4124081.255
302642.1968	4124080.255
302642.2037	4124079.255
302642.2105	4124078.255
302642.218	4124077.255
302642.2246	4124076.255
302642.2314	4124075.255
302642.2389	4124074.255
302642.246	4124073.255
302642.2536	4124072.255
302642.2609	4124071.255
302642.2682	4124070.255
302642.2756	4124069.255
302642.2829	4124068.255
302642.2905	4124067.255
302642.2974	4124066.255
302642.3049	4124065.255
302642.312	4124064.255
302642.3196	4124063.255
302642.3269	4124062.255
302642.3342	4124061.255
302642.3414	4124060.255
302642.3489	4124059.255
302642.356	4124058.255
302642.3634	4124057.255
302642.3709	4124056.255
302642.378	4124055.255
302642.3856	4124054.255
302642.3929	4124053.255
302642.4002	4124052.255
302642.4078	4124051.255
302642.4145	4124050.255
302642.4211	4124049.255
302642.4271	4124048.255
302642.4347	4124047.255
302642.4408	4124046.255
302642.4469	4124045.255
302642.4541	4124044.255
302642.4608	4124043.255
302642.4669	4124042.256
302642.4743	4124041.256
302642.4806	4124040.256
302642.4852	4124039.256
302642.4874	4124038.256
302642.4934	4124037.256
302642.4956	4124036.256
302642.4984	4124035.256
302642.5044	4124034.256
302642.5066	4124033.256
302642.5084	4124032.256
302642.5144	4124031.256
302642.5169	4124030.256
302642.5194	4124029.256
302642.5253	4124028.256
302642.5267	4124027.256
302642.5276	4124026.256
302642.527	4124025.256
302642.527	4124024.256
302642.5279	4124023.256
302642.5246	4124022.256
302642.523	4124021.756
302642.5138	4124021.256
302642.4887	4124020.757
302642.4588	4124020.258
302642.4119	4124019.76
302642.3564	4124019.263
302642.2938	4124018.767
302642.1939	4124018.277
302642.102	4124017.785
302642.0088	4124017.295
302641.8804	4124016.811
302641.7466	4124016.33
302641.6033	4124015.851
302641.4267	4124015.383
302641.2435	4124014.918
302641.0566	4124014.454
302640.8319	4124014.008
302640.5911	4124013.57
302640.3293	4124013.144
302640.0565	4124012.725
302639.7678	4124012.317
302639.4499	4124011.931
302639.1305	4124011.547
302638.7912	4124011.18
302638.4347	4124010.83
302638.0798	4124010.478
302637.6911	4124010.164
302637.2914	4124009.863
302636.8865	4124009.57
302636.4628	4124009.305
302636.0266	4124009.061
302635.5807	4124008.835
302635.1341	4124008.61
302634.6662	4124008.435
302634.2004	4124008.253
302633.7291	4124008.087
302633.2519	4124007.938
302632.772	4124007.798
302632.2866	4124007.677
302631.7975	4124007.574
302631.3062	4124007.481
302630.8132	4124007.398
302630.317	4124007.337
302629.8192	4124007.29
302629.3211	4124007.247
302628.8221	4124007.218
302628.3225	4124007.199
302627.8232	4124007.174
302626.8248	4124007.123
302625.8249	4124007.114
302624.8249	4124007.105
302623.825	4124007.096
302622.825	4124007.086
302621.8251	4124007.077
302620.8251	4124007.068
302619.8251	4124007.058
302618.8252	4124007.049
302617.8252	4124007.04
302616.8253	4124007.032
302615.8253	4124007.032
302614.8253	4124007.026
302613.8253	4124007.016
302612.826	4124007.037
302611.827	4124007.082
302610.828	4124007.128
302609.829	4124007.173
302608.8301	4124007.218
302607.8311	4124007.264
302606.8321	4124007.309
302605.8331	4124007.354
302605.3537	4124007.469
302604.8901	4124007.656
302604.4266	4124007.843
302603.963	4124008.031
302603.5332	4124008.269
302603.1826	4124008.625
302602.8321	4124008.982
302602.4816	4124009.338
302602.1621	4124009.718
302601.9115	4124010.151
302601.661	4124010.584
302601.4104	4124011.016
302601.2468	4124011.485
302601.12	4124011.969
302600.9932	4124012.452
302600.8664	4124012.936
302600.7708	4124013.421
302600.8387	4124013.917
302600.9065	4124014.412
302600.9744	4124014.908
302601.0421	4124015.403
302600.8129	4124015.807
302600.1446	4124016.551
302599.4763	4124017.295
302598.808	4124018.039
302598.1398	4124018.783
302598.0904	4124019.963
302598.2105	4124020.956
302598.33	4124021.949
302598.4494	4124022.941
302598.5685	4124023.934
302598.6874	4124024.927
302598.8089	4124025.92
302598.9314	4124026.912
302599.0539	4124027.905
302599.176	4124028.897
302599.2981	4124029.89
302599.4202	4124030.882
302599.5422	4124031.875
302599.6618	4124032.868
302599.7813	4124033.86
302599.9012	4124034.853
302600.0218	4124035.846
302600.1425	4124036.839
302600.2631	4124037.831
302600.3636	4124038.826
302600.4382	4124039.823
302600.4851	4124040.822
302600.505	4124041.822
302600.5249	4124042.821
302600.5418	4124043.821
302600.54	4124044.821
302600.5384	4124045.821
302600.5371	4124046.821
302600.539	4124047.821
302600.5414	4124048.821
302600.5437	4124049.821
302600.5457	4124050.821
302600.5477	4124051.821
302600.5497	4124052.821
302600.5521	4124053.821
302600.5544	4124054.821
302600.5567	4124055.821
302600.559	4124056.821
302600.5612	4124057.821
302600.5632	4124058.821
302600.5652	4124059.821
302600.5672	4124060.821
302600.5689	4124061.821
302600.5691	4124062.821
302600.5671	4124063.821
302600.5651	4124064.821
302600.5634	4124065.821
302600.5606	4124066.821
302600.557	4124067.821
302600.5537	4124068.821
302600.5508	4124069.821
302600.5474	4124070.821
302600.5441	4124071.821
302600.5405	4124072.821
302600.5365	4124073.821
302600.5325	4124074.821
302600.5284	4124075.821
302600.5244	4124076.821
302600.5204	4124077.821
302600.5164	4124078.821
302600.5121	4124079.821
302600.5067	4124080.821
302600.5018	4124081.821
302600.4971	4124082.821
302600.4917	4124083.821
302600.4864	4124084.821
302600.4811	4124085.821
302600.4757	4124086.821
302600.4704	4124087.821
302600.4652	4124088.821
302600.4605	4124089.821
302600.4554	4124090.821
302600.4501	4124091.821
302600.4447	4124092.821
302600.4394	4124093.821
302600.435	4124094.821
302600.4339	4124095.821
302600.4325	4124096.821
302600.4312	4124097.821
302600.4301	4124098.821
302600.4291	4124099.821
302600.4281	4124100.821
302600.4268	4124101.821
302600.4255	4124102.821
302600.4242	4124103.821
302600.4228	4124104.821
302600.4215	4124105.821
302600.4201	4124106.821
302600.4188	4124107.821
302600.4175	4124108.821
302600.4161	4124109.821
302600.4151	4124110.821
302600.4141	4124111.821
302600.4131	4124112.821
302600.4118	4124113.821
302600.4104	4124114.821
302600.4091	4124115.821
302600.4078	4124116.821
302600.4064	4124117.821
302600.4051	4124118.821
302600.404	4124119.821
302600.403	4124120.821
302600.402	4124121.821
302600.4007	4124122.821
302600.3994	4124123.821
302600.3981	4124124.821
302600.3967	4124125.821
302600.3954	4124126.821
302600.394	4124127.821
302600.3927	4124128.821
302600.3914	4124129.821
302600.39	4124130.821
302600.389	4124131.821
302600.388	4124132.821
302600.387	4124133.821
302600.3857	4124134.821
302600.3843	4124135.821
302600.383	4124136.821
302600.3817	4124137.821
302600.3803	4124138.821
302600.379	4124139.821
302600.378	4124140.821
302600.377	4124141.821
302600.376	4124142.821
302600.3746	4124143.821
302600.3733	4124144.821
302600.372	4124145.821
302600.3706	4124146.821
302600.3693	4124147.821
302600.368	4124148.821
302600.3669	4124149.821
302600.3659	4124150.821
302600.3649	4124151.821
302600.3655	4124152.821
302600.3673	4124153.821
302600.3635	4124154.821
302600.3599	4124155.821
302600.356	4124156.821
302600.352	4124157.821
302600.3484	4124158.821
302600.3446	4124159.821
302600.3406	4124160.821
302600.3365	4124161.821
302600.3331	4124162.821
302600.3294	4124163.821
302600.3264	4124164.821
302600.3231	4124165.821
302600.3196	4124166.821
302600.3164	4124167.821
302600.3125	4124168.821
302600.3091	4124169.821
302600.3056	4124170.821
302600.3027	4124171.821
302600.2992	4124172.821
302600.2963	4124173.821
302600.293	4124174.821
302600.2897	4124175.821
302600.2864	4124176.821
302600.2831	4124177.821
302600.2793	4124178.821
302600.2764	4124179.821
302600.273	4124180.821
302600.2695	4124181.821
302600.2664	4124182.821
302600.263	4124183.821
302600.2601	4124184.821
302600.2568	4124185.821
302600.2536	4124186.821
302600.2502	4124187.821
302600.2468	4124188.821
302600.2436	4124189.821
302600.2402	4124190.821
302600.2373	4124191.821
302600.2104	4124192.82
302600.1801	4124193.82
302600.1498	4124194.819
302600.12	4124195.819
302600.0894	4124196.818
302600.0597	4124197.818
302600.0289	4124198.817
302599.999	4124199.817
302599.9689	4124200.816
302599.9382	4124201.816
302599.9084	4124202.816
302599.8784	4124203.815
302599.8484	4124204.815
302599.8175	4124205.814
302599.7874	4124206.814
302599.7578	4124207.813
302599.7276	4124208.813
302599.697	4124209.812
302599.6668	4124210.812
302599.6279	4124211.811
302599.5795	4124212.81
302599.5435	4124213.809
302599.5131	4124214.809
302599.4816	4124215.808
302599.451	4124216.808
302599.4195	4124217.807
302599.3888	4124218.807
302599.3579	4124219.806
302599.3266	4124220.806
302599.2958	4124221.805
302599.2644	4124222.805
302599.2335	4124223.804
302599.2027	4124224.804
302599.1713	4124225.803
302599.1407	4124226.803
302599.1091	4124227.803
302599.0783	4124228.802
302599.0474	4124229.802
302599.0162	4124230.801
302598.9851	4124231.801
302598.9741	4124232.831
302598.9826	4124233.331
302598.9736	4124233.831
302598.9469	4124234.33
302598.9027	4124234.828
302598.8411	4124235.324
302598.7619	4124235.818
302598.6654	4124236.308
302598.5516	4124236.795
302598.4208	4124237.278
302598.2731	4124237.755
302598.1087	4124238.228
302597.9278	4124238.694
302597.7306	4124239.153
302597.5174	4124239.605
302597.2884	4124240.05
302597.0438	4124240.486
302596.7841	4124240.913
302596.5096	4124241.331
302596.2205	4124241.739
302595.9172	4124242.136
302595.6001	4124242.523
302595.2696	4124242.898
302594.9262	4124243.261
302594.5701	4124243.612
302594.2019	4124243.95
302593.8221	4124244.276
302593.4311	4124244.587
302593.0293	4124244.885
302592.6173	4124245.168
302592.1956	4124245.436
302591.7647	4124245.69
302591.3252	4124245.928
302590.8775	4124246.151
302590.4223	4124246.358
302589.9601	4124246.548
302589.4915	4124246.723
302589.0171	4124246.88
302588.5373	4124247.021
302588.053	4124247.145
302587.5645	4124247.252
302587.0726	4124247.341
302586.5779	4124247.413
302586.0809	4124247.468
302585.5823	4124247.505
302585.0827	4124247.525
302584.5827	4124247.527
302584.083	4124247.511
302583.5841	4124247.478
302583.0868	4124247.427
302582.5915	4124247.359
302581.1918	4124247.363
302580.1921	4124247.346
302579.1921	4124247.341
302578.1921	4124247.333
302577.1922	4124247.325
302576.1922	4124247.319
302575.1922	4124247.314
302574.1922	4124247.312
302573.1922	4124247.307
302572.1922	4124247.302
302571.1922	4124247.3
302570.1922	4124247.295
302569.1922	4124247.291
302568.1922	4124247.288
302567.1923	4124247.283
302566.1923	4124247.279
302565.1923	4124247.276
302564.1923	4124247.271
302563.1923	4124247.267
302562.1923	4124247.264
302561.1923	4124247.259
302560.1923	4124247.255
302559.1923	4124247.252
302558.1923	4124247.247
302557.1923	4124247.243
302556.1924	4124247.24
302555.1924	4124247.234
302554.1924	4124247.227
302553.1924	4124247.224
302552.1924	4124247.217
302551.1925	4124247.208
302550.1925	4124247.197
302549.1927	4124247.181
302548.1927	4124247.17
302547.194	4124247.128
302546.6963	4124247.08
302546.1986	4124247.032
302545.7	4124246.995
302545.202	4124246.952
302544.7061	4124246.888
302544.2147	4124246.796
302543.724	4124246.7
302543.2358	4124246.593
302542.7512	4124246.47
302542.2672	4124246.345
302541.7858	4124246.21
302541.3175	4124246.035
302540.8499	4124245.858
302540.3823	4124245.681
302539.9218	4124245.487
302539.4727	4124245.267
302539.029	4124245.037
302538.5904	4124244.797
302538.1651	4124244.534
302537.7483	4124244.258
302537.333	4124243.98
302536.9283	4124243.686
302536.5387	4124243.373
302536.1504	4124243.058
302535.7672	4124242.736
302535.4018	4124242.395
302535.0365	4124242.054
302534.6721	4124241.712
302534.3355	4124241.342
302534.019	4124240.955
302533.7033	4124240.567
302533.4003	4124240.17
302533.126	4124239.752
302532.8651	4124239.326
302532.6029	4124238.9
302532.3407	4124238.474
302532.1095	4124238.032
302531.8954	4124237.58
302531.6978	4124237.121
302531.5007	4124236.661
302531.3388	4124236.188
302531.1812	4124235.714
302531.0401	4124235.234
302530.9096	4124234.751
302530.7983	4124234.264
302530.6925	4124233.775
302530.5893	4124233.286
302530.5385	4124232.789
302530.4876	4124232.291
302530.4337	4124231.794
302530.3968	4124231.296
302530.3697	4124230.797
302530.3488	4124230.297
302530.3364	4124229.797
302530.3167	4124228.797
302530.3153	4124227.797
302530.2972	4124226.798
302530.2971	4124225.798
302530.3025	4124224.798
302530.3126	4124223.798
302530.3211	4124222.798
302530.3265	4124221.798
302530.3352	4124220.798
302530.3422	4124219.798
302530.3475	4124218.798
302530.3536	4124217.798
302530.3598	4124216.798
302530.3652	4124215.798
302530.3695	4124214.798
302530.3553	4124213.798
302530.3129	4124212.799
302530.2702	4124211.8
302530.2275	4124210.801
302530.1953	4124209.802
302530.1673	4124208.802
302530.149	4124207.802
302530.1308	4124206.802
302530.113	4124205.802
302530.0951	4124204.803
302530.077	4124203.803
302530.0677	4124202.803
302530.0653	4124201.803
302530.0629	4124200.803
302530.0605	4124199.803
302530.0581	4124198.803
302530.0559	4124197.803
302530.0539	4124196.803
302530.0518	4124195.803
302530.0495	4124194.803
302530.0469	4124193.803
302530.0443	4124192.803
302530.0483	4124191.803
302530.054	4124190.803
302530.0605	4124189.803
302530.0658	4124188.803
302530.0737	4124187.803
302530.0802	4124186.803
302530.0856	4124185.803
302530.0933	4124184.803
302530.1	4124183.803
302530.1053	4124182.803
302530.1122	4124181.803
302530.1204	4124180.803
302530.1279	4124179.803
302530.1359	4124178.803
302530.143	4124177.803
302530.1511	4124176.803
302530.1591	4124175.803
302530.1663	4124174.803
302530.1741	4124173.803
302530.1815	4124172.803
302530.1892	4124171.803
302530.1956	4124170.803
302530.2024	4124169.803
302530.2077	4124168.803
302530.2139	4124167.803
302530.2202	4124166.803
302530.2256	4124165.804
302530.2317	4124164.804
302530.2373	4124163.804
302530.2427	4124162.804
302530.249	4124161.804
302530.2552	4124160.804
302530.2622	4124159.804
302530.2688	4124158.804
302530.2753	4124157.804
302530.2821	4124156.804
302530.2883	4124155.804
302530.2947	4124154.804
302530.3014	4124153.804
302530.308	4124152.804
302530.3149	4124151.804
302530.3215	4124150.804
302530.3297	4124149.804
302530.3377	4124148.804
302530.3441	4124147.804
302530.3506	4124146.804
302530.3585	4124145.804
302530.3654	4124144.804
302530.3724	4124143.804
302530.3798	4124142.804
302530.3899	4124141.804
302530.4602	4124140.807
302530.5305	4124139.809
302530.6007	4124138.812
302530.671	4124137.814
302530.7412	4124136.817
302530.8115	4124135.819
302530.8814	4124134.822
302530.9513	4124133.824
302531.0213	4124132.826
302531.0916	4124131.829
302531.3455	4124130.866
302531.1989	4124131.344
302531.3455	4124130.866
302531.492	4124130.388
302531.6386	4124129.909
302531.7852	4124129.431
302531.9318	4124128.953
302532.1774	4124128.521
302532.4455	4124128.099
302532.7135	4124127.677
302532.9815	4124127.255
302533.2496	4124126.833
302533.5908	4124126.476
302533.9818	4124126.165
302534.3727	4124125.853
302534.7865	4124125.579
302535.2424	4124125.373
302535.6983	4124125.168
302536.1542	4124124.963
302536.611	4124124.76
302537.0805	4124124.588
302537.55	4124124.416
302538.0195	4124124.244
302538.5131	4124124.187
302539.0122	4124124.156
302539.5112	4124124.125
302540.0102	4124124.094
302540.5093	4124124.063
302539.0122	4124124.156
302540.0102	4124124.094
302541.0083	4124124.032
302542.0064	4124123.97
302543.0045	4124123.908
302544.0025	4124123.846
302545.0006	4124123.783
302545.9987	4124123.721
302546.9969	4124123.665
302547.9969	4124123.662
302548.9969	4124123.658
302549.9969	4124123.655
302550.9969	4124123.652
302551.9969	4124123.649
302552.688	4124123.572
302553.4597	4124122.937
302554.2315	4124122.301
302555.0032	4124121.665
302555.7749	4124121.029
302556.5467	4124120.393
302557.3336	4124119.799
302558.3336	4124119.805
302559.3336	4124119.811
302560.3336	4124119.813
302561.3336	4124119.819
302562.3336	4124119.826
302563.3336	4124119.831
302564.3335	4124119.837
302565.3335	4124119.844
302566.3335	4124119.851
302567.3335	4124119.857
302568.3335	4124119.862
302569.3334	4124119.868
302570.3334	4124119.874
302571.3334	4124119.875
302572.3334	4124119.876
302573.3334	4124119.877
302574.3334	4124119.878
302575.0422	4124119.884
302575.5728	4124119.852
302576.0678	4124119.782
302576.5605	4124119.696
302577.0503	4124119.596
302577.5367	4124119.481
302578.0193	4124119.35
302578.4978	4124119.205
302578.9716	4124119.045
302579.4402	4124118.871
302579.9031	4124118.682
302580.36	4124118.479
302580.8106	4124118.262
302581.2544	4124118.032
302581.6906	4124117.788
302582.1191	4124117.53
302582.5395	4124117.26
302582.9517	4124116.976
302583.3547	4124116.681
302583.7483	4124116.372
302584.1323	4124116.052
302584.5064	4124115.72
302584.8704	4124115.378
302585.223	4124115.023
302585.5647	4124114.658
302585.8952	4124114.283
302586.2142	4124113.898
302586.5209	4124113.503
302586.8151	4124113.099
302587.097	4124112.686
302587.3662	4124112.265
302587.6223	4124111.835
302587.8646	4124111.398
302588.0935	4124110.953
302588.3089	4124110.502
302588.5105	4124110.045
302588.6973	4124109.581
302588.8698	4124109.112
302589.028	4124108.637
302589.1718	4124108.159
302589.3005	4124107.675
302589.414	4124107.189
302589.5127	4124106.698
302589.5964	4124106.205
302589.6267	4124105.708
302589.6235	4124105.208
302589.6203	4124104.708
302589.6171	4124104.208
302589.6139	4124103.708
302589.6107	4124103.208
302589.6075	4124102.708
302589.6043	4124102.208
302589.6012	4124101.708
302589.598	4124101.208
302589.5948	4124100.708
302589.5916	4124100.208
302589.5884	4124099.708
302589.5852	4124099.208
302589.4679	4124098.439
302589.4248	4124097.12
302589.4298	4124096.12
302589.4338	4124095.12
302589.4372	4124094.12
302589.4405	4124093.12
302589.4438	4124092.12
302589.4477	4124091.12
302589.4516	4124090.12
302589.4565	4124089.12
302589.4618	4124088.12
302589.4672	4124087.12
302589.4728	4124086.12
302589.4785	4124085.12
302589.4842	4124084.12
302589.4888	4124083.12
302589.4941	4124082.12
302589.4988	4124081.12
302589.5038	4124080.12
302589.5091	4124079.12
302589.5145	4124078.12
302589.5195	4124077.12
302589.5244	4124076.12
302589.5292	4124075.12
302589.5336	4124074.12
302589.5379	4124073.12
302589.5422	4124072.12
302589.5466	4124071.12
302589.5509	4124070.12
302589.5553	4124069.12
302589.5596	4124068.12
302589.5639	4124067.12
302589.5683	4124066.12
302589.5729	4124065.12
302589.578	4124064.12
302589.5833	4124063.12
302589.5883	4124062.12
302589.5933	4124061.12
302589.5983	4124060.12
302589.6034	4124059.12
302589.6085	4124058.12
302589.6136	4124057.12
302589.6186	4124056.12
302589.6236	4124055.12
302589.6285	4124054.121
302589.6329	4124053.121
302589.6372	4124052.121
302589.6416	4124051.121
302589.6459	4124050.121
302589.6502	4124049.121
302589.6542	4124048.121
302589.6589	4124047.121
302589.6636	4124046.121
302589.6683	4124045.121
302589.673	4124044.121
302589.6777	4124043.121
302589.6824	4124042.121
302589.6871	4124041.121
302589.6918	4124040.121
302589.6964	4124039.121
302589.7011	4124038.121
302589.7058	4124037.121
302589.7107	4124036.121
302589.7159	4124035.121
302589.7205	4124034.121
302589.7245	4124033.121
302589.7289	4124032.121
302589.7336	4124031.121
302589.7382	4124030.121
302589.7429	4124029.121
302589.7476	4124028.121
302589.7522	4124027.121
302589.7565	4124026.121
302589.7606	4124025.121
302589.7652	4124024.121
302589.7693	4124023.121
302589.7729	4124022.121
302589.7766	4124021.121
302589.7708	4124020.121
302589.7485	4124019.121
302589.7262	4124018.121
302589.7038	4124017.122
302589.6815	4124016.122
302589.6592	4124015.122
302589.6368	4124014.122
302589.6145	4124013.123
302589.5922	4124012.123
302589.5699	4124011.123
302589.5475	4124010.123
302589.5252	4124009.124
302589.5029	4124008.124
302589.4806	4124007.124
302589.4582	4124006.124
302589.4359	4124005.125
302589.4136	4124004.125
302589.3913	4124003.125
302589.3689	4124002.125
302589.3466	4124001.126
302589.3243	4124000.126
302589.3019	4123999.126
302589.2796	4123998.126
302589.2573	4123997.127
302589.235	4123996.127
302589.2126	4123995.127
302589.1903	4123994.127
302589.168	4123993.128
302589.1457	4123992.128
302589.1233	4123991.128
302589.1009	4123990.128
302589.0678	4123989.129
302589.0297	4123988.13
302588.9917	4123987.13
302588.9534	4123986.131
302588.9116	4123985.132
302588.8566	4123984.134
302588.8016	4123983.135
302588.747	4123982.137
302588.6584	4123981.141
302588.5661	4123980.145
302588.4738	4123979.149
302588.3819	4123978.153
302588.29	4123977.158
302588.1952	4123976.162
302588.0572	4123975.172
302587.9197	4123974.181
302587.7825	4123973.191
302587.6453	4123972.2
302587.4428	4123971.221
302587.2309	4123970.244
302587.019	4123969.267
302586.8071	4123968.289
302586.5951	4123967.312
302586.3601	4123966.341
302586.0817	4123965.38
302585.8034	4123964.42
302585.5251	4123963.459
302585.2469	4123962.499
302584.963	4123961.54
302584.6571	4123960.588
302584.3517	4123959.636
302584.0464	4123958.683
302583.7344	4123957.733
302583.41	4123956.787
302583.0856	4123955.841
302582.761	4123954.896
302582.4326	4123953.951
302582.0914	4123953.011
302581.7503	4123952.071
302581.4092	4123951.131
302581.0679	4123950.191
302580.7001	4123949.261
302580.3258	4123948.334
302579.9515	4123947.407
302579.5774	4123946.479
302579.2033	4123945.552
302578.8293	4123944.624
302578.455	4123943.697
302578.0807	4123942.77
302577.7063	4123941.843
302577.3321	4123940.915
302576.9486	4123939.992
302576.5435	4123939.078
302576.1383	4123938.163
302575.7333	4123937.249
302575.3283	4123936.335
302574.9234	4123935.42
302574.5184	4123934.506
302574.1132	4123933.592
302573.7081	4123932.677
302573.303	4123931.763
302572.8952	4123930.85
302572.462	4123929.949
302572.0287	4123929.048
302571.5955	4123928.146
302571.1625	4123927.245
302570.7295	4123926.344
302570.2965	4123925.442
302569.8628	4123924.541
302569.4134	4123923.648
302568.9618	4123922.756
302568.5098	4123921.864
302568.0585	4123920.971
302567.607	4123920.079
302567.155	4123919.187
302566.7033	4123918.295
302566.2515	4123917.403
302565.792	4123916.514
302565.3311	4123915.627
302564.8698	4123914.74
302564.4089	4123913.852
302563.9481	4123912.965
302563.4871	4123912.077
302563.0257	4123911.19
302562.5643	4123910.303
302562.0878	4123909.424
302561.6078	4123908.547
302561.1278	4123907.669
302560.6478	4123906.792
302560.1676	4123905.915
302559.6875	4123905.038
302559.2073	4123904.16
302558.7271	4123903.283
302558.2469	4123902.406
302557.7611	4123901.532
302557.2751	4123900.658
302556.7888	4123899.784
302556.3024	4123898.911
302555.8162	4123898.037
302555.3305	4123897.163
302554.8442	4123896.289
302554.3577	4123895.415
302553.909	4123894.522
302553.4934	4123893.613
302553.0777	4123892.703
302552.662	4123891.794
302552.2461	4123890.884
302551.8302	4123889.975
302551.4144	4123889.066
302550.9986	4123888.156
302550.5829	4123887.247
302550.1671	4123886.337
302549.7512	4123885.428
302549.3353	4123884.518
302548.9195	4123883.609
302548.5039	4123882.699
302548.0883	4123881.79
302547.6725	4123880.88
302547.2566	4123879.971
302546.8407	4123879.061
302546.4249	4123878.152
302546.0092	4123877.243
302545.5934	4123876.333
302545.1776	4123875.424
302544.7617	4123874.514
302544.3458	4123873.605
302543.9301	4123872.695
302543.5145	4123871.786
302543.0989	4123870.876
302542.6831	4123869.967
302542.2546	4123869.064
302541.7747	4123868.186
302541.2901	4123867.312
302540.8038	4123866.438
302540.3163	4123865.565
302539.8304	4123864.691
302539.3445	4123863.817
302538.857	4123862.944
302538.3707	4123862.07
302537.8847	4123861.196
302537.3987	4123860.322
302536.9128	4123859.448
302536.4268	4123858.574
302535.9411	4123857.7
302535.4556	4123856.825
302534.9697	4123855.951
302534.4837	4123855.078
302533.9983	4123854.203
302533.5211	4123853.324
302533.0354	4123852.45
302532.5496	4123851.576
302532.0638	4123850.702
302531.5782	4123849.828
302531.0925	4123848.954
302530.6068	4123848.08
302530.121	4123847.206
302529.6352	4123846.332
302529.1494	4123845.458
302528.6634	4123844.584
302528.1775	4123843.71
302527.6916	4123842.836
302527.2059	4123841.961
302526.7201	4123841.087
302526.2344	4123840.213
302525.7489	4123839.339
302525.2633	4123838.465
302524.7777	4123837.591
302524.2917	4123836.717
302523.8058	4123835.843
302523.3199	4123834.969
302522.8341	4123834.095
302522.3484	4123833.221
302521.8626	4123832.346
302521.3769	4123831.472
302520.8913	4123830.598
302520.4056	4123829.724
302519.9198	4123828.85
302519.434	4123827.976
302518.9482	4123827.102
302518.4624	4123826.228
302517.9766	4123825.354
302517.4908	4123824.48
302517.0049	4123823.606
302516.5189	4123822.732
302516.0332	4123821.857
302515.5477	4123820.983
302515.0645	4123820.108
302514.5817	4123819.232
302514.0972	4123818.357
302513.6117	4123817.483
302513.1263	4123816.609
302512.6418	4123815.734
302512.1564	4123814.86
302511.6711	4123813.985
302511.1869	4123813.11
302510.7016	4123812.236
302510.2161	4123811.362
302509.7316	4123810.487
302509.2459	4123809.613
302508.7606	4123808.739
302508.2764	4123807.864
302507.791	4123806.989
302507.3054	4123806.115
302506.821	4123805.24
302506.336	4123804.366
302505.8501	4123803.492
302505.3635	4123802.618
302504.8691	4123801.749
302504.3853	4123800.874
302503.9014	4123799.999
302503.4176	4123799.123
302502.9339	4123798.248
302502.4502	4123797.373
302501.9664	4123796.498
302501.4826	4123795.623
302500.9987	4123794.748
302500.5149	4123793.872
302500.0312	4123792.997
302499.5475	4123792.122
302499.0637	4123791.247
302498.5799	4123790.372
302498.096	4123789.496
302497.6121	4123788.621
302497.128	4123787.746
302496.6439	4123786.871
302496.1599	4123785.996
302495.6762	4123785.121
302495.1925	4123784.246
302494.7092	4123783.37
302494.2265	4123782.494
302493.7438	4123781.619
302493.2622	4123780.742
302492.7746	4123779.869
302492.2832	4123778.998
302491.7914	4123778.128
302491.2995	4123777.257
302490.8079	4123776.386
302490.3165	4123775.515
302489.8294	4123774.642
302489.3435	4123773.768
302488.86	4123772.893
302488.3741	4123772.019
302487.8881	4123771.145
302487.4023	4123770.27
302486.9164	4123769.396
302486.4305	4123768.522
302485.9445	4123767.648
302485.4584	4123766.775
302484.9724	4123765.901
302484.4867	4123765.027
302484.0001	4123764.153
302483.5141	4123763.279
302483.0287	4123762.405
302482.5427	4123761.531
302482.0569	4123760.657
302481.5706	4123759.783
302481.0849	4123758.909
302480.5988	4123758.035
302480.1129	4123757.161
302479.6292	4123756.286
302479.1438	4123755.411
302478.6605	4123754.536
302478.1748	4123753.662
302477.6886	4123752.788
302477.2052	4123751.912
302476.7212	4123751.037
302476.2358	4123750.163
302475.7523	4123749.288
302475.2684	4123748.413
302474.7839	4123747.538
302474.3003	4123746.663
302473.8157	4123745.788
302473.3312	4123744.913
302472.8454	4123744.039
302472.3596	4123743.165
302471.8744	4123742.29
302471.389	4123741.416
302470.9033	4123740.542
302470.4186	4123739.667
302469.9326	4123738.793
302469.4468	4123737.919
302468.9622	4123737.045
302468.4766	4123736.17
302467.9907	4123735.296
302467.5054	4123734.422
302467.0197	4123733.548
302466.5338	4123732.674
302466.0483	4123731.8
302465.562	4123730.926
302465.0758	4123730.052
302464.5906	4123729.178
302464.1046	4123728.304
302463.6183	4123727.43
302463.1329	4123726.556
302462.6468	4123725.682
302462.1609	4123724.808
302461.6755	4123723.933
302461.1897	4123723.059
302460.7033	4123722.186
302460.2174	4123721.312
302459.7322	4123720.437
302459.2468	4123719.563
302458.7614	4123718.689
302458.2763	4123717.814
302457.7908	4123716.94
302457.3062	4123716.065
302456.8247	4123715.189
302456.3388	4123714.315
302455.8571	4123713.439
302455.374	4123712.563
302454.8893	4123711.688
302454.408	4123710.812
302453.926	4123709.936
302453.443	4123709.06
302452.9629	4123708.183
302452.4781	4123707.308
302451.9818	4123706.44
302451.4854	4123705.572
302450.9862	4123704.706
302450.4896	4123703.838
302449.972	4123702.982
302449.4532	4123702.127
302448.9343	4123701.272
302448.4006	4123700.427
302447.8522	4123699.591
302447.2888	4123698.764
302446.7185	4123697.943
302446.1466	4123697.123
302445.5729	4123696.304
302444.9923	4123695.489
302444.3861	4123694.694
302443.7352	4123693.935
302443.0844	4123693.176
302442.4335	4123692.417
302441.775	4123691.664
302441.1031	4123690.924
302440.4312	4123690.183
302439.7593	4123689.443
302439.054	4123688.734
302438.346	4123688.028
302437.6295	4123687.331
302436.8628	4123686.689
302436.0961	4123686.047
302435.3295	4123685.404
302434.5631	4123684.762
302433.6992	4123684.262
302432.8227	4123683.781
302431.9462	4123683.299
302431.0592	4123682.838
302430.169	4123682.382
302429.275	4123681.935
302428.3451	4123681.567
302427.4153	4123681.199
302426.4756	4123680.864
302425.4966	4123680.66
302424.5176	4123680.456
302423.5298	4123680.311
302422.5343	4123680.216
302421.5387	4123680.129
302420.5402	4123680.185
302419.5418	4123680.24
302435.7043	4123658.316
