4123688.344	302448.8856
4123688.344	302448.9033
4123688.343	302448.9211
4123688.343	302448.9211
4123688.324	302448.9295
4123688.343	302448.9477
4123688.342	302448.9654
4123688.323	302448.9739
4123688.342	302448.9921
4123688.342	302448.9921
4123688.379	302448.9752
4123688.398	302448.9756
4123688.416	302448.9672
4123688.416	302448.9317
4123688.416	302448.9317
4123688.454	302448.9326
4123688.491	302448.9334
4123688.491	302448.9246
4123688.491	302448.9246
4123688.51	302448.925
4123688.51	302448.925
4123688.528	302448.9254
4123688.547	302448.9259
4123688.565	302448.9263
4123688.584	302448.909
4123688.602	302448.9272
4123688.621	302448.9276
4123688.602	302448.936
4123688.621	302448.9365
4123688.747	302449.0194
4123689.223	302449.2791
4123689.717	302449.5304
4123690.411	302449.884
4123691.344	302450.3675
4123692.24	302450.8147
4123693.373	302451.4006
4123694.822	302451.985
4123696.362	302452.5805
4123698.031	302453.1701
4123699.882	302453.9859
4123701.731	302454.8105
4123703.283	302455.7081
4123704.541	302456.4922
4123705.562	302457.1375
4123706.382	302457.6717
4123707.166	302458.1517
4123708.17	302458.7345
4123709.41	302459.5448
4123710.612	302460.3454
4123711.761	302461.0382
4123712.984	302461.7593
4123714.5	302462.6116
4123715.961	302463.4182
4123717.332	302464.1251
4123718.905	302464.9077
4123720.549	302465.8163
4123722.212	302466.6809
4123723.822	302467.4733
4123725.377	302468.2378
4123726.951	302469.0027
4123728.542	302469.7946
4123730.078	302470.5409
4123731.578	302471.2508
4123733.152	302472.0157
4123734.744	302472.7899
4123736.294	302473.7317
4123737.846	302474.6293
4123739.345	302475.4279
4123740.807	302476.1724
4123742.307	302476.9178
4123743.734	302477.6349
4123744.993	302478.3746
4123746.143	302479.0496
4123747.365	302479.7796
4123748.716	302480.5659
4123750.086	302481.3171
4123751.273	302481.9842
4123752.369	302482.5869
4123753.485	302483.1635
4123754.543	302483.7476
4123755.621	302484.3766
4123756.953	302485.1358
4123758.415	302485.969
4123759.876	302486.7579
4123761.467	302487.5765
4123763.221	302488.4965
4123764.958	302489.3895
4123766.638	302490.3522
4123768.241	302491.3929
4123769.791	302492.4058
4123771.359	302493.3481
4123772.948	302494.2553
4123774.629	302495.1825
4123776.365	302496.111
4123778.084	302496.9947
4123779.708	302497.9472
4123781.296	302498.8633
4123782.867	302499.6991
4123784.4	302500.6228
4123785.896	302501.5456
4123787.538	302502.5252
4123789.236	302503.5149
4123790.897	302504.4682
4123792.503	302505.3936
4123794.11	302506.3191
4123795.735	302507.2183
4123797.47	302508.2533
4123799.278	302509.2545
4123801.031	302510.2543
4123802.71	302511.1992
4123804.411	302512.0647
4123805.999	302513.0075
4123807.441	302513.858
4123808.811	302514.5826
4123810.237	302515.3263
4123811.715	302516.2043
4123813.267	302517.084
4123814.967	302517.9673
4123816.742	302518.8345
4123818.443	302519.6734
4123820.071	302520.4573
4123821.53	302521.3793
4123822.914	302522.2817
4123824.357	302523.1145
4123825.872	302523.9757
4123827.517	302524.8487
4123829.2	302525.6961
4123830.883	302526.4902
4123832.586	302527.2758
4123834.138	302528.1645
4123835.506	302528.9866
4123836.729	302529.6634
4123837.899	302530.3122
4123839.214	302531.0267
4123840.728	302531.9588
4123842.334	302532.9197
4123843.904	302533.7821
4123845.475	302534.6801
4123847.1	302535.6148
4123848.78	302536.5419
4123850.48	302537.4252
4123852.236	302538.2831
4123853.971	302539.3003
4123855.723	302540.3356
4123857.495	302541.2738
4123859.084	302542.1545
4123860.472	302542.9416
4123861.659	302543.5909
4123862.849	302544.1869
4123864.073	302544.7927
4123865.464	302545.4911
4123866.998	302546.3349
4123868.587	302547.2156
4123870.194	302548.1321
4123871.838	302549.0584
4123873.445	302549.9217
4123875.036	302550.7313
4123876.646	302551.5059
4123878.29	302552.4322
4123880.006	302553.4312
4123881.76	302554.3956
4123883.474	302555.4212
4123885.154	302556.4105
4123886.798	302557.3101
4123888.366	302558.2879
4123889.844	302559.1836
4123891.139	302559.942
4123892.273	302560.5545
4123893.332	302561.112
4123894.226	302561.701
4123895.046	302562.2351
4123896.176	302562.9452
4123897.581	302563.8215
4123899.075	302564.7531
4123900.591	302565.6498
4123902.197	302566.5485
4123903.861	302567.4309
4123905.615	302568.3864
4123907.349	302569.3592
4123908.975	302570.2673
4123910.547	302571.1031
4123912.079	302572.0268
4123913.557	302572.9226
4123914.981	302573.7372
4123916.387	302574.5424
4123917.775	302575.3118
4123919.145	302576.0719
4123920.517	302576.7432
4123921.816	302577.3508
4123923.044	302577.8678
4123924.29	302578.3942
4123925.646	302578.9764
4123927.021	302579.5236
4123928.375	302580.1324
4123929.767	302580.7864
4123931.121	302581.3952
4123932.458	302581.9948
4123933.74	302582.5397
4123935.335	302583.1808
4123936.856	302583.8379
4123938.212	302584.3935
4123939.51	302585.0276
4123940.846	302585.6804
4123942.493	302586.4469
4123944.343	302587.2538
4123946.065	302587.9778
4123947.607	302588.5288
4123949.076	302588.9806
4123950.655	302589.5237
4123952.289	302590.0503
4123953.999	302590.5432
4123955.816	302591.1362
4123957.691	302591.6951
4123959.529	302592.2177
4123961.406	302592.6612
4123963.246	302593.0596
4123965.015	302593.3763
4123966.707	302593.8511
4123968.287	302594.3143
4123969.85	302594.7505
4123971.411	302595.2044
4123973.068	302595.5983
4123974.818	302595.9502
4123976.496	302596.176
4123978.25	302596.3504
4123980.19	302596.4848
4123982.131	302596.5748
4123983.999	302596.5921
4123985.771	302596.7492
4123987.562	302596.9422
4123989.369	302597.2066
4123991.152	302597.7101
4123992.916	302598.2398
4123994.756	302598.647
4123996.673	302598.9939
4123998.757	302599.2737
4124000.769	302599.4985
4124002.542	302599.6201
4124004.021	302599.6815
4124005.611	302599.7189
4124007.286	302600.0956
4124008.943	302600.463
4124010.657	302600.7695
4124012.408	302601.0504
4124014.198	302601.2345
4124016.061	302601.4913
4124018.017	302601.7415
4124019.898	302601.981
4124021.491	302602.7374
4124022.686	302603.8307
4124023.775	302604.735
4124024.822	302605.0525
4124025.837	302605.2095
4124026.683	302605.3626
4124027.346	302605.4936
4124027.531	302605.5423
4124027.77	302605.5923
4124028.306	302605.6226
4124028.976	302605.4609
4124029.688	302605.0605
4124030.568	302604.6728
4124031.701	302604.4421
4124032.998	302604.3838
4124034.329	302604.4506
4124035.715	302604.5099
4124036.954	302604.5568
4124037.99	302604.5634
4124038.803	302604.5825
4124039.507	302604.5813
4124040.376	302604.5751
4124041.174	302604.5317
4124041.747	302604.5008
4124042.174	302604.4842
4124042.766	302604.4715
4124043.525	302604.445
4124044.396	302604.4034
4124045.211	302604.3781
4124046.396	302604.335
4124047.967	302604.372
4124049.614	302604.393
4124051.131	302604.402
4124052.427	302604.3703
4124053.685	302604.3733
4124054.96	302604.4299
4124056.274	302604.4874
4124057.457	302604.5064
4124058.549	302604.5143
4124059.733	302604.4712
4124061.16	302604.416
4124062.732	302604.4086
4124064.453	302604.4046
4124066.157	302604.3826
4124067.673	302604.4005
4124069.004	302604.4762
4124070.242	302604.5674
4124071.481	302604.5966
4124072.793	302604.6452
4124074.125	302604.6765
4124075.494	302604.6643
4124076.902	302604.6087
4124078.457	302604.5653
4124080.03	302604.5935
4124081.491	302604.5834
4124082.935	302604.5553
4124084.341	302604.5617
4124085.785	302604.5513
4124087.248	302604.5236
4124088.729	302604.4874
4124090.192	302604.4153
4124091.635	302604.4492
4124093.095	302604.5013
4124094.63	302604.5374
4124096.203	302604.53
4124097.794	302604.5497
4124099.385	302604.5427
4124100.94	302604.5083
4124102.644	302604.4419
4124104.812	302604.2887
4124107.122	302604.485
4124109.176	302605.2168
4124110.986	302606.147
4124112.721	302607.1464
4124114.255	302608.0168
4124115.674	302609.0354
4124116.869	302610.1641
4124117.952	302611.2991
4124118.827	302612.6333
4124119.569	302614.1153
4124119.976	302615.7225
4124120.253	302617.3533
4124120.454	302618.9912
4124120.508	302620.6434
4124120.524	302622.3303
4124120.542	302623.9461
4124120.542	302625.4816
4124120.63	302627.2589
4124120.681	302629.0353
4124120.718	302630.6072
4124120.798	302631.9227
4124120.917	302633.1415
4124121.03	302634.6353
4124120.859	302636.3976
4124120.078	302638.1545
4124119.097	302639.7291
4124117.568	302641.0068
4124115.591	302641.6437
4124113.546	302642.0661
4124111.395	302642.2995
4124109.135	302642.3795
4124106.802	302642.4223
4124104.73	302642.4623
4124102.897	302642.508
4124101.21	302642.6192
4124099.58	302642.6874
4124098.043	302642.74
4124096.58	302642.7944
4124094.857	302642.8692
4124092.874	302643.0268
4124090.947	302643.1323
4124089.134	302643.1163
4124087.451	302643.0768
4124085.823	302643.0829
4124084.213	302643.0894
4124082.472	302643.1372
4124080.751	302643.1145
4124079.124	302643.1206
4124077.494	302643.1444
4124075.774	302643.1483
4124074.017	302643.1159
4124072.297	302643.0932
4124070.649	302643.0989
4124069.113	302643.1249
4124067.649	302643.1792
4124066.187	302643.2158
4124064.707	302643.181
4124062.914	302643.1389
4124060.822	302643.1607
4124058.804	302643.2375
4124056.975	302643.1324
4124055.422	302643.0515
4124054.108	302643.0472
4124052.998	302643.0389
4124051.647	302643.0692
4124050.203	302643.0797
4124048.908	302643.0936
4124047.63	302643.1079
4124046.001	302643.1229
4124044.135	302643.0257
4124042.269	302642.9197
4124040.529	302642.9498
4124038.861	302643.0437
4124037.119	302643.1714
4124035.271	302643.0925
4124033.423	302642.9603
4124031.667	302642.8923
4124029.891	302642.8772
4124028.133	302642.8802
4124026.559	302642.932
4124025.226	302642.9805
4124024.191	302642.9118
4124023.36	302642.8301
4124022.455	302642.7645
4124021.442	302642.5809
4124020.281	302642.3761
4124018.848	302641.9518
4124017.34	302641.517
4124015.908	302641.0306
4124014.589	302640.467
4124013.367	302639.7726
4124012.293	302638.9485
4124011.447	302637.9611
4124010.654	302637.0904
4124009.809	302636.0054
4124008.969	302634.7518
4124008.392	302633.3358
4124007.982	302631.8794
4124007.869	302630.4122
4124008.015	302628.9333
4124008.121	302627.5157
4124008.172	302626.1854
4124008.224	302624.7665
4124008.238	302623.3467
4124008.256	302621.8115
4124008.274	302620.2852
4124008.287	302618.9098
4124008.261	302617.6488
4124008.215	302616.4494
4124008.151	302615.2408
4124008.105	302614.0414
4124008.023	302612.8234
4124007.923	302611.5784
4124007.823	302610.3068
4124007.833	302609.091
4124007.842	302607.9374
4124007.904	302606.8559
4124008.17	302605.8148
4124008.764	302604.9145
4124009.488	302604.044
4124010.655	302603.2104
4124011.951	302602.371
4124013.247	302601.5672
4124014.788	302601.3105
4124016.395	302601.4637
4124017.964	302601.6071
4124019.591	302601.7075
4124021.232	302601.9236
4124022.837	302602.1477
4124024.33	302602.3604
4124025.733	302602.5265
4124027.301	302602.6877
4124029.241	302602.8487
4124031.255	302602.9848
4124033.117	302603.2328
4124034.685	302603.4649
4124035.996	302603.5845
4124037.27	302603.6855
4124038.728	302603.844
4124040.298	302603.9786
4124041.813	302604.0586
4124043.349	302604.0947
4124044.884	302604.0864
4124046.437	302604.1585
4124048.009	302604.1954
4124049.656	302604.1986
4124051.359	302604.1499
4124053.081	302604.0928
4124054.823	302603.9829
4124056.572	302604.3613
4124058.067	302605.3284
4124059.375	302606.3533
4124060.753	302606.7851
4124062.179	302606.7033
4124063.513	302606.6104
4124064.569	302606.5642
4124064.884	302606.5894
4124065.123	302606.595
4124065.498	302606.4263
4124066.045	302605.9599
4124067.135	302605.2754
4124068.571	302604.7944
4124070.203	302604.6553
4124071.995	302604.724
4124073.863	302604.7857
4124075.676	302604.784
4124077.249	302604.7943
4124078.582	302604.7902
4124079.655	302604.771
4124080.581	302604.7396
4124081.506	302604.7613
4124082.469	302604.7484
4124083.485	302604.7724
4124084.596	302604.7452
4124085.968	302604.6532
4124087.302	302604.587
4124088.395	302604.5239
4124089.265	302604.4822
4124090.117	302604.4402
4124091.562	302604.3765
4124093.67	302604.4261
4124095.743	302604.4393
4124097.556	302604.4287
4124099.131	302604.3592
4124100.646	302604.4392
4124102.05	302604.5167
4124103.585	302604.5527
4124105.512	302604.4827
4124107.547	302604.4862
4124109.526	302604.5149
4124111.359	302604.4693
4124113.247	302604.4249
4124115.154	302604.3988
4124117.062	302604.3105
4124119.018	302604.5163
4124120.975	302604.6955
4124122.955	302604.7154
4124124.954	302604.6825
4124126.88	302604.6302
4124128.696	302604.522
4124130.506	302604.6356
4124132.225	302604.7204
4124133.872	302604.7148
4124135.499	302604.7441
4124137.091	302604.7461
4124138.719	302604.7577
4124140.217	302604.7752
4124141.753	302604.7847
4124143.326	302604.7773
4124144.843	302604.7686
4124146.288	302604.7139
4124147.714	302604.6586
4124149.395	302604.7869
4124151.206	302604.8562
4124153.056	302604.8908
4124154.833	302604.8527
4124156.588	302604.9561
4124158.215	302605.0387
4124159.749	302605.0926
4124161.303	302605.1291
4124162.839	302605.1297
4124164.431	302605.0784
4124166.302	302604.9893
4124168.323	302604.8149
4124170.484	302604.9989
4124172.591	302605.084
4124174.683	302605.0444
4124176.776	302604.9871
4124178.85	302604.9027
4124180.796	302604.771
4124182.595	302604.5914
4124183.999	302603.8877
4124185.424	302603.1047
4124187.046	302602.5836
4124188.809	302602.3677
4124190.789	302602.3433
4124192.807	302602.3286
4124194.771	302602.2328
4124196.607	302602.0629
4124198.202	302601.8785
4124199.538	302601.7058
4124200.631	302601.625
4124201.649	302601.6667
4124202.666	302601.7084
4124203.646	302601.7137
4124204.887	302601.6719
4124206.516	302601.6037
4124208.185	302601.4654
4124209.743	302601.3068
4124211.3	302601.1659
4124213.024	302601.0289
4124214.789	302600.7598
4124216.605	302600.6605
4124218.475	302600.5802
4124220.328	302600.4906
4124222.178	302600.5253
4124223.972	302600.5319
4124225.602	302600.4815
4124227.026	302600.4618
4124228.175	302600.4444
4124229.397	302600.3844
4124230.971	302600.3327
4124232.455	302600.1989
4124233.957	302600.0479
4124235.406	302599.8245
4124236.799	302599.591
4124238.507	302599.3383
4124240.355	302598.6717
4124242.233	302597.491
4124243.972	302595.9165
4124245.37	302593.9346
4124246.424	302591.5984
4124246.931	302588.9121
4124247.146	302586.0769
4124247.431	302583.3764
4124247.414	302580.9352
4124247.281	302578.7575
4124247.142	302576.8015
4124246.997	302575.0851
4124246.939	302573.6015
4124246.914	302572.305
4124246.941	302571.1607
4124247.009	302569.8486
4124247.039	302568.5623
4124247.083	302567.4805
4124247.142	302566.5677
4124247.245	302565.3453
4124247.283	302563.713
4124247.266	302562.0706
4124247.244	302560.6411
4124247.275	302559.337
4124247.324	302558.0512
4124247.336	302556.7379
4124247.334	302555.2822
4124247.278	302553.7009
4124247.317	302552.0155
4124247.326	302550.1074
4124247.261	302548.1532
4124247.19	302546.4207
4124247.021	302544.9966
4124246.752	302543.8098
4124246.388	302542.7894
4124245.985	302541.8213
4124245.365	302540.6085
4124244.566	302539.1873
4124243.47	302537.839
4124242.188	302536.4508
4124240.776	302535.1129
4124239.213	302533.94
4124237.438	302533.0817
4124235.491	302532.4944
4124233.426	302532.1796
4124231.23	302531.9326
4124228.882	302531.833
4124226.38	302531.9783
4124223.822	302532.1844
4124221.438	302532.075
4124219.367	302531.9908
4124217.535	302531.9921
4124215.962	302532.0172
4124214.451	302531.7597
4124212.995	302531.477
4124211.39	302531.2706
4124209.432	302531.1535
4124207.267	302531.1736
4124205.06	302531.3613
4124202.836	302531.5131
4124200.661	302531.1956
4124198.446	302530.9571
4124196.116	302530.8668
4124193.747	302530.891
4124191.507	302530.9536
4124189.414	302530.9932
4124187.248	302531.0487
4124184.605	302530.9421
4124181.646	302530.8814
4124178.61	302530.9342
4124175.573	302531.0403
4124172.64	302530.6873
4124169.779	302530.3537
4124167.022	302530.3598
4124164.316	302530.5535
4124161.744	302530.5374
4124159.413	302530.5358
4124157.338	302530.6201
4124155.522	302530.7283
4124153.929	302530.8506
4124152.611	302530.9705
4124151.536	302531.0783
4124150.649	302531.0308
4124149.967	302530.9083
4124149.321	302530.8753
4124148.839	302530.864
4124148.543	302530.8748
4124148.432	302530.8899
4124148.432	302530.8988
4124148.468	302530.9351
4124148.486	302530.9622
4124148.503	302531.007
4124148.502	302531.0247
4124148.521	302531.034
4124148.52	302531.0518
4124148.52	302531.0695
4124148.52	302531.0784
4124148.539	302531.0788
4124148.556	302531.097
4124148.575	302531.0974
4124148.575	302531.0974
4124148.594	302531.0979
4124148.594	302531.0979
4124148.593	302531.1156
4124148.611	302531.116
4124148.611	302531.0983
4124148.594	302531.0801
4124148.594	302531.0801
4124148.612	302531.0805
4124148.317	302531.0736
4124147.097	302531.0005
4124145.691	302530.9586
4124144.433	302531
4124143.265	302531.0613
4124141.858	302531.1169
4124140.026	302531.1182
4124138.118	302531.1621
4124136.415	302531.2285
4124134.951	302531.2917
4124133.672	302531.3859
4124132.422	302531.8446
4124130.885	302532.6783
4124129.271	302533.6433
4124128.059	302534.8308
4124127.01	302536.1375
4124126.402	302537.6321
4124126.01	302539.3271
4124125.71	302541.0952
4124125.464	302542.8735
4124125.236	302544.7055
4124125.233	302546.4096
4124125.326	302547.9739
4124125.271	302549.5171
4124125.235	302551.034
4124125.272	302552.6503
4124125.194	302554.3615
4124125.135	302556.0821
4124125.098	302557.6611
4124125.121	302559.0374
4124125.168	302560.1747
4124125.218	302561.1966
4124125.128	302562.659
4124125.053	302564.317
4124124.573	302565.8146
4124123.769	302566.9674
4124123.005	302567.9524
4124122.423	302569.1103
4124121.931	302570.3414
4124121.829	302571.5816
4124121.779	302572.8941
4124121.71	302574.286
4124121.635	302575.8464
4124121.333	302577.6943
4124120.548	302579.5665
4124119.505	302581.4325
4124118.134	302583.0778
4124116.749	302584.563
4124115.479	302585.8557
4124114.325	302586.9025
4124113.162	302587.5852
4124111.97	302587.93
4124110.647	302588.3249
4124109.248	302588.7802
4124107.72	302589.2324
4124106.027	302589.6542
4124104.153	302589.8497
4124102.173	302589.8742
4124100.193	302589.872
4124098.156	302589.9306
4124096.138	302589.9985
4124094.285	302590.1058
4124092.654	302590.2095
4124091.117	302590.2798
4124089.542	302590.3316
4124087.802	302590.406
4124086.173	302590.4298
4124084.841	302590.3985
4124083.435	302590.3654
4124081.845	302590.3547
4124079.956	302590.399
4124077.937	302590.458
4124075.863	302590.5601
4124073.85	302590.3885
4124071.893	302590.2005
4124069.878	302590.1353
4124067.75	302590.1119
4124065.548	302590.14
4124063.232	302590.2276
4124060.898	302590.3502
4124058.548	302590.3837
4124056.216	302590.4176
4124054.128	302590.2708
4124052.279	302590.2273
4124050.687	302590.2431
4124049.317	302590.2553
4124048.096	302590.2621
4124046.856	302590.2418
4124045.396	302590.2252
4124043.73	302590.2304
4124041.972	302590.2334
4124040.234	302590.1748
4124038.57	302590.1357
4124036.775	302590.1112
4124034.85	302590.1547
4124032.925	302590.1804
4124031.074	302590.2257
4124029.221	302590.3064
4124027.387	302590.4052
4124025.407	302590.4208
4124023.335	302590.4164
4124021.316	302590.4577
4124019.432	302590.3246
4124017.677	302590.239
4124016.087	302590.2016
4124014.699	302590.1867
4124013.569	302590.2134
4124012.682	302590.1925
4124012.09	302590.2141
4124011.645	302590.2303
4124011.368	302590.1971
4124011.295	302590.1599
4124010.758	302590.1828
4124009.353	302590.132
4124007.929	302590.0985
4124006.837	302590.0905
4124005.782	302590.0924
4124004.358	302590.0855
4124002.675	302590.0015
4124000.938	302589.9518
4123999.254	302589.9566
4123997.588	302589.9884
4123995.902	302590.0641
4123994.179	302590.1479
4123992.243	302589.8361
4123990.18	302589.4769
4123988.236	302589.5288
4123986.513	302589.6214
4123985.016	302589.5418
4123983.702	302589.5021
4123982.261	302589.406
4123980.53	302589.099
4123978.65	302588.7708
4123976.754	302588.3445
4123974.879	302587.8388
4123973.002	302587.3864
4123971.032	302586.985
4123968.949	302586.6076
4123966.774	302586.2724
4123964.554	302585.4835
4123962.298	302584.6316
4123960.079	302583.7628
4123957.916	302582.9131
4123955.88	302582.1728
4123953.933	302581.5323
4123951.948	302580.9442
4123949.817	302580.326
4123947.615	302579.5198
4123945.418	302578.5361
4123943.238	302577.5883
4123941.057	302576.7027
4123938.856	302575.8875
4123936.608	302574.6808
4123934.382	302573.3503
4123932.246	302572.1461
4123930.271	302571.1233
4123928.497	302570.2383
4123926.905	302569.4908
4123925.531	302568.8815
4123924.377	302568.4017
4123923.461	302568.034
4123922.801	302567.7522
4123922.378	302567.6002
4123922.195	302567.5515
4123922.195	302567.5515
4123922.25	302567.5794
4123922.25	302567.5794
4123922.268	302567.5976
4123922.267	302567.6065
4123922.267	302567.6065
4123922.267	302567.6065
4123922.267	302567.6065
4123922.286	302567.6246
4123922.286	302567.6246
4123922.285	302567.6424
4123921.974	302567.5108
4123921.259	302567.2454
4123920.307	302566.7792
4123919.265	302566.2488
4123918.113	302565.6802
4123916.447	302564.8955
4123914.324	302563.9047
4123912.201	302562.9316
4123910.317	302561.9996
4123908.711	302561.0299
4123907.325	302560.1718
4123906.121	302559.46
4123905.043	302558.8488
4123903.819	302558.2076
4123902.539	302557.5561
4123901.256	302556.9845
4123899.882	302556.4196
4123898.343	302555.771
4123896.735	302554.952
4123895.107	302554.0882
4123893.425	302553.2498
4123891.722	302552.4997
4123890.072	302551.8395
4123888.458	302551.2068
4123886.901	302550.5933
4123885.379	302549.9805
4123883.783	302549.366
4123882.064	302548.5533
4123880.312	302547.4914
4123878.578	302546.4742
4123876.842	302545.5457
4123875.071	302544.5277
4123873.281	302543.5536
4123871.507	302542.642
4123869.604	302541.7273
4123867.628	302540.7755
4123865.691	302539.7269
4123863.828	302538.7067
4123861.982	302537.7579
4123860.137	302536.7558
4123858.18	302535.7334
4123856.224	302534.7554
4123854.156	302533.7836
4123851.955	302532.1785
4123849.569	302530.569
4123847.14	302529.1716
4123844.672	302527.8975
4123842.108	302526.8164
4123839.636	302525.7108
4123837.278	302524.4659
4123835.067	302523.26
4123833.004	302522.093
4123830.976	302520.9891
4123828.892	302519.9193
4123826.85	302518.5842
4123824.901	302517.3134
4123823.002	302516.1858
4123821.157	302515.2015
4123819.292	302514.2345
4123817.372	302513.2573
4123815.565	302512.2295
4123813.777	302511.1667
4123811.73	302510.08
4123809.554	302508.9814
4123807.247	302507.9152
4123805.154	302506.4192
4123803.13	302505.1555
4123801.138	302504.0878
4123799.107	302503.108
4123796.965	302502.1256
4123794.942	302500.8353
4123792.992	302499.5912
4123791.018	302498.5151
4123788.988	302497.5175
4123786.961	302496.3781
4123784.898	302495.22
4123782.794	302494.1586
4123780.692	302493.044
4123778.591	302491.9294
4123776.396	302490.8481
4123774.053	302489.7544
4123771.734	302488.4838
4123769.433	302487.1869
4123767.149	302485.8905
4123764.925	302484.4979
4123762.736	302483.1859
4123760.598	302482.0261
4123758.534	302480.8946
4123756.541	302479.8713
4123754.605	302478.7517
4123752.688	302477.668
4123750.806	302476.6651
4123748.832	302475.6423
4123746.804	302474.5294
4123744.794	302473.4258
4123742.915	302472.3164
4123741.035	302471.2248
4123739.044	302470.1127
4123737.124	302469.1089
4123735.406	302468.2519
4123733.907	302467.4443
4123732.649	302466.678
4123731.554	302466.0309
4123730.349	302465.319
4123728.779	302464.4122
4123726.953	302463.3928
4123724.504	302462.1191
4123722.122	302460.3056
4123719.861	302458.8943
4123717.741	302457.7348
4123715.726	302456.8708
4123713.989	302456.0133
4123712.49	302455.2146
4123711.193	302454.5273
4123710.058	302453.968
4123709.345	302453.6139
4123709.053	302453.4561
4123709.016	302453.4286
4123709.035	302453.4291
4123709.035	302453.4468
4123709.035	302453.4468
4123709.035	302453.4468
4123709.016	302453.4464
4123709.016	302453.4552
