302435.7043	4123658.316	150
302435.9193	4123659.292	150
302436.1343	4123660.269	150
302436.3492	4123661.246	150
302436.5638	4123662.222	150
302436.7785	4123663.199	150
302436.9932	4123664.176	150
302437.2695	4123665.137	150
302437.5458	4123666.098	150
302437.8221	4123667.059	150
302438.1473	4123668.003	150
302438.5282	4123668.928	150
302438.909	4123669.852	150
302439.2899	4123670.777	150
302439.6607	4123671.706	150
302440.0315	4123672.634	150
302440.4027	4123673.563	150
302440.8323	4123674.466	150
302441.2618	4123675.369	150
302441.6913	4123676.272	150
302442.1206	4123677.175	150
302442.5499	4123678.078	150
302442.9795	4123678.981	150
302443.4182	4123679.88	150
302443.8561	4123680.779	150
302444.294	4123681.678	150
302444.732	4123682.577	150
302445.1701	4123683.476	150
302445.6082	4123684.375	150
302446.0593	4123685.267	150
302446.528	4123686.151	150
302446.9969	4123687.034	150
302447.4657	4123687.917	150
302447.9349	4123688.8	150
302448.4041	4123689.683	150
302448.8733	4123690.566	150
302449.3448	4123691.448	150
302449.8163	4123692.33	150
302450.2878	4123693.212	150
302450.7593	4123694.094	150
302451.2309	4123694.976	150
302451.7149	4123695.851	150
302452.1998	4123696.725	150
302452.6847	4123697.6	150
302453.1696	4123698.474	150
302453.6546	4123699.349	150
302454.1397	4123700.223	150
302454.6479	4123701.084	150
302455.1532	4123701.947	150
302455.656	4123702.812	150
302456.1596	4123703.676	150
302456.6318	4123704.557	150
302457.1262	4123705.426	150
302457.6109	4123706.301	150
302458.104	4123707.171	150
302458.5987	4123708.04	150
302459.0821	4123708.915	150
302459.5601	4123709.794	150
302460.0489	4123710.666	150
302460.5392	4123711.538	150
302461.0199	4123712.414	150
302461.5099	4123713.286	150
302462.0031	4123714.156	150
302462.4972	4123715.025	150
302462.9859	4123715.898	150
302463.4712	4123716.772	150
302463.9416	4123717.654	150
302464.4235	4123718.53	150
302464.9062	4123719.406	150
302465.388	4123720.282	150
302465.8701	4123721.158	150
302466.3526	4123722.034	150
302466.8353	4123722.91	150
302467.317	4123723.786	150
302467.8034	4123724.66	150
302468.2889	4123725.534	150
302468.7708	4123726.411	150
302469.2538	4123727.286	150
302469.74	4123728.16	150
302470.2267	4123729.034	150
302470.7128	4123729.908	150
302471.1968	4123730.783	150
302471.6807	4123731.658	150
302472.1669	4123732.532	150
302472.6546	4123733.405	150
302473.1392	4123734.279	150
302473.623	4123735.154	150
302474.1093	4123736.028	150
302474.594	4123736.903	150
302475.0773	4123737.778	150
302475.56	4123738.654	150
302476.0441	4123739.529	150
302476.5289	4123740.404	150
302477.0166	4123741.277	150
302477.5013	4123742.152	150
302477.987	4123743.026	150
302478.4718	4123743.9	150
302478.953	4123744.777	150
302479.4377	4123745.652	150
302479.9258	4123746.524	150
302480.402	4123747.404	150
302480.8877	4123748.278	150
302481.3829	4123749.146	150
302481.8688	4123750.02	150
302482.3453	4123750.899	150
302482.8359	4123751.771	150
302483.3235	4123752.644	150
302483.8055	4123753.52	150
302484.2844	4123754.398	150
302484.7699	4123755.272	150
302485.2536	4123756.147	150
302485.7429	4123757.019	150
302486.2285	4123757.894	150
302486.7116	4123758.769	150
302487.1892	4123759.648	150
302487.6711	4123760.524	150
302488.1591	4123761.397	150
302488.6458	4123762.27	150
302489.1327	4123763.144	150
302489.6172	4123764.018	150
302490.1032	4123764.892	150
302490.5882	4123765.767	150
302491.0757	4123766.64	150
302491.5537	4123767.518	150
302492.0377	4123768.393	150
302492.5307	4123769.263	150
302493.0126	4123770.139	150
302493.4921	4123771.017	150
302493.9769	4123771.892	150
302494.4584	4123772.768	150
302494.954	4123773.636	150
302495.453	4123774.503	150
302495.9488	4123775.371	150
302496.43	4123776.248	150
302496.9573	4123777.097	150
302497.4461	4123777.97	150
302497.9311	4123778.844	150
302498.4171	4123779.718	150
302498.9028	4123780.592	150
302499.3885	4123781.467	150
302499.8745	4123782.34	150
302500.3606	4123783.214	150
302500.8467	4123784.088	150
302501.3323	4123784.962	150
302501.818	4123785.837	150
302502.3037	4123786.711	150
302502.7895	4123787.585	150
302503.2753	4123788.459	150
302503.7611	4123789.333	150
302504.2468	4123790.207	150
302504.7325	4123791.081	150
302505.2181	4123791.955	150
302505.7041	4123792.829	150
302506.19	4123793.703	150
302506.6759	4123794.577	150
302507.1617	4123795.451	150
302507.6475	4123796.325	150
302508.1334	4123797.2	150
302508.619	4123798.074	150
302509.1025	4123798.949	150
302509.5736	4123799.831	150
302510.0416	4123800.714	150
302510.5121	4123801.597	150
302510.9829	4123802.479	150
302511.4675	4123803.353	150
302511.9527	4123804.228	150
302512.4369	4123805.103	150
302512.9221	4123805.977	150
302513.4071	4123806.852	150
302513.8914	4123807.727	150
302514.3759	4123808.601	150
302514.8611	4123809.476	150
302515.3454	4123810.351	150
302515.8305	4123811.225	150
302516.3152	4123812.1	150
302516.7999	4123812.975	150
302517.2843	4123813.849	150
302517.7693	4123814.724	150
302518.2545	4123815.598	150
302518.74	4123816.473	150
302519.2259	4123817.347	150
302519.7119	4123818.221	150
302520.1978	4123819.095	150
302520.6837	4123819.969	150
302521.1696	4123820.843	150
302521.6556	4123821.717	150
302522.1415	4123822.591	150
302522.6274	4123823.465	150
302523.1133	4123824.339	150
302523.5995	4123825.212	150
302524.0857	4123826.086	150
302524.5719	4123826.96	150
302525.0577	4123827.834	150
302525.5435	4123828.708	150
302526.0292	4123829.582	150
302526.5152	4123830.456	150
302527.0011	4123831.33	150
302527.487	4123832.204	150
302527.973	4123833.078	150
302528.4589	4123833.952	150
302528.9448	4123834.826	150
302529.4307	4123835.7	150
302529.9167	4123836.574	150
302530.4026	4123837.448	150
302530.8885	4123838.322	150
302531.3744	4123839.196	150
302531.8604	4123840.07	150
302532.3465	4123840.944	150
302532.8327	4123841.818	150
302533.3189	4123842.692	150
302533.8048	4123843.566	150
302534.2908	4123844.44	150
302534.7767	4123845.314	150
302535.2626	4123846.188	150
302535.7485	4123847.062	150
302536.2345	4123847.936	150
302536.7203	4123848.81	150
302537.2063	4123849.684	150
302537.692	4123850.558	150
302538.1767	4123851.433	150
302538.6626	4123852.307	150
302539.1476	4123853.181	150
302539.6323	4123854.056	150
302540.1176	4123854.93	150
302540.6029	4123855.805	150
302541.0876	4123856.679	150
302541.5733	4123857.553	150
302542.0581	4123858.428	150
302542.5433	4123859.302	150
302543.0293	4123860.176	150
302543.5139	4123861.051	150
302543.9988	4123861.926	150
302544.4843	4123862.8	150
302544.9697	4123863.674	150
302545.4523	4123864.55	150
302545.9403	4123865.423	150
302546.4334	4123866.293	150
302546.9265	4123867.163	150
302547.4196	4123868.033	150
302547.9127	4123868.903	150
302548.4058	4123869.773	150
302548.8989	4123870.643	150
302549.392	4123871.513	150
302549.8851	4123872.383	150
302550.3782	4123873.253	150
302550.8713	4123874.123	150
302551.3644	4123874.993	150
302551.8577	4123875.862	150
302552.3511	4123876.732	150
302552.8445	4123877.602	150
302553.3376	4123878.472	150
302553.8307	4123879.342	150
302554.3238	4123880.212	150
302554.8169	4123881.082	150
302555.31	4123881.952	150
302555.8031	4123882.822	150
302556.2964	4123883.692	150
302556.7896	4123884.562	150
302557.2829	4123885.432	150
302557.776	4123886.301	150
302558.2691	4123887.171	150
302558.7622	4123888.041	150
302559.255	4123888.912	150
302559.7408	4123889.786	150
302560.2265	4123890.66	150
302560.7122	4123891.534	150
302561.1981	4123892.408	150
302561.6839	4123893.282	150
302562.1678	4123894.157	150
302562.6458	4123895.035	150
302563.1238	4123895.914	150
302563.6019	4123896.792	150
302564.0801	4123897.67	150
302564.5605	4123898.547	150
302565.0476	4123899.421	150
302565.5347	4123900.294	150
302566.0215	4123901.168	150
302566.5082	4123902.041	150
302566.9936	4123902.915	150
302567.4788	4123903.79	150
302567.9637	4123904.664	150
302568.4464	4123905.54	150
302568.913	4123906.425	150
302569.3796	4123907.309	150
302569.8462	4123908.194	150
302570.3127	4123909.078	150
302570.7791	4123909.963	150
302571.2455	4123910.847	150
302571.7042	4123911.736	150
302572.1592	4123912.626	150
302572.6143	4123913.517	150
302573.0678	4123914.408	150
302573.5213	4123915.299	150
302573.9747	4123916.191	150
302574.427	4123917.082	150
302574.8793	4123917.974	150
302575.3316	4123918.866	150
302575.7842	4123919.758	150
302576.2214	4123920.657	150
302576.6582	4123921.557	150
302577.095	4123922.456	150
302577.5279	4123923.358	150
302577.9605	4123924.259	150
302578.3931	4123925.161	150
302578.8237	4123926.064	150
302579.2515	4123926.967	150
302579.6789	4123927.871	150
302580.1063	4123928.776	150
302580.5274	4123929.683	150
302580.9471	4123930.59	150
302581.3664	4123931.498	150
302581.7846	4123932.406	150
302582.2026	4123933.315	150
302582.6115	4123934.227	150
302583.0143	4123935.143	150
302583.4171	4123936.058	150
302583.8108	4123936.977	150
302584.199	4123937.899	150
302584.5872	4123938.82	150
302584.973	4123939.743	150
302585.3568	4123940.666	150
302585.7405	4123941.59	150
302586.1114	4123942.518	150
302586.4725	4123943.451	150
302586.8333	4123944.384	150
302587.1957	4123945.316	150
302587.5595	4123946.247	150
302587.9233	4123947.179	150
302588.2876	4123948.11	150
302588.6522	4123949.041	150
302588.9891	4123949.982	150
302589.3257	4123950.924	150
302589.6621	4123951.866	150
302589.9839	4123952.813	150
302590.3051	4123953.76	150
302590.6266	4123954.707	150
302590.9423	4123955.655	150
302591.2472	4123956.608	150
302591.5522	4123957.56	150
302591.8533	4123958.514	150
302592.1356	4123959.473	150
302592.4153	4123960.433	150
302592.695	4123961.393	150
302592.9749	4123962.353	150
302593.255	4123963.313	150
302593.5246	4123964.276	150
302593.7908	4123965.24	150
302594.0577	4123966.204	150
302594.2966	4123967.174	150
302594.5009	4123968.153	150
302594.7051	4123969.132	150
302594.9038	4123970.112	150
302595.073	4123971.098	150
302595.2232	4123972.086	150
302595.3734	4123973.075	150
302595.509	4123974.066	150
302595.6287	4123975.058	150
302595.7484	4123976.051	150
302595.8574	4123977.045	150
302595.948	4123978.041	150
302596.0387	4123979.037	150
302596.1122	4123980.034	150
302596.1822	4123981.032	150
302596.2522	4123982.029	150
302596.3136	4123983.027	150
302596.3657	4123984.026	150
302596.4177	4123985.025	150
302596.4688	4123986.023	150
302596.5185	4123987.022	150
302596.5647	4123988.021	150
302596.6083	4123989.02	150
302596.6464	4123990.019	150
302596.6748	4123991.019	150
302596.7033	4123992.019	150
302596.7316	4123993.018	150
302596.7597	4123994.018	150
302596.7878	4123995.017	150
302596.8161	4123996.017	150
302596.8445	4123997.017	150
302596.8729	4123998.016	150
302596.9014	4123999.016	150
302596.9298	4124000.015	150
302596.9583	4124001.015	150
302596.9866	4124002.015	150
302597.0147	4124003.014	150
302597.0428	4124004.014	150
302597.0711	4124005.013	150
302597.0995	4124006.013	150
302597.128	4124007.013	150
302597.1564	4124008.012	150
302597.1849	4124009.012	150
302597.2133	4124010.011	150
302597.2417	4124011.011	150
302597.2699	4124012.011	150
302597.2981	4124013.01	150
302597.3664	4124014.007	150
302597.4792	4124015	150
302597.592	4124015.994	150
302597.7166	4124016.986	150
302597.8423	4124017.978	150
302597.968	4124018.97	150
302598.0904	4124019.963	150
302598.2105	4124020.956	150
302598.33	4124021.949	150
302598.4494	4124022.941	150
302598.5685	4124023.934	150
302598.6874	4124024.927	150
302598.8089	4124025.92	150
302598.9314	4124026.912	150
302599.0539	4124027.905	150
302599.176	4124028.897	150
302599.2981	4124029.89	150
302599.4202	4124030.882	150
302599.5422	4124031.875	150
302599.6618	4124032.868	150
302599.7813	4124033.86	150
302599.9012	4124034.853	150
302600.0218	4124035.846	150
302600.1425	4124036.839	150
302600.2631	4124037.831	150
302600.3636	4124038.826	150
302600.4382	4124039.823	150
302600.4851	4124040.822	150
302600.505	4124041.822	150
302600.5249	4124042.821	150
302600.5418	4124043.821	150
302600.54	4124044.821	150
302600.5384	4124045.821	150
302600.5371	4124046.821	150
302600.539	4124047.821	150
302600.5414	4124048.821	150
302600.5437	4124049.821	150
302600.5457	4124050.821	150
302600.5477	4124051.821	150
302600.5497	4124052.821	150
302600.5521	4124053.821	150
302600.5544	4124054.821	150
302600.5567	4124055.821	150
302600.559	4124056.821	150
302600.5612	4124057.821	150
302601.052	4124058.745	150
302601.5096	4124059.634	150
302601.9672	4124060.524	150
302602.4248	4124061.413	150
302602.8824	4124062.302	150
302603.34	4124063.191	150
302603.7977	4124064.08	150
302604.0467	4124064.637	150
302604.0392	4124065.637	150
302604.0368	4124066.637	150
302604.0374	4124067.637	150
302604.0341	4124068.637	150
302604.0307	4124069.637	150
302604.0273	4124070.637	150
302604.0233	4124071.637	150
302604.0193	4124072.637	150
302604.0149	4124073.637	150
302604.0106	4124074.637	150
302604.0062	4124075.637	150
302604.0015	4124076.637	150
302603.9968	4124077.637	150
302603.9921	4124078.637	150
302603.9875	4124079.637	150
302603.9828	4124080.637	150
302603.9782	4124081.637	150
302603.9738	4124082.637	150
302603.9695	4124083.637	150
302603.9652	4124084.637	150
302603.9612	4124085.637	150
302603.9572	4124086.637	150
302603.9532	4124087.637	150
302603.9492	4124088.637	150
302603.9452	4124089.637	150
302603.9409	4124090.637	150
302603.9363	4124091.637	150
302603.9322	4124092.637	150
302603.9281	4124093.637	150
302603.9237	4124094.637	150
302603.932	4124095.636	150
302603.9483	4124096.636	150
302603.9647	4124097.636	150
302603.9809	4124098.636	150
302603.9969	4124099.636	100
302604.0129	4124100.636	100
302604.0292	4124101.636	100
302604.0455	4124102.636	100
302604.0619	4124103.635	100
302604.0783	4124104.635	100
302604.0947	4124105.635	100
302604.1029	4124106.135	100
302604.1833	4124106.627	100
302604.2875	4124107.116	100
302604.3916	4124107.605	100
302604.4958	4124108.094	100
302604.6	4124108.583	100
302604.7042	4124109.072	100
302604.8085	4124109.561	100
302604.9128	4124110.05	100
302605.0205	4124110.538	100
302605.234	4124110.99	100
302605.4476	4124111.442	100
302605.6611	4124111.894	100
302605.8747	4124112.346	100
302606.0882	4124112.798	100
302606.3018	4124113.25	100
302606.5153	4124113.702	100
302606.7288	4124114.155	100
302607.0125	4124114.56	100
302607.3437	4124114.935	100
302607.6749	4124115.31	100
302608.006	4124115.684	100
302608.3372	4124116.059	100
302608.6684	4124116.433	100
302609.0017	4124116.806	100
302609.4143	4124117.088	100
302609.8268	4124117.371	100
302610.2394	4124117.653	100
302610.652	4124117.936	100
302611.0645	4124118.218	100
302611.4771	4124118.501	100
302611.8896	4124118.783	100
302612.3022	4124119.066	100
302612.7582	4124119.257	100
302613.2368	4124119.402	100
302613.7154	4124119.547	100
302614.1941	4124119.691	100
302614.6727	4124119.836	100
302615.1513	4124119.981	100
302615.63	4124120.125	100
302616.127	4124120.146	100
302616.627	4124120.147	100
302617.627	4124120.149	100
302618.627	4124120.151	100
302619.627	4124120.154	150
302620.6269	4124120.147	150
302621.6267	4124120.126	150
302622.6266	4124120.119	150
302623.6266	4124120.112	150
302624.6266	4124120.123	150
302625.6265	4124120.135	100
302626.6264	4124120.146	100
302627.6264	4124120.157	100
302628.6263	4124120.169	100
302629.6262	4124120.18	100
302630.6262	4124120.191	100
302631.6261	4124120.203	100
302633.2242	4124120.118	100
302633.7088	4124119.995	100
302634.1875	4124119.851	100
302634.6598	4124119.687	100
302635.1246	4124119.502	100
302635.5811	4124119.298	100
302636.0284	4124119.075	100
302636.4658	4124118.833	100
302636.8925	4124118.573	100
302637.3077	4124118.294	100
302637.7106	4124117.998	100
302638.1004	4124117.685	100
302638.4766	4124117.356	100
302638.8383	4124117.01	100
302639.1851	4124116.65	100
302639.5158	4124116.275	100
302639.8307	4124115.887	100
302640.1282	4124115.485	100
302640.4088	4124115.072	100
302640.6709	4124114.646	100
302640.9153	4124114.21	100
302641.14	4124113.763	100
302641.3462	4124113.308	100
302641.532	4124112.843	100
302641.6986	4124112.372	100
302641.8441	4124111.894	100
302641.9526	4124111.253	100
302641.9707	4124110.254	100
302641.9866	4124109.254	100
302642.0012	4124108.254	100
302642.0099	4124107.254	100
302642.0167	4124106.254	100
302642.0235	4124105.254	150
302642.0311	4124104.254	150
302642.0378	4124103.254	150
302642.0444	4124102.254	150
302642.0518	4124101.254	150
302642.0587	4124100.254	150
302642.0654	4124099.254	150
302642.0725	4124098.254	150
302642.079	4124097.254	150
302642.0854	4124096.254	150
302642.0925	4124095.254	150
302642.1	4124094.254	150
302642.1064	4124093.254	150
302642.1138	4124092.254	150
302642.1207	4124091.254	150
302642.1274	4124090.254	150
302642.1345	4124089.254	150
302642.1415	4124088.254	150
302642.1484	4124087.254	150
302642.1556	4124086.254	150
302642.162	4124085.254	150
302642.1685	4124084.254	150
302642.1765	4124083.254	150
302642.183	4124082.254	150
302642.1894	4124081.255	150
302642.1968	4124080.255	150
302642.2037	4124079.255	150
302642.2105	4124078.255	150
302642.218	4124077.255	150
302642.2246	4124076.255	150
302642.2314	4124075.255	150
302642.2389	4124074.255	150
302642.246	4124073.255	150
302642.2536	4124072.255	150
302642.2609	4124071.255	150
302642.2682	4124070.255	150
302642.2756	4124069.255	150
302642.2829	4124068.255	150
302642.2905	4124067.255	150
302642.2974	4124066.255	150
302642.3049	4124065.255	150
302642.312	4124064.255	150
302642.3196	4124063.255	150
302642.3269	4124062.255	150
302642.3342	4124061.255	150
302642.3414	4124060.255	150
302642.3489	4124059.255	150
302642.356	4124058.255	150
302642.3634	4124057.255	150
302642.3709	4124056.255	150
302642.378	4124055.255	150
302642.3856	4124054.255	150
302642.3929	4124053.255	150
302642.4002	4124052.255	150
302642.4078	4124051.255	150
302642.4145	4124050.255	150
302642.4211	4124049.255	150
302642.4271	4124048.255	150
302642.4347	4124047.255	150
302642.4408	4124046.255	150
302642.4469	4124045.255	150
302642.4541	4124044.255	150
302642.4608	4124043.255	150
302642.4669	4124042.256	150
302642.4743	4124041.256	150
302642.4806	4124040.256	150
302642.4852	4124039.256	150
302642.4874	4124038.256	150
302642.4934	4124037.256	150
302642.4956	4124036.256	150
302642.4984	4124035.256	150
302642.5044	4124034.256	150
302642.5066	4124033.256	150
302642.5084	4124032.256	150
302642.5144	4124031.256	150
302642.5169	4124030.256	150
302642.5194	4124029.256	100
302642.5253	4124028.256	100
302642.5267	4124027.256	100
302642.5276	4124026.256	100
302642.527	4124025.256	100
302642.527	4124024.256	100
302642.5279	4124023.256	100
302642.5246	4124022.256	100
302642.523	4124021.756	100
302642.5138	4124021.256	100
302642.4887	4124020.757	100
302642.4588	4124020.258	100
302642.4119	4124019.76	100
302642.3564	4124019.263	100
302642.2938	4124018.767	100
302642.1939	4124018.277	100
302642.102	4124017.785	100
302642.0088	4124017.295	100
302641.8804	4124016.811	100
302641.7466	4124016.33	100
302641.6033	4124015.851	100
302641.4267	4124015.383	100
302641.2435	4124014.918	100
302641.0566	4124014.454	100
302640.8319	4124014.008	100
302640.5911	4124013.57	100
302640.3293	4124013.144	100
302640.0565	4124012.725	100
302639.7678	4124012.317	100
302639.4499	4124011.931	100
302639.1305	4124011.547	100
302638.7912	4124011.18	100
302638.4347	4124010.83	100
302638.0798	4124010.478	100
302637.6911	4124010.164	100
302637.2914	4124009.863	100
302636.8865	4124009.57	100
302636.4628	4124009.305	100
302636.0266	4124009.061	100
302635.5807	4124008.835	100
302635.1341	4124008.61	100
302634.6662	4124008.435	100
302634.2004	4124008.253	100
302633.7291	4124008.087	100
302633.2519	4124007.938	100
302632.772	4124007.798	100
302632.2866	4124007.677	100
302631.7975	4124007.574	100
302631.3062	4124007.481	100
302630.8132	4124007.398	100
302630.317	4124007.337	100
302629.8192	4124007.29	100
302629.3211	4124007.247	100
302628.8221	4124007.218	100
302628.3225	4124007.199	100
302627.8232	4124007.174	100
302626.8248	4124007.123	100
302625.8249	4124007.114	100
302624.8249	4124007.105	100
302623.825	4124007.096	100
302622.825	4124007.086	100
302621.8251	4124007.077	100
302620.8251	4124007.068	100
302619.8251	4124007.058	100
302618.8252	4124007.049	100
302617.8252	4124007.04	100
302616.8253	4124007.032	100
302615.8253	4124007.032	100
302614.8253	4124007.026	100
302613.8253	4124007.016	100
302612.826	4124007.037	100
302611.827	4124007.082	100
302610.828	4124007.128	100
302609.829	4124007.173	100
302608.8301	4124007.218	100
302607.8311	4124007.264	100
302606.8321	4124007.309	100
302605.8331	4124007.354	100
302605.3537	4124007.469	100
302604.8901	4124007.656	100
302604.4266	4124007.843	100
302603.963	4124008.031	100
302603.5332	4124008.269	100
302603.1826	4124008.625	100
302602.8321	4124008.982	100
302602.4816	4124009.338	100
302602.1621	4124009.718	100
302601.9115	4124010.151	100
302601.661	4124010.584	100
302601.4104	4124011.016	100
302601.2468	4124011.485	100
302601.12	4124011.969	100
302600.9932	4124012.452	100
302600.8664	4124012.936	100
302600.7708	4124013.421	100
302600.8387	4124013.917	100
302600.9065	4124014.412	100
302600.9744	4124014.908	100
302601.0421	4124015.403	100
302601.1664	4124016.314	100
302601.2961	4124017.306	100
302601.4158	4124018.299	100
302601.5348	4124019.292	100
302601.6536	4124020.284	100
302601.7722	4124021.277	100
302601.8913	4124022.27	100
302602.0101	4124023.263	100
302602.1278	4124024.256	100
302602.2459	4124025.249	100
302602.3645	4124026.242	100
302602.4831	4124027.235	100
302602.602	4124028.228	100
302602.7213	4124029.221	150
302602.8406	4124030.214	150
302602.9605	4124031.207	150
302603.0813	4124032.199	150
302603.2035	4124033.192	150
302603.3262	4124034.184	150
302603.4489	4124035.177	150
302603.5694	4124036.169	150
302603.689	4124037.162	150
302603.8087	4124038.155	150
302603.884	4124039.152	150
302603.9492	4124040.15	150
302603.9984	4124041.148	150
302604.0071	4124042.148	150
302604.0158	4124043.148	150
302604.0235	4124044.148	150
302604.0287	4124045.148	150
302604.0344	4124046.148	150
302604.039	4124046.938	150
302604.0363	4124047.938	150
302604.0336	4124048.938	150
302604.0309	4124049.938	150
302604.0286	4124050.938	150
302604.0263	4124051.938	150
302604.0239	4124052.938	150
302604.0216	4124053.938	150
302604.0193	4124054.938	150
302604.0169	4124055.938	150
302604.0146	4124056.938	150
302601.0814	4124063.836	150
302601.4823	4124062.92	150
302601.8831	4124062.004	150
302602.2839	4124061.088	150
302602.6847	4124060.171	150
302603.0855	4124059.255	150
302603.4863	4124058.339	150
302603.8872	4124057.423	150
302600.5651	4124064.821	150
302600.5634	4124065.821	150
302600.5606	4124066.821	150
302600.557	4124067.821	150
302600.5537	4124068.821	150
302600.5508	4124069.821	150
302600.5474	4124070.821	150
302600.5441	4124071.821	150
302600.5405	4124072.821	150
302600.5365	4124073.821	150
302600.5325	4124074.821	150
302600.5284	4124075.821	150
302600.5244	4124076.821	150
302600.5204	4124077.821	150
302600.5164	4124078.821	150
302600.5121	4124079.821	150
302600.5067	4124080.821	150
302600.5018	4124081.821	150
302600.4971	4124082.821	150
302600.4917	4124083.821	150
302600.4864	4124084.821	150
302600.4811	4124085.821	150
302600.4757	4124086.821	150
302600.4704	4124087.821	150
302600.4652	4124088.821	150
302600.4605	4124089.821	150
302600.4554	4124090.821	150
302600.4501	4124091.821	150
302600.4447	4124092.821	150
302600.4394	4124093.821	150
302600.435	4124094.821	150
302600.4339	4124095.821	150
302600.4325	4124096.821	150
302600.4312	4124097.821	150
302600.4301	4124098.821	150
302600.4291	4124099.821	150
302600.4281	4124100.821	150
302600.4268	4124101.821	150
302600.4255	4124102.821	150
302600.4242	4124103.821	150
302600.4228	4124104.821	150
302600.4215	4124105.821	150
302600.4201	4124106.821	150
302600.4188	4124107.821	150
302600.4175	4124108.821	150
302600.4161	4124109.821	150
302600.4151	4124110.821	150
302600.4141	4124111.821	150
302600.4131	4124112.821	150
302600.4118	4124113.821	150
302600.4104	4124114.821	150
302600.4091	4124115.821	150
302600.4078	4124116.821	150
302600.4064	4124117.821	150
302600.4051	4124118.821	150
302600.404	4124119.821	150
302600.403	4124120.821	150
302600.402	4124121.821	150
302600.4007	4124122.821	150
302600.3994	4124123.821	150
302600.3981	4124124.821	150
302600.3967	4124125.821	150
302600.3954	4124126.821	150
302600.394	4124127.821	150
302600.3927	4124128.821	150
302600.3914	4124129.821	150
302600.39	4124130.821	150
302600.389	4124131.821	150
302600.388	4124132.821	150
302600.387	4124133.821	150
302600.3857	4124134.821	150
302600.3843	4124135.821	150
302600.383	4124136.821	150
302600.3817	4124137.821	150
302600.3803	4124138.821	150
302600.379	4124139.821	150
302600.378	4124140.821	150
302600.377	4124141.821	150
302600.376	4124142.821	150
302600.3746	4124143.821	150
302600.3733	4124144.821	150
302600.372	4124145.821	150
302600.3706	4124146.821	150
302600.3693	4124147.821	150
302600.368	4124148.821	150
302600.3669	4124149.821	150
302600.3659	4124150.821	150
302600.3649	4124151.821	150
302600.3655	4124152.821	150
302600.3673	4124153.821	150
302600.3635	4124154.821	150
302600.3599	4124155.821	150
302600.356	4124156.821	150
302600.352	4124157.821	150
302600.3484	4124158.821	150
302600.3446	4124159.821	150
302600.3406	4124160.821	150
302600.3365	4124161.821	150
302600.3331	4124162.821	150
302600.3294	4124163.821	150
302600.3264	4124164.821	150
302600.3231	4124165.821	150
302600.3196	4124166.821	150
302600.3164	4124167.821	150
302600.3125	4124168.821	150
302600.3091	4124169.821	150
302600.3056	4124170.821	150
302600.3027	4124171.821	150
302600.2992	4124172.821	150
302600.2963	4124173.821	150
302600.293	4124174.821	150
302600.2897	4124175.821	150
302600.2864	4124176.821	150
302600.2831	4124177.821	150
302600.2793	4124178.821	150
302600.2764	4124179.821	150
302600.273	4124180.821	150
302600.2695	4124181.821	150
302600.2664	4124182.821	150
302600.263	4124183.821	150
302600.2601	4124184.821	150
302600.2568	4124185.821	150
302600.2536	4124186.821	150
302600.2502	4124187.821	150
302600.2468	4124188.821	150
302600.2436	4124189.821	150
302600.2402	4124190.821	150
302600.2373	4124191.821	150
302600.2104	4124192.82	150
302600.1801	4124193.82	150
302600.1498	4124194.819	150
302600.12	4124195.819	150
302600.0894	4124196.818	150
302600.0597	4124197.818	150
302600.0289	4124198.817	150
302599.999	4124199.817	150
302599.9689	4124200.816	150
302599.9382	4124201.816	150
302599.9084	4124202.816	150
302599.8784	4124203.815	150
302599.8484	4124204.815	150
302599.8175	4124205.814	150
302599.7874	4124206.814	150
302599.7578	4124207.813	150
302599.7276	4124208.813	150
302599.697	4124209.812	150
302599.6668	4124210.812	150
302599.6279	4124211.811	150
302599.5795	4124212.81	150
302599.5435	4124213.809	150
302599.5131	4124214.809	150
302599.4816	4124215.808	150
302599.451	4124216.808	150
302599.4195	4124217.807	100
302599.3888	4124218.807	100
302599.3579	4124219.806	100
302599.3266	4124220.806	100
302599.2958	4124221.805	100
302599.2644	4124222.805	100
302599.2335	4124223.804	100
302599.2027	4124224.804	100
302599.1713	4124225.803	100
302599.1407	4124226.803	100
302599.1091	4124227.803	100
302599.0783	4124228.802	100
302599.0474	4124229.802	100
302599.0162	4124230.801	100
302598.9851	4124231.801	100
302598.9741	4124232.831	100
302598.9826	4124233.331	100
302598.9736	4124233.831	100
302598.9469	4124234.33	100
302598.9027	4124234.828	100
302598.8411	4124235.324	100
302598.7619	4124235.818	100
302598.6654	4124236.308	100
302598.5516	4124236.795	100
302598.4208	4124237.278	100
302598.2731	4124237.755	100
302598.1087	4124238.228	100
302597.9278	4124238.694	100
302597.7306	4124239.153	100
302597.5174	4124239.605	100
302597.2884	4124240.05	100
302597.0438	4124240.486	100
302596.7841	4124240.913	100
302596.5096	4124241.331	100
302596.2205	4124241.739	100
302595.9172	4124242.136	100
302595.6001	4124242.523	100
302595.2696	4124242.898	100
302594.9262	4124243.261	100
302594.5701	4124243.612	100
302594.2019	4124243.95	100
302593.8221	4124244.276	100
302593.4311	4124244.587	100
302593.0293	4124244.885	100
302592.6173	4124245.168	100
302592.1956	4124245.436	100
302591.7647	4124245.69	100
302591.3252	4124245.928	100
302590.8775	4124246.151	100
302590.4223	4124246.358	100
302589.9601	4124246.548	100
302589.4915	4124246.723	100
302589.0171	4124246.88	100
302588.5373	4124247.021	100
302588.053	4124247.145	100
302587.5645	4124247.252	100
302587.0726	4124247.341	100
302586.5779	4124247.413	100
302586.0809	4124247.468	100
302585.5823	4124247.505	100
302585.0827	4124247.525	100
302584.5827	4124247.527	100
302584.083	4124247.511	100
302583.5841	4124247.478	100
302583.0868	4124247.427	100
302582.5915	4124247.359	100
302581.1918	4124247.363	100
302580.1921	4124247.346	100
302579.1921	4124247.341	100
302578.1921	4124247.333	100
302577.1922	4124247.325	100
302576.1922	4124247.319	100
302575.1922	4124247.314	100
302574.1922	4124247.312	100
302573.1922	4124247.307	100
302572.1922	4124247.302	100
302571.1922	4124247.3	100
302570.1922	4124247.295	100
302569.1922	4124247.291	100
302568.1922	4124247.288	100
302567.1923	4124247.283	100
302566.1923	4124247.279	100
302565.1923	4124247.276	100
302564.1923	4124247.271	100
302563.1923	4124247.267	100
302562.1923	4124247.264	100
302561.1923	4124247.259	100
302560.1923	4124247.255	100
302559.1923	4124247.252	100
302558.1923	4124247.247	100
302557.1923	4124247.243	100
302556.1924	4124247.24	100
302555.1924	4124247.234	100
302554.1924	4124247.227	100
302553.1924	4124247.224	100
302552.1924	4124247.217	100
302551.1925	4124247.208	100
302550.1925	4124247.197	100
302549.1927	4124247.181	100
302548.1927	4124247.17	100
302547.194	4124247.128	100
302546.6963	4124247.08	100
302546.1986	4124247.032	100
302545.7	4124246.995	100
302545.202	4124246.952	100
302544.7061	4124246.888	100
302544.2147	4124246.796	100
302543.724	4124246.7	100
302543.2358	4124246.593	100
302542.7512	4124246.47	100
302542.2672	4124246.345	100
302541.7858	4124246.21	100
302541.3175	4124246.035	100
302540.8499	4124245.858	100
302540.3823	4124245.681	100
302539.9218	4124245.487	100
302539.4727	4124245.267	100
302539.029	4124245.037	100
302538.5904	4124244.797	100
302538.1651	4124244.534	100
302537.7483	4124244.258	100
302537.333	4124243.98	100
302536.9283	4124243.686	100
302536.5387	4124243.373	100
302536.1504	4124243.058	100
302535.7672	4124242.736	100
302535.4018	4124242.395	100
302535.0365	4124242.054	100
302534.6721	4124241.712	100
302534.3355	4124241.342	100
302534.019	4124240.955	100
302533.7033	4124240.567	100
302533.4003	4124240.17	100
302533.126	4124239.752	100
302532.8651	4124239.326	100
302532.6029	4124238.9	100
302532.3407	4124238.474	100
302532.1095	4124238.032	100
302531.8954	4124237.58	100
302531.6978	4124237.121	100
302531.5007	4124236.661	100
302531.3388	4124236.188	100
302531.1812	4124235.714	100
302531.0401	4124235.234	100
302530.9096	4124234.751	100
302530.7983	4124234.264	100
302530.6925	4124233.775	100
302530.5893	4124233.286	100
302530.5385	4124232.789	100
302530.4876	4124232.291	100
302530.4337	4124231.794	100
302530.3968	4124231.296	100
302530.3697	4124230.797	100
302530.3488	4124230.297	100
302530.3364	4124229.797	100
302530.3167	4124228.797	100
302530.3153	4124227.797	100
302530.2972	4124226.798	100
302530.2971	4124225.798	100
302530.3025	4124224.798	100
302530.3126	4124223.798	100
302530.3211	4124222.798	100
302530.3265	4124221.798	100
302530.3352	4124220.798	100
302530.3422	4124219.798	100
302530.3475	4124218.798	100
302530.3536	4124217.798	100
302530.3598	4124216.798	100
302530.3652	4124215.798	100
302530.3695	4124214.798	100
302530.3553	4124213.798	100
302530.3129	4124212.799	100
302530.2702	4124211.8	100
302530.2275	4124210.801	100
302530.1953	4124209.802	100
302530.1673	4124208.802	100
302530.149	4124207.802	100
302530.1308	4124206.802	100
302530.113	4124205.802	100
302530.0951	4124204.803	100
302530.077	4124203.803	100
302530.0677	4124202.803	100
302530.0653	4124201.803	100
302530.0629	4124200.803	100
302530.0605	4124199.803	100
302530.0581	4124198.803	100
302530.0559	4124197.803	100
302530.0539	4124196.803	100
302530.0518	4124195.803	100
302530.0495	4124194.803	100
302530.0469	4124193.803	100
302530.0443	4124192.803	100
302530.0483	4124191.803	100
302530.054	4124190.803	100
302530.0605	4124189.803	100
302530.0658	4124188.803	100
302530.0737	4124187.803	100
302530.0802	4124186.803	100
302530.0856	4124185.803	100
302530.0933	4124184.803	100
302530.1	4124183.803	100
302530.1053	4124182.803	100
302530.1122	4124181.803	100
302530.1204	4124180.803	100
302530.1279	4124179.803	100
302530.1359	4124178.803	100
302530.143	4124177.803	100
302530.1511	4124176.803	100
302530.1591	4124175.803	100
302530.1663	4124174.803	100
302530.1741	4124173.803	100
302530.1815	4124172.803	100
302530.1892	4124171.803	100
302530.1956	4124170.803	100
302530.2024	4124169.803	100
302530.2077	4124168.803	100
302530.2139	4124167.803	100
302530.2202	4124166.803	100
302530.2256	4124165.804	100
302530.2317	4124164.804	100
302530.2373	4124163.804	100
302530.2427	4124162.804	100
302530.249	4124161.804	100
302530.2552	4124160.804	100
302530.2622	4124159.804	100
302530.2688	4124158.804	100
302530.2753	4124157.804	100
302530.2821	4124156.804	100
302530.2883	4124155.804	100
302530.2947	4124154.804	100
302530.3014	4124153.804	100
302530.308	4124152.804	100
302530.3149	4124151.804	100
302530.3215	4124150.804	100
302530.3297	4124149.804	100
302530.3377	4124148.804	100
302530.3441	4124147.804	100
302530.3506	4124146.804	100
302530.3585	4124145.804	100
302530.3654	4124144.804	100
302530.3724	4124143.804	100
302530.3798	4124142.804	100
302530.3899	4124141.804	100
302530.4602	4124140.807	100
302530.5305	4124139.809	100
302530.6007	4124138.812	100
302530.671	4124137.814	100
302530.7412	4124136.817	100
302530.8115	4124135.819	100
302530.8814	4124134.822	100
302530.9513	4124133.824	100
302531.0213	4124132.826	100
302531.0916	4124131.829	100
302531.3455	4124130.866	100
302531.1989	4124131.344	100
302531.3455	4124130.866	100
302531.492	4124130.388	100
302531.6386	4124129.909	100
302531.7852	4124129.431	100
302531.9318	4124128.953	100
302532.1774	4124128.521	100
302532.4455	4124128.099	100
302532.7135	4124127.677	100
302532.9815	4124127.255	100
302533.2496	4124126.833	100
302533.5908	4124126.476	100
302533.9818	4124126.165	100
302534.3727	4124125.853	100
302534.7865	4124125.579	100
302535.2424	4124125.373	100
302535.6983	4124125.168	100
302536.1542	4124124.963	100
302536.611	4124124.76	100
302537.0805	4124124.588	100
302537.55	4124124.416	100
302538.0195	4124124.244	100
302538.5131	4124124.187	100
302539.0122	4124124.156	100
302539.5112	4124124.125	100
302540.0102	4124124.094	100
302540.5093	4124124.063	100
302539.0122	4124124.156	100
302540.0102	4124124.094	100
302541.0083	4124124.032	100
302542.0064	4124123.97	100
302543.0045	4124123.908	100
302544.0025	4124123.846	100
302545.0006	4124123.783	100
302545.9987	4124123.721	100
302546.9969	4124123.665	100
302547.9969	4124123.662	100
302548.9969	4124123.658	100
302549.9969	4124123.655	100
302550.9969	4124123.652	100
302551.9969	4124123.649	100
302552.688	4124123.572	100
302553.4597	4124122.937	100
302554.2315	4124122.301	100
302555.0032	4124121.665	100
302555.7749	4124121.029	100
302556.5467	4124120.393	100
302557.3336	4124119.799	100
302558.3336	4124119.805	100
302559.3336	4124119.811	100
302560.3336	4124119.813	100
302561.3336	4124119.819	100
302562.3336	4124119.826	100
302563.3336	4124119.831	100
302564.3335	4124119.837	100
302565.3335	4124119.844	100
302566.3335	4124119.851	100
302567.3335	4124119.857	100
302568.3335	4124119.862	100
302569.3334	4124119.868	100
302570.3334	4124119.874	100
302571.3334	4124119.875	100
302572.3334	4124119.876	100
302573.3334	4124119.877	100
302574.3334	4124119.878	100
302575.0422	4124119.884	100
302575.5728	4124119.852	100
302576.0678	4124119.782	100
302576.5605	4124119.696	100
302577.0503	4124119.596	100
302577.5367	4124119.481	100
302578.0193	4124119.35	100
302578.4978	4124119.205	100
302578.9716	4124119.045	100
302579.4402	4124118.871	100
302579.9031	4124118.682	100
302580.36	4124118.479	100
302580.8106	4124118.262	100
302581.2544	4124118.032	100
302581.6906	4124117.788	100
302582.1191	4124117.53	100
302582.5395	4124117.26	100
302582.9517	4124116.976	100
302583.3547	4124116.681	100
302583.7483	4124116.372	100
302584.1323	4124116.052	100
302584.5064	4124115.72	100
302584.8704	4124115.378	100
302585.223	4124115.023	100
302585.5647	4124114.658	100
302585.8952	4124114.283	100
302586.2142	4124113.898	100
302586.5209	4124113.503	100
302586.8151	4124113.099	100
302587.097	4124112.686	100
302587.3662	4124112.265	100
302587.6223	4124111.835	100
302587.8646	4124111.398	100
302588.0935	4124110.953	100
302588.3089	4124110.502	100
302588.5105	4124110.045	100
302588.6973	4124109.581	100
302588.8698	4124109.112	100
302589.028	4124108.637	100
302589.1718	4124108.159	100
302589.3005	4124107.675	100
302589.414	4124107.189	100
302589.5127	4124106.698	100
302589.5964	4124106.205	100
302589.6267	4124105.708	100
302589.6235	4124105.208	100
302589.6203	4124104.708	100
302589.6171	4124104.208	100
302589.6139	4124103.708	100
302589.6107	4124103.208	100
302589.6075	4124102.708	100
302589.6043	4124102.208	100
302589.6012	4124101.708	100
302589.598	4124101.208	100
302589.5948	4124100.708	100
302589.5916	4124100.208	100
302589.5884	4124099.708	100
302589.5852	4124099.208	100
302589.4679	4124098.439	100
302589.4248	4124097.12	100
302589.4298	4124096.12	100
302589.4338	4124095.12	100
302589.4372	4124094.12	100
302589.4405	4124093.12	100
302589.4438	4124092.12	100
302589.4477	4124091.12	150
302589.4516	4124090.12	150
302589.4565	4124089.12	150
302589.4618	4124088.12	150
302589.4672	4124087.12	150
302589.4728	4124086.12	150
302589.4785	4124085.12	150
302589.4842	4124084.12	150
302589.4888	4124083.12	150
302589.4941	4124082.12	150
302589.4988	4124081.12	150
302589.5038	4124080.12	150
302589.5091	4124079.12	150
302589.5145	4124078.12	150
302589.5195	4124077.12	150
302589.5244	4124076.12	150
302589.5292	4124075.12	150
302589.5336	4124074.12	150
302589.5379	4124073.12	150
302589.5422	4124072.12	150
302589.5466	4124071.12	150
302589.5509	4124070.12	150
302589.5553	4124069.12	150
302589.5596	4124068.12	150
302589.5639	4124067.12	150
302589.5683	4124066.12	150
302589.5729	4124065.12	150
302589.578	4124064.12	150
302589.5833	4124063.12	150
302589.5883	4124062.12	150
302589.5933	4124061.12	150
302589.5983	4124060.12	150
302589.6034	4124059.12	150
302589.6085	4124058.12	150
302589.6136	4124057.12	150
302589.6186	4124056.12	150
302589.6236	4124055.12	150
302589.6285	4124054.121	150
302589.6329	4124053.121	150
302589.6372	4124052.121	150
302589.6416	4124051.121	150
302589.6459	4124050.121	150
302589.6502	4124049.121	150
302589.6542	4124048.121	150
302589.6589	4124047.121	150
302589.6636	4124046.121	150
302589.6683	4124045.121	150
302589.673	4124044.121	150
302589.6777	4124043.121	150
302589.6824	4124042.121	150
302589.6871	4124041.121	150
302589.6918	4124040.121	150
302589.6964	4124039.121	150
302589.7011	4124038.121	150
302589.7058	4124037.121	150
302589.7107	4124036.121	150
302589.7159	4124035.121	150
302589.7205	4124034.121	150
302589.7245	4124033.121	150
302589.7289	4124032.121	150
302589.7336	4124031.121	150
302589.7382	4124030.121	150
302589.7429	4124029.121	150
302589.7476	4124028.121	150
302589.7522	4124027.121	150
302589.7565	4124026.121	150
302589.7606	4124025.121	150
302589.7652	4124024.121	150
302589.7693	4124023.121	150
302589.7729	4124022.121	150
302589.7766	4124021.121	150
302589.7708	4124020.121	150
302589.7485	4124019.121	150
302589.7262	4124018.121	150
302589.7038	4124017.122	150
302589.6815	4124016.122	150
302589.6592	4124015.122	150
302589.6368	4124014.122	150
302589.6145	4124013.123	150
302589.5922	4124012.123	150
302589.5699	4124011.123	150
302589.5475	4124010.123	150
302589.5252	4124009.124	150
302589.5029	4124008.124	150
302589.4806	4124007.124	150
302589.4582	4124006.124	150
302589.4359	4124005.125	150
302589.4136	4124004.125	150
302589.3913	4124003.125	150
302589.3689	4124002.125	150
302589.3466	4124001.126	150
302589.3243	4124000.126	150
302589.3019	4123999.126	150
302589.2796	4123998.126	150
302589.2573	4123997.127	150
302589.235	4123996.127	150
302589.2126	4123995.127	150
302589.1903	4123994.127	150
302589.168	4123993.128	150
302589.1457	4123992.128	150
302589.1233	4123991.128	150
302589.1009	4123990.128	150
302589.0678	4123989.129	150
302589.0297	4123988.13	150
302588.9917	4123987.13	150
302588.9534	4123986.131	150
302588.9116	4123985.132	150
302588.8566	4123984.134	150
302588.8016	4123983.135	150
302588.747	4123982.137	150
302588.6584	4123981.141	150
302588.5661	4123980.145	150
302588.4738	4123979.149	150
302588.3819	4123978.153	150
302588.29	4123977.158	150
302588.1952	4123976.162	150
302588.0572	4123975.172	150
302587.9197	4123974.181	150
302587.7825	4123973.191	150
302587.6453	4123972.2	150
302587.4428	4123971.221	150
302587.2309	4123970.244	150
302587.019	4123969.267	150
302586.8071	4123968.289	150
302586.5951	4123967.312	150
302586.3601	4123966.341	150
302586.0817	4123965.38	150
302585.8034	4123964.42	150
302585.5251	4123963.459	150
302585.2469	4123962.499	150
302584.963	4123961.54	150
302584.6571	4123960.588	150
302584.3517	4123959.636	150
302584.0464	4123958.683	150
302583.7344	4123957.733	150
302583.41	4123956.787	150
302583.0856	4123955.841	150
302582.761	4123954.896	150
302582.4326	4123953.951	150
302582.0914	4123953.011	150
302581.7503	4123952.071	150
302581.4092	4123951.131	150
302581.0679	4123950.191	150
302580.7001	4123949.261	150
302580.3258	4123948.334	150
302579.9515	4123947.407	150
302579.5774	4123946.479	150
302579.2033	4123945.552	150
302578.8293	4123944.624	150
302578.455	4123943.697	150
302578.0807	4123942.77	150
302577.7063	4123941.843	150
302577.3321	4123940.915	150
302576.9486	4123939.992	150
302576.5435	4123939.078	150
302576.1383	4123938.163	150
302575.7333	4123937.249	150
302575.3283	4123936.335	150
302574.9234	4123935.42	150
302574.5184	4123934.506	150
302574.1132	4123933.592	150
302573.7081	4123932.677	150
302573.303	4123931.763	150
302572.8952	4123930.85	150
302572.462	4123929.949	150
302572.0287	4123929.048	150
302571.5955	4123928.146	150
302571.1625	4123927.245	150
302570.7295	4123926.344	150
302570.2965	4123925.442	150
302569.8628	4123924.541	150
302569.4134	4123923.648	150
302568.9618	4123922.756	150
302568.5098	4123921.864	150
302568.0585	4123920.971	150
302567.607	4123920.079	150
302567.155	4123919.187	150
302566.7033	4123918.295	150
302566.2515	4123917.403	150
302565.792	4123916.514	150
302565.3311	4123915.627	150
302564.8698	4123914.74	150
302564.4089	4123913.852	150
302563.9481	4123912.965	150
302563.4871	4123912.077	150
302563.0257	4123911.19	150
302562.5643	4123910.303	150
302562.0878	4123909.424	150
302561.6078	4123908.547	150
302561.1278	4123907.669	150
302560.6478	4123906.792	150
302560.1676	4123905.915	150
302559.6875	4123905.038	150
302559.2073	4123904.16	150
302558.7271	4123903.283	150
302558.2469	4123902.406	150
302557.7611	4123901.532	150
302557.2751	4123900.658	150
302556.7888	4123899.784	150
302556.3024	4123898.911	150
302555.8162	4123898.037	150
302555.3305	4123897.163	150
302554.8442	4123896.289	150
302554.3577	4123895.415	150
302553.909	4123894.522	150
302553.4934	4123893.613	150
302553.0777	4123892.703	150
302552.662	4123891.794	150
302552.2461	4123890.884	150
302551.8302	4123889.975	150
302551.4144	4123889.066	150
302550.9986	4123888.156	150
302550.5829	4123887.247	150
302550.1671	4123886.337	150
302549.7512	4123885.428	150
302549.3353	4123884.518	150
302548.9195	4123883.609	150
302548.5039	4123882.699	150
302548.0883	4123881.79	150
302547.6725	4123880.88	150
302547.2566	4123879.971	150
302546.8407	4123879.061	150
302546.4249	4123878.152	150
302546.0092	4123877.243	150
302545.5934	4123876.333	150
302545.1776	4123875.424	150
302544.7617	4123874.514	150
302544.3458	4123873.605	150
302543.9301	4123872.695	150
302543.5145	4123871.786	150
302543.0989	4123870.876	150
302542.6831	4123869.967	150
302542.2546	4123869.064	150
302541.7747	4123868.186	150
302541.2901	4123867.312	150
302540.8038	4123866.438	150
302540.3163	4123865.565	150
302539.8304	4123864.691	150
302539.3445	4123863.817	150
302538.857	4123862.944	150
302538.3707	4123862.07	150
302537.8847	4123861.196	150
302537.3987	4123860.322	150
302536.9128	4123859.448	150
302536.4268	4123858.574	150
302535.9411	4123857.7	150
302535.4556	4123856.825	150
302534.9697	4123855.951	150
302534.4837	4123855.078	150
302533.9983	4123854.203	150
302533.5211	4123853.324	150
302533.0354	4123852.45	150
302532.5496	4123851.576	150
302532.0638	4123850.702	150
302531.5782	4123849.828	150
302531.0925	4123848.954	150
302530.6068	4123848.08	150
302530.121	4123847.206	150
302529.6352	4123846.332	150
302529.1494	4123845.458	150
302528.6634	4123844.584	150
302528.1775	4123843.71	150
302527.6916	4123842.836	150
302527.2059	4123841.961	150
302526.7201	4123841.087	150
302526.2344	4123840.213	150
302525.7489	4123839.339	150
302525.2633	4123838.465	150
302524.7777	4123837.591	150
302524.2917	4123836.717	150
302523.8058	4123835.843	150
302523.3199	4123834.969	150
302522.8341	4123834.095	150
302522.3484	4123833.221	150
302521.8626	4123832.346	150
302521.3769	4123831.472	150
302520.8913	4123830.598	150
302520.4056	4123829.724	150
302519.9198	4123828.85	150
302519.434	4123827.976	150
302518.9482	4123827.102	150
302518.4624	4123826.228	150
302517.9766	4123825.354	150
302517.4908	4123824.48	150
302517.0049	4123823.606	150
302516.5189	4123822.732	150
302516.0332	4123821.857	150
302515.5477	4123820.983	150
302515.0645	4123820.108	150
302514.5817	4123819.232	150
302514.0972	4123818.357	150
302513.6117	4123817.483	150
302513.1263	4123816.609	150
302512.6418	4123815.734	150
302512.1564	4123814.86	150
302511.6711	4123813.985	150
302511.1869	4123813.11	150
302510.7016	4123812.236	150
302510.2161	4123811.362	150
302509.7316	4123810.487	150
302509.2459	4123809.613	150
302508.7606	4123808.739	150
302508.2764	4123807.864	150
302507.791	4123806.989	150
302507.3054	4123806.115	150
302506.821	4123805.24	150
302506.336	4123804.366	150
302505.8501	4123803.492	150
302505.3635	4123802.618	150
302504.8691	4123801.749	150
302504.3853	4123800.874	150
302503.9014	4123799.999	150
302503.4176	4123799.123	150
302502.9339	4123798.248	150
302502.4502	4123797.373	150
302501.9664	4123796.498	150
302501.4826	4123795.623	150
302500.9987	4123794.748	150
302500.5149	4123793.872	150
302500.0312	4123792.997	150
302499.5475	4123792.122	150
302499.0637	4123791.247	150
302498.5799	4123790.372	150
302498.096	4123789.496	150
302497.6121	4123788.621	150
302497.128	4123787.746	150
302496.6439	4123786.871	150
302496.1599	4123785.996	150
302495.6762	4123785.121	150
302495.1925	4123784.246	150
302494.7092	4123783.37	150
302494.2265	4123782.494	150
302493.7438	4123781.619	150
302493.2622	4123780.742	150
302492.7746	4123779.869	150
302492.2832	4123778.998	150
302491.7914	4123778.128	150
302491.2995	4123777.257	150
302490.8079	4123776.386	150
302490.3165	4123775.515	150
302489.8294	4123774.642	150
302489.3435	4123773.768	150
302488.86	4123772.893	150
302488.3741	4123772.019	150
302487.8881	4123771.145	150
302487.4023	4123770.27	150
302486.9164	4123769.396	150
302486.4305	4123768.522	150
302485.9445	4123767.648	150
302485.4584	4123766.775	150
302484.9724	4123765.901	150
302484.4867	4123765.027	150
302484.0001	4123764.153	150
302483.5141	4123763.279	150
302483.0287	4123762.405	150
302482.5427	4123761.531	150
302482.0569	4123760.657	150
302481.5706	4123759.783	150
302481.0849	4123758.909	150
302480.5988	4123758.035	150
302480.1129	4123757.161	150
302479.6292	4123756.286	150
302479.1438	4123755.411	150
302478.6605	4123754.536	150
302478.1748	4123753.662	150
302477.6886	4123752.788	150
302477.2052	4123751.912	150
302476.7212	4123751.037	150
302476.2358	4123750.163	150
302475.7523	4123749.288	150
302475.2684	4123748.413	150
302474.7839	4123747.538	150
302474.3003	4123746.663	150
302473.8157	4123745.788	150
302473.3312	4123744.913	150
302472.8454	4123744.039	150
302472.3596	4123743.165	150
302471.8744	4123742.29	150
302471.389	4123741.416	150
302470.9033	4123740.542	150
302470.4186	4123739.667	150
302469.9326	4123738.793	150
302469.4468	4123737.919	150
302468.9622	4123737.045	150
302468.4766	4123736.17	150
302467.9907	4123735.296	150
302467.5054	4123734.422	150
302467.0197	4123733.548	150
302466.5338	4123732.674	150
302466.0483	4123731.8	150
302465.562	4123730.926	150
302465.0758	4123730.052	150
302464.5906	4123729.178	150
302464.1046	4123728.304	150
302463.6183	4123727.43	150
302463.1329	4123726.556	150
302462.6468	4123725.682	150
302462.1609	4123724.808	150
302461.6755	4123723.933	150
302461.1897	4123723.059	150
302460.7033	4123722.186	150
302460.2174	4123721.312	150
302459.7322	4123720.437	150
302459.2468	4123719.563	150
302458.7614	4123718.689	150
302458.2763	4123717.814	150
302457.7908	4123716.94	150
302457.3062	4123716.065	150
302456.8247	4123715.189	150
302456.3388	4123714.315	150
302455.8571	4123713.439	150
302455.374	4123712.563	150
302454.8893	4123711.688	150
302454.408	4123710.812	150
302453.926	4123709.936	150
302453.443	4123709.06	150
302452.9629	4123708.183	150
302452.4781	4123707.308	150
302451.9818	4123706.44	150
302451.4854	4123705.572	150
302450.9862	4123704.706	150
302450.4896	4123703.838	150
302449.972	4123702.982	150
302449.4532	4123702.127	150
302448.9343	4123701.272	150
302448.4006	4123700.427	150
302447.8522	4123699.591	150
302447.2888	4123698.764	150
302446.7185	4123697.943	150
302446.1466	4123697.123	150
302445.5729	4123696.304	150
302444.9923	4123695.489	150
302444.3861	4123694.694	150
302443.7352	4123693.935	150
302443.0844	4123693.176	150
302442.4335	4123692.417	150
302441.775	4123691.664	150
302441.1031	4123690.924	150
302440.4312	4123690.183	150
302439.7593	4123689.443	150
302439.054	4123688.734	150
302438.346	4123688.028	150
302437.6295	4123687.331	150
302436.8628	4123686.689	150
302436.0961	4123686.047	150
302435.3295	4123685.404	150
302434.5631	4123684.762	150
302433.6992	4123684.262	150
302432.8227	4123683.781	150
302431.9462	4123683.299	150
302431.0592	4123682.838	150
302430.169	4123682.382	150
302429.275	4123681.935	150
302428.3451	4123681.567	150
302427.4153	4123681.199	150
302426.4756	4123680.864	150
302425.4966	4123680.66	150
302424.5176	4123680.456	150
302423.5298	4123680.311	150
302422.5343	4123680.216	150
302421.5387	4123680.129	150
302420.5402	4123680.185	150
302419.5418	4123680.24	150
