302530.311	4124212.753
302530.2682	4124211.754
302530.2255	4124210.755
302530.1938	4124209.755
302530.1665	4124208.756
302530.1482	4124207.756
302530.13	4124206.756
302530.1122	4124205.756
302530.0943	4124204.756
302530.0762	4124203.757
302530.0675	4124202.757
302530.0652	4124201.757
302530.0628	4124200.757
302530.0604	4124199.757
302530.058	4124198.757
302530.0558	4124197.757
302530.0538	4124196.757
302530.0517	4124195.757
302530.0493	4124194.757
302530.0468	4124193.757
302530.0442	4124192.757
302530.0486	4124191.757
302530.0544	4124190.757
302530.0607	4124189.757
302530.0661	4124188.757
302530.074	4124187.757
302530.0805	4124186.757
302530.0858	4124185.757
302530.0937	4124184.757
302530.1002	4124183.757
302530.1056	4124182.757
302530.1127	4124181.757
302530.1207	4124180.757
302530.1283	4124179.757
302530.1362	4124178.757
302530.1434	4124177.757
302530.1515	4124176.757
302530.1595	4124175.757
302530.1667	4124174.757
302530.1744	4124173.757
302530.1818	4124172.757
302530.1896	4124171.757
302530.196	4124170.757
302530.2026	4124169.757
302530.208	4124168.757
302530.2143	4124167.757
302530.2205	4124166.757
302530.2258	4124165.757
302530.232	4124164.757
302530.2376	4124163.757
302530.2429	4124162.757
302530.2492	4124161.757
302530.2555	4124160.757
302530.2625	4124159.757
302530.2691	4124158.757
302530.2756	4124157.757
302530.2825	4124156.757
302530.2885	4124155.757
302530.295	4124154.757
302530.3017	4124153.758
302530.3083	4124152.758
302530.3153	4124151.758
302530.3218	4124150.758
302530.3301	4124149.758
302530.338	4124148.758
302530.3444	4124147.758
302530.3509	4124146.758
302530.3589	4124145.758
302530.3656	4124144.758
302530.3728	4124143.758
302530.38	4124142.758
302532.0827	4124143.124
302532.1178	4124142.626
302532.153	4124142.127
302532.1881	4124141.628
302532.2233	4124141.129
302532.2584	4124140.631
302532.2935	4124140.132
302532.3287	4124139.633
302532.3638	4124139.134
302532.3989	4124138.636
302532.434	4124138.137
302532.4692	4124137.638
302532.5043	4124137.139
302532.5392	4124136.641
302532.5742	4124136.142
302532.6092	4124135.643
302532.6441	4124135.144
302532.6791	4124134.645
302532.7141	4124134.147
302532.7492	4124133.648
302532.7844	4124133.149
302532.8727	4124132.66
302533.0193	4124132.182
302533.1659	4124131.704
302533.3125	4124131.226
302533.4591	4124130.748
302533.6057	4124130.27
302533.8306	4124129.828
302534.0987	4124129.406
302534.3667	4124128.984
302534.6348	4124128.562
302534.9028	4124128.14
302535.2232	4124127.765
302535.6141	4124127.453
302536.005	4124127.141
302536.4078	4124126.849
302536.8637	4124126.644
302537.3196	4124126.438
302537.7755	4124126.233
302538.2314	4124126.028
302538.6995	4124125.852
302539.169	4124125.68
302539.6385	4124125.508
302540.1271	4124125.427
302540.6261	4124125.396
302541.1252	4124125.365
302541.6242	4124125.334
302542.1232	4124125.303
302542.6223	4124125.272
302543.1213	4124125.241
302543.6203	4124125.21
302544.1194	4124125.179
302544.6184	4124125.148
302545.1175	4124125.117
302545.6165	4124125.086
302546.1155	4124125.055
302546.6146	4124125.024
302547.1136	4124124.993
302547.6126	4124124.962
302548.1117	4124124.931
302546.9	4124123.665
302547.9	4124123.662
302548.8999	4124123.658
302549.8999	4124123.655
302550.8999	4124123.652
302551.8999	4124123.649
302552.8999	4124123.646
302553.8999	4124123.643
302554.8999	4124123.64
302555.8999	4124123.643
302556.8999	4124123.646
302557.8999	4124123.649
302558.8999	4124123.651
302559.8999	4124123.654
302560.8999	4124123.658
302561.8999	4124123.663
302562.8999	4124123.667
302563.8998	4124123.672
302564.8998	4124123.677
302565.8998	4124123.682
302566.8998	4124123.687
302567.8998	4124123.691
302568.8998	4124123.696
302569.8998	4124123.702
302570.8998	4124123.706
302571.8998	4124123.709
302572.8997	4124123.711
302573.8997	4124123.711
