302494.0322	4123772.898
302494.0322	4123772.898
302494.0606	4123772.971
302494.1714	4123773.154
302494.4772	4123773.702
302494.9133	4123774.505
302495.4243	4123775.474
302496.055	4123776.625
302496.8298	4123777.865
302497.5965	4123779.142
302498.2725	4123780.329
302498.865	4123781.37
302499.3853	4123782.357
302499.8963	4123783.325
302500.3341	4123784.203
302500.7986	4123785.081
302501.3092	4123786.031
302501.9123	4123787.145
302502.5603	4123788.278
302503.2092	4123789.446
302503.8589	4123790.652
302504.5361	4123791.895
302505.2319	4123793.173
302505.9721	4123794.451
302506.7113	4123795.692
302507.4059	4123796.916
302508.0551	4123798.103
302508.6938	4123799.217
302509.2598	4123800.258
302509.8164	4123801.281
302510.3722	4123802.267
302510.9182	4123803.217
302511.4279	4123804.129
302511.9646	4123805.06
302512.5479	4123806.084
302513.1219	4123807.087
302513.7415	4123808.146
302514.3527	4123809.223
302514.9554	4123810.319
302515.5497	4123811.434
302516.2052	4123812.51
302516.8444	4123813.643
302517.4568	4123814.776
302518.0609	4123815.927
302518.6818	4123817.042
302519.2846	4123818.138
302519.8864	4123819.196
302520.4701	4123820.237
302521.0627	4123821.278
302521.6464	4123822.319
302522.2678	4123823.452
302522.8714	4123824.585
302523.4834	4123825.699
302524.0777	4123826.813
302524.6623	4123827.892
302525.2823	4123828.969
302525.8935	4123830.046
302526.5136	4123831.124
302527.1788	4123832.236
302527.8707	4123833.349
302528.5005	4123834.463
302529.1214	4123835.576
302529.7339	4123836.71
302530.3722	4123837.805
302530.9842	4123838.919
302531.6229	4123840.033
302532.2353	4123841.165
302532.8749	4123842.316
302533.4599	4123843.412
302534.0356	4123844.491
302534.6024	4123845.569
302535.2051	4123846.665
302535.8243	4123847.706
302536.4262	4123848.765
302537.056	4123849.878
302537.6583	4123850.956
302538.2517	4123852.034
302538.8181	4123853.094
302539.3756	4123854.153
302539.9965	4123855.268
302540.6179	4123856.4
302541.2304	4123857.534
302541.8703	4123858.702
302542.5187	4123859.853
302543.168	4123861.041
302543.816	4123862.172
302544.4271	4123863.249
302545.0201	4123864.309
302545.6224	4123865.386
302546.2074	4123866.483
302546.7827	4123867.543
302547.3925	4123868.564
302548.0366	4123869.53
302548.7118	4123870.309
302549.5395	4123871.16
302550.5695	4123871.931
302551.7199	4123872.534
302552.9013	4123872.95
302554.0607	4123873.181
302555.1811	4123873.266
302556.2803	4123873.203
302557.3498	4123873.012
302558.5746	4123872.631
302559.8763	4123872.12
302561.1926	4123871.478
302562.4815	4123870.8
302563.7792	4123870.122
302565.0689	4123869.481
302566.3232	4123868.841
302567.5069	4123868.221
302568.6471	4123867.639
302569.7257	4123867.077
302570.7519	4123866.554
302571.7781	4123866.03
302572.8566	4123865.467
302573.9347	4123864.887
302575.0297	4123864.269
302576.0977	4123863.633
302577.1745	4123862.998
302578.2695	4123862.38
302579.3197	4123861.745
302580.3167	4123861.111
302581.2875	4123860.495
302582.2397	4123859.844
302583.1183	4123859.083
302583.9756	4123858.175
302584.7333	4123857.177
302585.3308	4123856.163
302585.9017	4123855.151
302586.418	4123854.084
302586.8262	4123852.945
302587.0454	4123851.7
302587.086	4123850.404
302587.056	4123849.128
302586.982	4123847.871
302586.7928	4123846.618
302586.4283	4123845.461
302585.9865	4123844.416
302585.5811	4123843.408
302585.1677	4123842.437
302584.7623	4123841.429
302584.2674	4123840.385
302583.7373	4123839.362
302583.1972	4123838.283
302582.6197	4123837.131
302582.0609	4123836.015
302581.5664	4123834.991
302581.0541	4123833.966
302580.4576	4123832.759
302579.749	4123831.315
302578.9606	4123829.871
302578.2183	4123828.501
302577.4448	4123827.317
302576.8168	4123826.277
302576.2619	4123825.327
302575.7983	4123824.487
302575.3808	4123823.719
302575.0086	4123822.989
302574.6372	4123822.293
302574.2193	4123821.508
302573.6635	4123820.522
302573.0638	4123819.555
302572.5093	4123818.624
302571.9083	4123817.602
302571.2608	4123816.489
302570.6128	4123815.357
302569.9649	4123814.225
302569.3435	4123813.092
302568.7315	4123811.978
302568.1101	4123810.845
302567.5061	4123809.694
302566.8847	4123808.561
302566.2824	4123807.484
302565.6983	4123806.424
302565.1235	4123805.383
302564.5673	4123804.378
302564.0292	4123803.392
302563.4282	4123802.37
302562.8264	4123801.311
302562.2427	4123800.27
302561.6501	4123799.229
302561.0385	4123798.133
302560.3986	4123796.964
302559.7391	4123795.721
302559.0517	4123794.424
302558.347	4123793.145
302557.653	4123791.94
302556.9855	4123790.734
302556.4014	4123789.676
302555.8723	4123788.689
302555.1578	4123787.373
302554.2776	4123785.802
302553.3535	4123784.252
302552.5119	4123782.809
302551.6648	4123781.516
302550.7085	4123780.484
302549.7743	4123779.635
302548.9137	4123778.897
302548.0185	4123778.197
302546.9259	4123777.409
302545.6922	4123776.66
302544.3472	4123776.081
302542.8991	4123775.652
302541.4444	4123775.317
302539.884	4123775.021
302538.2123	4123774.893
302536.5633	4123775.357
302535.1356	4123776.168
302533.8218	4123776.921
302532.6217	4123777.596
302531.5267	4123778.215
302530.5626	4123778.737
302529.5811	4123779.278
302528.696	4123779.761
302527.8717	4123780.188
302527.0828	4123780.613
302526.2851	4123781.039
302525.4519	4123781.466
302524.6892	4123781.873
302523.8569	4123782.337
302522.9185	4123782.82
302522.0595	4123783.285
302521.2436	4123783.693
302520.4109	4123784.138
302519.5599	4123784.565
302518.744	4123784.973
302517.9374	4123785.399
302517.1299	4123785.788
302516.4023	4123786.176
302515.7443	4123786.505
302515.0695	4123786.873
302514.3854	4123787.222
302513.7451	4123787.552
302513.1307	4123787.844
302512.1045	4123788.367
302510.9909	4123788.949
302510.0449	4123789.489
302509.1868	4123789.99
302508.2671	4123790.511
302507.1721	4123791.129
302505.9107	4123791.844
302504.6431	4123792.67
302503.3665	4123793.494
302502.1686	4123794.263
302501.0132	4123794.956
302499.9537	4123795.573
302498.8671	4123796.173
302497.8152	4123796.734
302496.6749	4123797.316
302495.3772	4123797.995
302494.1496	4123798.634
302492.9663	4123799.273
302491.7657	4123799.929
302490.4502	4123800.608
302489.1702	4123801.286
302487.9701	4123801.961
302486.8578	4123802.598
302485.8236	4123803.16
302484.816	4123803.72
302483.764	4123804.281
302482.5985	4123804.919
302481.327	4123805.578
302480.0558	4123806.255
302478.7932	4123806.915
302477.5841	4123807.59
302476.4182	4123808.211
302475.1572	4123808.943
302473.8887	4123809.731
302472.708	4123810.481
302471.6347	4123811.265
302470.5746	4123812.234
302469.4634	4123813.296
302468.2337	4123814.602
302467.164	4123816.292
302466.4919	4123818.287
302466.2808	4123820.254
302466.1034	4123822.146
302466.2303	4123824.141
302466.7918	4123826.126
302467.4598	4123828.109
302468.3926	4123830.03
302469.349	4123831.82
302470.2225	4123833.484
302471.0571	4123835
302471.8447	4123836.407
302472.568	4123837.722
302473.2172	4123838.909
302473.867	4123840.115
302474.4989	4123841.321
302475.1677	4123842.582
302475.93	4123844.044
302476.7028	4123845.58
302477.4474	4123847.044
302478.1285	4123848.452
302479.0055	4123850.264
302479.9619	4123852.054
302481.28	4123853.374
302482.7659	4123854.283
302484.261	4123854.822
302485.6945	4123855.01
302486.9808	4123854.98
302488.191	4123854.729
302489.4052	4123854.274
302490.6079	4123853.71
302491.9416	4123853.049
302493.5015	4123852.198
302495.0965	4123851.328
302496.5514	4123850.536
302497.8845	4123849.856
302499.0674	4123849.2
302500.1451	4123848.6
302501.3896	4123847.924
302502.7219	4123847.208
302504.037	4123846.51
302505.3343	4123845.814
302506.6755	4123845.097
302508.1564	4123844.285
302509.5682	4123843.549
302510.9187	4123842.851
302512.2396	4123842.024
302513.5871	4123841.198
302515.0313	4123840.331
302516.5722	4123839.424
302518.0685	4123838.131
302519.4544	4123836.674
302520.4594	4123834.874
302520.8569	4123832.903
302520.6489	4123830.854
302519.8656	4123828.874
302518.8893	4123826.991
302517.9156	4123825.22
302516.972	4123823.594
302516.0926	4123822.061
302515.2408	4123820.564
302514.3792	4123819.03
302513.5908	4123817.587
302512.848	4123816.197
302512.1052	4123814.809
302511.3651	4123813.531
302510.6266	4123812.327
302509.8226	4123810.977
302508.9171	4123809.462
302508.0107	4123807.911
302507.1132	4123806.359
302506.261	4123804.844
302505.4725	4123803.4
302504.7204	4123801.994
302503.9883	4123800.679
302503.292	4123799.38
302502.4938	4123797.9
302501.595	4123796.294
302500.686	4123794.631
302499.7859	4123792.968
302498.8392	4123791.214
302497.8389	4123789.443
302496.8386	4123787.672
302495.8645	4123785.882
302494.8992	4123784.09
302493.9871	4123782.299
302492.9243	4123780.511
302491.8805	4123778.777
302490.8912	4123777.098
302490.2246	4123775.929
302490.2432	4123775.966
302490.2432	4123775.966
302490.2432	4123775.966
302490.2432	4123775.966
