302435.667	4123658.146
302435.8819	4123659.123
302436.0969	4123660.099
302436.3118	4123661.076
302436.5265	4123662.053
302436.7411	4123663.029
302436.9558	4123664.006
302437.2214	4123664.97
302437.4977	4123665.931
302437.774	4123666.892
302438.0811	4123667.842
302438.4619	4123668.767
302438.8428	4123669.691
302439.2236	4123670.616
302439.5962	4123671.544
302439.9671	4123672.473
302440.3379	4123673.402
302440.7576	4123674.309
302441.1871	4123675.212
302441.6166	4123676.115
302442.046	4123677.018
302442.4753	4123677.921
302442.9046	4123678.824
302443.342	4123679.724
302443.78	4123680.623
302444.2179	4123681.522
302444.6559	4123682.421
302445.0939	4123683.32
302445.532	4123684.219
302445.9781	4123685.113
302446.4465	4123685.997
302446.9153	4123686.88
302447.3841	4123687.764
302447.8533	4123688.647
302448.3225	4123689.53
302448.7917	4123690.413
302449.2628	4123691.295
302449.7343	4123692.177
302450.2058	4123693.059
302450.6773	4123693.94
302451.1489	4123694.822
302451.6306	4123695.699
302452.1155	4123696.573
302452.6003	4123697.448
302453.0853	4123698.322
302453.5703	4123699.197
302454.0553	4123700.071
302454.5578	4123700.936
302455.0656	4123701.797
302455.5685	4123702.661
302456.072	4123703.525
302456.5498	4123704.404
302457.0403	4123705.275
302457.5266	4123706.149
302458.0168	4123707.02
302458.5145	4123707.888
302458.9984	4123708.763
302459.4753	4123709.642
302459.9644	4123710.514
302460.4522	4123711.387
302460.9348	4123712.263
302461.4242	4123713.135
302461.9172	4123714.005
302462.4113	4123714.874
302462.901	4123715.746
302463.3867	4123716.62
302463.8635	4123717.499
302464.3391	4123718.378
302464.8231	4123719.253
302465.304	4123720.13
302465.7863	4123721.006
302466.2685	4123721.882
302466.7514	4123722.758
302467.2336	4123723.634
302467.7179	4123724.509
302468.2044	4123725.382
302468.6875	4123726.258
302469.1693	4123727.134
302469.6553	4123728.008
302470.1419	4123728.882
302470.6284	4123729.755
302471.113	4123730.63
302471.5964	4123731.506
302472.0813	4123732.38
302472.5703	4123733.252
302473.0549	4123734.127
302473.5391	4123735.002
302474.0246	4123735.876
302474.5097	4123736.751
302474.9935	4123737.626
302475.4758	4123738.502
302475.9599	4123739.377
302476.4446	4123740.252
302476.932	4123741.125
302477.417	4123741.999
302477.9024	4123742.874
302478.3883	4123743.748
302478.8687	4123744.625
302479.3534	4123745.499
302479.8436	4123746.371
302480.3177	4123747.251
302480.8023	4123748.126
302481.2971	4123748.995
302481.7845	4123749.868
302482.265	4123750.745
302482.7495	4123751.62
302483.2392	4123752.492
302483.723	4123753.367
302484.1993	4123754.246
302484.6857	4123755.12
302485.1699	4123755.995
302485.6575	4123756.868
302486.1442	4123757.741
302486.6281	4123758.617
302487.1068	4123759.495
302487.5868	4123760.372
302488.0726	4123761.246
302488.565	4123762.116
302489.0485	4123762.991
302489.5326	4123763.866
302490.0188	4123764.74
302490.5039	4123765.615
302490.9889	4123766.489
302491.4712	4123767.365
302491.9535	4123768.241
302492.4437	4123769.113
302492.9294	4123769.987
302493.4087	4123770.864
302493.8939	4123771.739
302494.372	4123772.617
302494.8682	4123773.485
302495.3666	4123774.352
302495.8634	4123775.22
302496.3468	4123776.095
302496.8711	4123776.946
302497.3622	4123777.817
302497.845	4123778.693
302498.3327	4123779.566
302498.8183	4123780.44
302499.304	4123781.315
302499.79	4123782.188
302500.2761	4123783.062
302500.7621	4123783.936
302501.2479	4123784.81
302501.7336	4123785.685
302502.2192	4123786.559
302502.705	4123787.433
302503.1908	4123788.307
302503.6766	4123789.181
302504.1623	4123790.055
302504.648	4123790.929
302505.1337	4123791.803
302505.7734	4123792.954
302506.2593	4123793.828
302506.7452	4123794.702
302507.231	4123795.576
302507.7169	4123796.45
302508.2026	4123797.324
302508.6883	4123798.198
302509.1679	4123799.076
302509.6388	4123799.958
302510.1107	4123800.839
302510.5774	4123801.723
302511.0517	4123802.604
302511.5367	4123803.478
302512.0219	4123804.353
302512.5061	4123805.228
302512.9913	4123806.102
302513.4761	4123806.977
302513.9603	4123807.852
302514.4451	4123808.726
302514.9301	4123809.601
302515.4151	4123810.475
302515.8997	4123811.35
302516.3843	4123812.225
302516.869	4123813.099
302517.3535	4123813.974
302517.8385	4123814.849
302518.3235	4123815.723
302518.8093	4123816.597
302519.2953	4123817.471
302519.7812	4123818.345
302520.2671	4123819.219
302520.753	4123820.093
302521.239	4123820.967
302521.7249	4123821.841
302522.2108	4123822.715
302522.6967	4123823.589
302523.1827	4123824.463
302523.6689	4123825.337
302524.1551	4123826.211
302524.6412	4123827.085
302525.127	4123827.959
302525.6128	4123828.833
302526.0986	4123829.707
302526.5845	4123830.581
302527.0704	4123831.455
302527.5563	4123832.329
302528.0423	4123833.203
302528.5282	4123834.077
302529.0141	4123834.951
302529.5001	4123835.825
302529.986	4123836.699
302530.4719	4123837.573
302530.9578	4123838.447
302531.4438	4123839.321
302531.9297	4123840.195
302532.4159	4123841.069
302532.9021	4123841.943
302533.3882	4123842.817
302533.8742	4123843.691
302534.3601	4123844.565
302534.846	4123845.439
302535.3319	4123846.313
302535.8179	4123847.187
302536.3038	4123848.061
302536.7896	4123848.935
302537.2757	4123849.809
302537.7611	4123850.683
302538.2458	4123851.558
302538.7319	4123852.431
302539.2167	4123853.306
302539.7015	4123854.181
302540.1868	4123855.055
302540.6721	4123855.929
302541.1568	4123856.804
302541.6426	4123857.678
302542.1272	4123858.553
302542.6126	4123859.427
302543.0984	4123860.301
302543.583	4123861.176
302544.0681	4123862.05
302544.5536	4123862.925
302545.0388	4123863.799
302545.52	4123864.676
302546.0846	4123865.5
302546.6634	4123866.315
302547.2423	4123867.131
302547.821	4123867.946
302548.3998	4123868.762
302548.9786	4123869.577
302549.6105	4123870.35
302550.2796	4123871.093
302550.9486	4123871.837
302551.8129	4123872.34
302552.6773	4123872.842
302553.5416	4123873.345
302554.5241	4123873.513
302555.5127	4123873.664
302556.4764	4123873.421
302557.4382	4123873.147
302558.3653	4123872.777
302559.282	4123872.377
302560.1987	4123871.978
302561.1153	4123871.578
302562.0319	4123871.178
302562.916	4123870.712
302563.7926	4123870.231
302564.6695	4123869.75
302565.5491	4123869.274
302566.4239	4123868.79
302567.2969	4123868.302
302568.1702	4123867.815
302569.043	4123867.327
302569.9163	4123866.84
302570.7898	4123866.353
302571.6625	4123865.865
302572.536	4123865.378
302573.4101	4123864.892
302574.283	4123864.404
302575.1562	4123863.917
302576.031	4123863.433
302576.9037	4123862.944
302577.7768	4123862.457
302578.6516	4123861.972
302579.521	4123861.478
302580.372	4123860.953
302581.2131	4123860.413
302582.014	4123859.814
302582.801	4123859.198
302583.5477	4123858.533
302584.2622	4123857.836
302584.9217	4123857.084
302585.5134	4123856.278
302586.0373	4123855.427
302586.4644	4123854.524
302586.8023	4123853.582
302587.0416	4123852.613
302587.2112	4123851.629
302587.306	4123850.634
302587.3212	4123849.634
302587.2624	4123848.636
302587.1458	4123847.643
302586.9852	4123846.658
302586.7451	4123845.687
302586.4435	4123844.734
302586.0845	4123843.801
302585.6648	4123842.894
302585.2272	4123841.995
302584.7651	4123841.108
302584.2917	4123840.227
302583.8075	4123839.352
302583.3228	4123838.478
302582.8386	4123837.603
302582.3544	4123836.728
302581.8699	4123835.853
302581.3853	4123834.978
302580.9013	4123834.103
302580.4175	4123833.228
302579.9331	4123832.353
302579.4478	4123831.479
302578.9619	4123830.605
302578.4771	4123829.73
302577.9919	4123828.856
302577.5059	4123827.982
302577.0211	4123827.107
302576.5385	4123826.231
302576.0532	4123825.357
302575.5665	4123824.483
302575.0798	4123823.61
302574.593	4123822.736
302574.1062	4123821.863
302573.6194	4123820.989
302573.1327	4123820.116
302572.646	4123819.242
302572.1593	4123818.369
302571.6724	4123817.495
302571.1855	4123816.622
302570.6985	4123815.748
302570.2118	4123814.875
302569.7251	4123814.001
302569.2384	4123813.128
302568.7516	4123812.254
302568.2648	4123811.381
302567.778	4123810.507
302567.2913	4123809.633
302566.8046	4123808.76
302566.3179	4123807.886
302565.8312	4123807.013
302565.3446	4123806.139
302564.8579	4123805.266
302564.3711	4123804.392
302563.8843	4123803.519
302563.3975	4123802.645
302562.9107	4123801.771
302562.424	4123800.898
302561.937	4123800.025
302561.4524	4123799.15
302560.9713	4123798.273
302560.4903	4123797.396
302560.0055	4123796.522
302559.5184	4123795.648
302559.0313	4123794.775
302558.544	4123793.902
302558.0566	4123793.029
302557.5692	4123792.155
302557.0819	4123791.282
302556.5945	4123790.409
302556.107	4123789.536
302555.618	4123788.664
302555.1291	4123787.791
302554.6401	4123786.919
302554.1509	4123786.047
302553.6617	4123785.175
302553.1726	4123784.303
302552.6717	4123783.437
302552.1699	4123782.572
302551.6521	4123781.717
302551.1119	4123780.875
302550.491	4123780.093
302549.8182	4123779.353
302549.1153	4123778.642
302548.3645	4123777.983
302547.5843	4123777.357
302546.7331	4123776.833
302545.8768	4123776.317
302544.9913	4123775.859
302544.0603	4123775.495
302543.1293	4123775.13
302542.1731	4123774.857
302541.1852	4123774.702
302540.1926	4123774.666
302539.1955	4123774.742
302538.1984	4123774.818
302537.2378	4123775.052
302536.3093	4123775.423
302535.3807	4123775.794
302534.4524	4123776.166
302533.5682	4123776.632
302532.6888	4123777.109
302531.8104	4123777.587
302530.9321	4123778.065
302530.0557	4123778.546
302529.1802	4123779.029
302528.3046	4123779.512
302527.4297	4123779.997
302526.555	4123780.481
302525.6804	4123780.966
302524.8059	4123781.451
302523.9315	4123781.936
302523.0568	4123782.421
302522.182	4123782.906
302521.3071	4123783.39
302520.4319	4123783.874
302519.5565	4123784.357
302518.6807	4123784.84
302517.8049	4123785.322
302516.9293	4123785.805
302516.0547	4123786.29
302515.1801	4123786.775
302514.3088	4123787.266
302513.4502	4123787.778
302512.5916	4123788.291
302511.7246	4123788.789
302510.8495	4123789.273
302509.9745	4123789.757
302509.0994	4123790.241
302508.2242	4123790.725
302507.349	4123791.209
302506.4739	4123791.693
302505.5988	4123792.176
302505.0093	4123792.502
302504.1342	4123792.986
302503.259	4123793.47
302502.3838	4123793.954
302501.5087	4123794.438
302500.6336	4123794.922
302499.7586	4123795.406
302498.8835	4123795.89
302498.0083	4123796.374
302497.1332	4123796.857
302496.2582	4123797.342
302495.3875	4123797.834
302494.5168	4123798.325
302493.6443	4123798.814
302492.7711	4123799.301
302491.8964	4123799.786
302491.0196	4123800.267
302490.1435	4123800.749
302489.268	4123801.232
302488.3912	4123801.713
302487.5149	4123802.195
302486.6398	4123802.679
302485.7628	4123803.159
302484.8867	4123803.641
302484.0114	4123804.125
302483.1336	4123804.604
302482.2585	4123805.088
302481.3811	4123805.568
302480.5035	4123806.047
302479.6284	4123806.531
302478.751	4123807.011
302477.8735	4123807.49
302476.9988	4123807.975
302476.1244	4123808.46
302475.2465	4123808.939
302474.3765	4123809.432
302473.5152	4123809.94
302472.6613	4123810.46
302471.821	4123811.002
302471.0218	4123811.603
302470.2501	4123812.239
302469.5347	4123812.937
302468.8531	4123813.668
302468.2098	4123814.434
302467.6357	4123815.251
302467.1224	4123816.108
302466.6797	4123817.005
302466.3149	4123817.935
302466.0494	4123818.899
302465.8701	4123819.882
302465.7938	4123820.878
302465.7712	4123821.878
302465.8243	4123822.876
302465.9517	4123823.868
302466.1792	4123824.841
302466.4631	4123825.799
302466.7713	4123826.75
302467.1385	4123827.68
302467.5396	4123828.596
302467.9807	4123829.493
302468.4283	4123830.387
302468.8941	4123831.272
302469.3575	4123832.158
302469.838	4123833.035
302470.3212	4123833.911
302470.8047	4123834.786
302471.2852	4123835.663
302471.7682	4123836.539
302472.2517	4123837.414
302472.7322	4123838.291
302473.2152	4123839.167
302473.7005	4123840.041
302474.1854	4123840.916
302474.6702	4123841.79
302475.1556	4123842.665
302475.6392	4123843.54
302476.1206	4123844.416
302476.5997	4123845.294
302477.1083	4123846.155
302477.6394	4123847.002
302478.1705	4123847.849
302478.7015	4123848.697
302479.2324	4123849.544
302479.7633	4123850.391
302480.2946	4123851.239
302480.8846	4123852.039
302481.5862	4123852.752
302482.3415	4123853.389
302483.2463	4123853.815
302484.209	4123854.069
302485.1869	4123854.278
302486.1831	4123854.347
302487.1819	4123854.395
302488.1603	4123854.224
302489.1332	4123853.993
302490.094	4123853.727
302491.001	4123853.306
302491.908	4123852.885
302492.8149	4123852.463
302493.7186	4123852.036
302494.5956	4123851.555
302495.47	4123851.07
302496.3455	4123850.587
302497.222	4123850.105
302498.093	4123849.614
302498.9669	4123849.128
302499.8406	4123848.642
302500.7119	4123848.151
302501.586	4123847.665
302502.4617	4123847.182
302503.3391	4123846.702
302504.2137	4123846.218
302505.0885	4123845.733
302505.9633	4123845.249
302506.8382	4123844.764
302507.7128	4123844.279
302508.5869	4123843.794
302509.4601	4123843.307
302510.2963	4123842.759
302511.1324	4123842.21
302511.9686	4123841.662
302512.8047	4123841.113
302513.6408	4123840.565
302514.477	4123840.016
302515.3129	4123839.467
302516.1489	4123838.919
302516.985	4123838.37
302517.7758	4123837.76
302518.543	4123837.119
302519.2951	4123836.462
302519.961	4123835.716
302520.6269	4123834.97
302520.9705	4123834.045
302521.1152	4123833.067
302521.0912	4123832.067
302520.764	4123831.125
302520.3629	4123830.211
302519.9002	4123829.325
302519.4375	4123828.438
302518.9749	4123827.552
302518.5122	4123826.665
302518.0496	4123825.779
302517.5869	4123824.892
302517.1243	4123824.006
302516.6616	4123823.119
302516.1988	4123822.233
302515.736	4123821.346
302515.2621	4123820.466
302514.779	4123819.59
302514.2951	4123818.715
302513.8102	4123817.841
302513.3248	4123816.966
302512.84	4123816.092
302512.355	4123815.217
302511.8695	4123814.343
302511.3849	4123813.468
302510.9003	4123812.593
302510.4144	4123811.72
302509.9299	4123810.845
302509.4445	4123809.97
302508.959	4123809.096
302508.474	4123808.222
302507.9897	4123807.347
302507.5038	4123806.473
302507.0192	4123805.598
302506.5348	4123804.723
302506.0488	4123803.849
302505.5637	4123802.975
302505.0676	4123802.107
302504.5832	4123801.232
302504.0993	4123800.357
302503.6155	4123799.481
302503.1317	4123798.606
302502.648	4123797.731
302502.1643	4123796.856
302501.6805	4123795.981
302501.1966	4123795.105
302500.7128	4123794.23
302500.229	4123793.355
302499.7453	4123792.48
302499.2616	4123791.605
302498.7778	4123790.729
302498.2939	4123789.854
302497.81	4123788.979
302497.3259	4123788.104
302496.8418	4123787.229
302496.3577	4123786.354
302495.874	4123785.479
302495.3903	4123784.604
302494.9066	4123783.728
302494.4239	4123782.853
302493.9412	4123781.977
302493.459	4123781.101
302492.9756	4123780.225
302492.4842	4123779.355
302491.9924	4123778.484
302491.5005	4123777.613
302491.009	4123776.742
302490.5176	4123775.871
302490.0282	4123774.999
302489.5422	4123774.125
302489.0574	4123773.251
302488.5729	4123772.376
302488.0869	4123771.502
302487.601	4123770.628
302487.1151	4123769.754
302486.6292	4123768.88
302486.1434	4123768.006
302485.6571	4123767.132
302485.1711	4123766.258
302484.6854	4123765.384
302484.1989	4123764.51
302483.7129	4123763.636
302483.2274	4123762.762
302482.7414	4123761.888
302482.2555	4123761.014
302481.7695	4123760.14
302481.2836	4123759.266
302480.7976	4123758.392
302480.3118	4123757.518
302479.8275	4123756.643
302479.3418	4123755.769
302478.8581	4123754.894
302478.3736	4123754.019
302477.8876	4123753.145
302477.4029	4123752.27
302476.9193	4123751.395
302476.4344	4123750.521
302475.95	4123749.646
302475.4666	4123748.77
302474.9822	4123747.895
302474.498	4123747.021
302474.0146	4123746.145
302473.5291	4123745.271
302473.0442	4123744.396
302472.5582	4123743.522
302472.0728	4123742.648
302471.5877	4123741.774
302471.1017	4123740.9
302470.6169	4123740.025
302470.1314	4123739.151
302469.6454	4123738.277
302469.1603	4123737.402
302468.6753	4123736.528
302468.1893	4123735.654
302467.7041	4123734.78
302467.2186	4123733.905
302466.7323	4123733.031
302466.2473	4123732.157
302465.7607	4123731.283
302465.2748	4123730.409
302464.789	4123729.535
302464.3034	4123728.661
302463.8171	4123727.787
302463.3314	4123726.913
302462.8457	4123726.039
302462.3596	4123725.165
302461.8741	4123724.291
302461.3883	4123723.417
302460.9025	4123722.543
302460.416	4123721.669
302459.9306	4123720.795
302459.4454	4123719.92
302458.9599	4123719.046
302458.4746	4123718.172
302457.9895	4123717.297
302457.5037	4123716.423
302457.0216	4123715.547
302456.5378	4123714.672
302456.0539	4123713.797
302455.5726	4123712.92
302455.0873	4123712.046
302454.6043	4123711.17
302454.1241	4123710.293
302453.6397	4123709.418
302453.1593	4123708.541
302452.6772	4123707.665
302452.184	4123706.795
302451.6893	4123705.927
302451.1904	4123705.06
302450.6934	4123704.192
302450.1831	4123703.332
302449.6657	4123702.476
302449.1461	4123701.622
302448.6219	4123700.771
302448.0808	4123699.93
302447.5192	4123699.102
302446.9519	4123698.279
302446.3807	4123697.458
302445.8073	4123696.639
302445.2314	4123695.821
302444.6367	4123695.017
302444.0014	4123694.246
302443.3506	4123693.487
302442.6997	4123692.727
302442.0487	4123691.968
302441.3779	4123691.227
302440.706	4123690.486
302440.034	4123689.745
302439.3436	4123689.023
302438.6355	4123688.316
302437.9275	4123687.61
302437.1763	4123686.951
302436.4097	4123686.309
302435.643	4123685.667
302434.8765	4123685.025
302434.0576	4123684.459
302433.1811	4123683.978
302432.3047	4123683.496
302431.4233	4123683.024
302430.5331	4123682.569
302429.6428	4123682.113
302428.7254	4123681.718
302427.7956	4123681.35
302426.8657	4123680.982
302425.897	4123680.744
302424.918	4123680.54
302423.9369	4123680.35
302422.9414	4123680.255
302421.946	4123680.159
302420.9486	4123680.162
302419.9501	4123680.218
302418.9516	4123680.273
