507938.0885	3881135.825
507938.0975	3881135.902
507938.0883	3881135.991
507938.0883	3881136.058
507938.0791	3881136.124
507938.0699	3881136.202
507938.0607	3881136.257
507938.0516	3881136.324
507938.0515	3881136.39
507938.0697	3881136.446
507938.1152	3881136.523
507938.7532	3881136.723
507939.5188	3881137.012
507940.1476	3881137.346
507940.7309	3881137.59
507941.3962	3881137.89
507942.1071	3881138.146
507942.6358	3881138.224
507943.21	3881138.446
507943.939	3881138.791
507944.7592	3881139.224
507945.5429	3881139.657
507946.2265	3881139.868
507946.7914	3881140.268
507947.1925	3881140.346
507947.5479	3881140.524
507948.1857	3881140.924
507948.9786	3881141.257
507949.7167	3881141.69
507950.4731	3881142.035
507951.3116	3881142.401
507952.1957	3881142.713
507953.1525	3881143.246
507954.0091	3881143.723
507954.8474	3881144.223
507955.6127	3881144.878
507956.5331	3881145.289
507957.6177	3881145.745
507958.7294	3881146.367
507959.9049	3881147.033
507961.0896	3881147.644
507962.2744	3881148.167
507963.1947	3881148.733
507963.8871	3881149.277
507964.3882	3881149.71
507965.0624	3881150.198
507966.0103	3881150.543
507966.958	3881151.065
507967.9787	3881151.51
507969.0358	3881152.043
507970.1386	3881152.498
507971.1137	3881152.976
507972.0251	3881153.376
507973.0913	3881153.865
507974.2031	3881154.409
507975.3424	3881154.854
507976.6276	3881155.188
507977.8488	3881155.666
507978.97	3881155.988
507979.9087	3881156.3
507980.6925	3881156.6
507981.4855	3881156.833
507982.716	3881157.212
507984.0468	3881157.523
507985.177	3881157.835
507986.4166	3881158.246
507987.6652	3881158.702
507988.759	3881159.08
507989.7707	3881159.402
507990.6092	3881159.714
507991.5206	3881160.047
507992.4229	3881160.347
507993.4163	3881160.692
507994.5192	3881161.081
507995.622	3881161.481
507996.8888	3881161.937
507998.3653	3881162.46
507999.7689	3881162.993
508000.9811	3881163.427
508002.0019	3881163.805
508002.8495	3881164.094
508003.4875	3881164.294
508004.3078	3881164.605
508005.3923	3881165.05
508006.4039	3881165.472
508007.1513	3881165.75
508007.7619	3881165.95
508008.2814	3881166.15
508009.2293	3881166.528
508010.405	3881166.962
508011.4531	3881167.373
508012.5194	3881167.784
508013.7498	3881168.262
508015.0167	3881168.718
508016.2106	3881169.162
508017.2952	3881169.596
508018.3888	3881170.018
508019.5736	3881170.507
508020.6308	3881170.941
508021.5604	3881171.319
508023.0368	3881171.93
508024.814	3881172.663
508026.4271	3881173.319
508027.7851	3881173.875
508028.9243	3881174.353
508029.8448	3881174.753
508030.7106	3881175.119
508031.9682	3881175.653
508033.2989	3881176.175
508034.4745	3881176.642
508035.5317	3881177.075
508036.6071	3881177.553
508037.7736	3881178.064
508038.8946	3881178.542
508039.9428	3881178.909
508040.9271	3881179.276
508041.9752	3881179.61
508043.2968	3881180.11
508044.5635	3881180.654
508045.5752	3881181.077
508046.3772	3881181.399
508047.8263	3881181.966
508049.886	3881182.755
508051.9275	3881183.566
508053.7594	3881184.256
508055.3088	3881184.867
508056.7123	3881185.423
508057.9701	3881185.878
508058.9817	3881186.29
508059.893	3881186.745
508060.9137	3881187.179
508061.9892	3881187.579
508063.0189	3881188.101
508064.2766	3881188.668
508065.516	3881189.168
508066.555	3881189.59
508067.366	3881190.068
508068.2864	3881190.579
508069.5168	3881191.012
508070.6104	3881191.446
508071.5035	3881191.857
508072.5881	3881192.301
508073.7182	3881192.768
508074.7115	3881193.19
508075.6412	3881193.502
508076.4706	3881193.813
508077.4001	3881194.224
508078.3296	3881194.757
508079.3138	3881195.246
508080.2888	3881195.812
508081.2548	3881196.224
508082.0386	3881196.524
508082.7768	3881196.89
508083.8977	3881197.39
508085.0187	3881197.924
508086.1487	3881198.468
508087.2058	3881198.946
508088.1719	3881199.379
508089.3019	3881199.902
508090.359	3881200.446
508091.4162	3881200.868
508092.4005	3881201.246
508093.8404	3881201.88
508095.5355	3881202.58
508097.1214	3881203.191
508098.6433	3881203.825
508100.0103	3881204.436
508101.3409	3881204.98
508102.5348	3881205.503
508103.5919	3881206.025
508104.3482	3881206.536
508104.9677	3881207.024
508105.8968	3881207.956
508106.8348	3881209.144
508107.5085	3881210.231
508107.9451	3881211.274
508108.1633	3881211.962
508108.2358	3881212.483
508108.299	3881213.171
508108.353	3881213.936
508108.5981	3881215.189
508108.7972	3881216.875
508108.8689	3881218.228
508108.7948	3881219.503
508108.6111	3881221.078
508108.309	3881222.42
508107.8887	3881223.406
508107.4408	3881224.748
508106.9017	3881226.067
508106.1076	3881227.186
508105.377	3881228.483
508104.7469	3881229.725
508104.0986	3881230.778
508103.4778	3881231.775
508102.9117	3881232.739
508102.4733	3881233.571
508101.9896	3881234.18
508101.4784	3881234.89
508100.958	3881235.643
508100.5472	3881236.341
508100.0449	3881237.317
508099.3781	3881238.647
508098.4832	3881240.254
508097.3241	3881241.684
508096.6027	3881243.014
508095.8993	3881244.599
508095.3687	3881246.606
508095.4034	3881248.547
508096.0583	3881250.333
508096.8772	3881252.13
508097.997	3881253.883
508098.9709	3881255.725
508099.8082	3881257.367
508100.6822	3881258.699
508101.4745	3881259.731
508102.1484	3881260.519
508102.6766	3881261.184
508103.1502	3881261.762
508104.0793	3881262.705
508105.2361	3881263.87
508106.1742	3881264.925
508107.003	3881265.835
508107.8867	3881266.612
508108.6246	3881267.267
508109.4444	3881267.988
508110.2461	3881268.721
508111.1297	3881269.498
508111.8949	3881270.22
508112.6419	3881270.908
508113.2614	3881271.452
508113.808	3881271.863
508114.2909	3881272.24
508115.0014	3881272.862
508115.7757	3881273.606
508116.3038	3881274.382
508116.7772	3881275.181
508117.4506	3881276.59
508118.0509	3881278.099
508118.451	3881279.308
508118.8416	3881280.916
508119.3868	3881282.913
508119.9049	3881284.644
508120.3232	3881285.919
508120.7144	3881286.807
508120.9146	3881287.273
508121.0873	3881287.827
508121.3236	3881288.682
508121.5142	3881289.591
508121.7412	3881290.623
508121.9864	3881291.743
508122.2315	3881292.863
508122.7045	3881294.095
508123.1502	3881295.237
508123.5408	3881296.823
508124.0045	3881298.21
508124.2954	3881299.153
508124.5501	3881299.841
508124.8592	3881300.784
508125.1138	3881301.527
508125.3504	3881302.104
508125.6958	3881303.18
508126.0869	3881304.267
508126.4051	3881305.221
508126.6414	3881306.108
508127.1601	3881307.184
508127.9244	3881308.915
508128.7342	3881310.657
508129.4987	3881312.144
508130.0263	3881313.419
508130.2624	3881314.506
508130.371	3881315.438
508130.3884	3881316.292
508130.2784	3881316.991
508130.0226	3881317.622
508129.7849	3881318.277
508129.4651	3881319.097
508128.9536	3881320.205
508128.2138	3881321.68
508127.3737	3881323.176
508127.0267	3881323.808
508126.8441	3881324.152
508126.5335	3881324.806
508125.9125	3881326.025
508124.9171	3881327.787
508124.7965	3881330.194
508124.7391	3881333.155
508124.5356	3881336.459
508124.2685	3881339.464
508123.9471	3881342.081
508123.8993	3881344.532
508123.6876	3881346.816
508123.4122	3881348.923
508123.2373	3881350.797
508123.0808	3881352.505
508122.6419	3881353.979
508122.0756	3881355.088
508121.619	3881355.986
508121.1716	3881356.761
508120.7425	3881357.46
508120.0394	3881358.624
508119.1903	3881360.042
508118.4051	3881361.339
508117.775	3881362.459
508117.1177	3881363.5
508116.4786	3881364.487
508115.8578	3881365.44
508114.9996	3881366.781
508114.1323	3881368.189
508113.3745	3881369.419
508112.6258	3881370.672
508111.9318	3881371.924
508111.3018	3881372.988
508110.7905	3881373.864
508110.2153	3881374.773
508109.4026	3881376.236
508108.526	3881377.787
508107.7681	3881379.129
508107.1289	3881380.259
508106.6083	3881381.268
508106.097	3881382.188
508105.6313	3881383.008
508105.2021	3881383.773
508104.6086	3881384.848
508103.7959	3881386.245
508103.0562	3881387.641
508102.3895	3881388.938
508101.7047	3881390.18
508101.0198	3881391.443
508100.3897	3881392.552
508099.8419	3881393.494
508099.2393	3881394.503
508098.5268	3881395.988
508097.7779	3881397.562
508097.0472	3881399.036
508096.2892	3881400.522
508095.5494	3881401.952
508094.8826	3881403.415
508094.2706	3881404.745
508093.7135	3881405.887
508093.2111	3881406.884
508092.5627	3881408.159
508091.896	3881409.5
508091.3024	3881410.642
508090.7636	3881411.618
508090.097	3881412.826
508089.4395	3881414.089
508088.855	3881415.187
508088.3437	3881416.096
508087.8688	3881416.983
508087.257	3881418.069
508086.6727	3881419.088
508086.0609	3881420.119
508085.1295	3881421.86
508084.0885	3881423.755
508083.1661	3881425.462
508082.399	3881426.97
508081.7232	3881428.255
508081.1023	3881429.353
508080.4357	3881430.528
508079.5866	3881431.991
508078.7465	3881433.487
508077.8973	3881435.028
508076.9111	3881436.812
508075.9705	3881438.586
508075.1395	3881440.138
508074.3815	3881441.512
508073.6785	3881442.709
508073.0119	3881443.884
508072.0715	3881445.447
508070.9849	3881447.409
508069.9621	3881449.327
508069.0215	3881451.089
508068.1267	3881452.652
508067.3323	3881454.071
508066.6292	3881455.312
508066.0083	3881456.365
508065.5061	3881457.219
508065.1044	3881457.928
508064.7848	3881458.482
508064.3739	3881459.18
508063.7895	3881460.178
508063.2326	3881461.109
508062.7761	3881461.796
508062.3836	3881462.384
508061.8633	3881463.17
508061.2242	3881464.19
508060.649	3881465.077
508060.0557	3881465.952
508059.4622	3881466.972
508058.7865	3881468.158
508058.1565	3881469.211
508057.5082	3881470.331
508056.8508	3881471.472
508056.0016	3881472.958
508055.0519	3881474.764
508054.1113	3881476.516
508053.2621	3881478.034
508052.5498	3881479.387
508051.938	3881480.517
508051.4358	3881481.415
508051.0614	3881482.069
508050.6871	3881482.656
508050.0936	3881483.643
508049.5548	3881484.696
508049.0618	3881485.56
508048.5961	3881486.336
508048.1031	3881487.168
508047.3543	3881488.531
508046.5508	3881489.939
508045.7838	3881491.258
508044.9712	3881492.588
508044.2317	3881493.807
508043.5196	3881494.949
508042.7983	3881496.168
508042.0679	3881497.42
508041.31	3881498.773
508040.5886	3881500.036
508039.9769	3881501.122
508039.2829	3881502.32
508038.4612	3881503.705
508037.7307	3881505.024
508037.0915	3881506.155
508036.5619	3881507.119
508035.8862	3881508.294
508035.0919	3881509.668
508034.3432	3881510.921
508033.5126	3881512.04
508032.463	3881513.315
508031.3315	3881514.478
508030.3097	3881515.398
508029.4702	3881516.206
508028.795	3881516.86
508028.1746	3881517.381
508027.2623	3881518.068
508026.2132	3881518.832
508025.1824	3881519.541
508023.9875	3881520.271
508022.7288	3881520.925
508021.5979	3881521.401
508020.3667	3881521.91
508018.9166	3881522.496
508017.5668	3881523.116
508016.3721	3881523.603
508015.223	3881524.023
508013.9828	3881524.455
508012.7151	3881524.964
508011.4383	3881525.473
508009.6144	3881526.181
508007.7266	3881526.844
508006.0122	3881527.386
508004.3617	3881527.895
508002.3463	3881528.548
508000.3218	3881529.278
507998.5616	3881530.041
507996.9291	3881530.727
507995.169	3881531.336
507993.4181	3881531.966
507991.7401	3881532.542
507990.0895	3881533.139
507988.3112	3881533.692
507986.533	3881534.267
507984.7822	3881534.709
507983.1226	3881535.107
507981.5724	3881535.538
507980.2045	3881535.969
507978.8183	3881536.456
507977.1677	3881537.053
507975.3348	3881537.595
507973.52	3881538.17
507971.9697	3881538.735
507970.383	3881539.177
507968.7965	3881539.419
507967.292	3881539.762
507965.8603	3881540.193
507964.6017	3881540.769
507963.489	3881541.233
507962.1302	3881541.765
507960.3154	3881542.439
507958.5006	3881543.125
507956.8409	3881543.634
507955.391	3881543.977
507953.8775	3881544.197
507952.3275	3881544.406
507950.6226	3881544.427
507948.8085	3881544.27
507947.177	3881543.925
507945.8281	3881543.458
507944.6616	3881542.925
507943.2674	3881542.269
507941.7274	3881541.381
507940.2969	3881540.503
507938.9118	3881539.693
507937.6544	3881538.971
507936.5336	3881538.282
507935.5496	3881537.66
507934.693	3881537.194
507933.8456	3881536.716
507932.6246	3881536.005
507931.2577	3881535.294
507930.0002	3881534.617
507928.8338	3881533.939
507927.5582	3881533.14
507926.1642	3881532.218
507924.7882	3881531.463
507923.549	3881530.741
507922.2551	3881529.941
507921.1162	3881529.12
507919.9045	3881528.209
507918.5105	3881527.232
507917.2259	3881526.288
507915.8956	3881525.367
507914.429	3881524.024
507913.1266	3881522.614
507911.9608	3881521.293
507910.8588	3881519.995
507909.848	3881518.641
507908.7279	3881517.154
507907.6899	3881515.656
507906.8797	3881514.302
507906.2608	3881513.104
507905.5053	3881511.806
507904.6586	3881510.519
507903.9668	3881509.276
507903.375	3881508.355
507902.8834	3881507.556
507902.4374	3881506.702
507901.7365	3881505.459
507900.9357	3881503.784
507900.071	3881502.186
507899.2245	3881500.633
507898.3505	3881499.224
507897.6313	3881498.003
507896.9941	3881496.983
507896.2659	3881495.684
507895.5741	3881494.364
507895.0281	3881493.299
507894.5274	3881492.378
507894.127	3881491.568
507893.6082	3881490.548
507893.0622	3881489.383
507892.4434	3881488.085
507891.5242	3881486.276
507890.5046	3881484.568
507889.5578	3881483.014
507888.6749	3881481.428
507887.7463	3881479.907
507886.8086	3881478.354
507885.7525	3881476.679
507884.8605	3881475.025
507883.9958	3881473.505
507883.2767	3881472.152
507882.521	3881471.009
507881.8382	3881469.899
507881.2101	3881468.856
507880.5182	3881467.747
507879.5896	3881466.171
507878.5972	3881464.684
507877.6047	3881463.253
507876.5939	3881461.899
507875.738	3881460.723
507875.0733	3881459.724
507874.5088	3881458.825
507873.9262	3881457.849
507873.1251	3881456.529
507872.2147	3881455.053
507871.4409	3881453.744
507870.7764	3881452.601
507870.1756	3881451.547
507869.4199	3881450.348
507868.6371	3881448.973
507867.9179	3881447.708
507867.3263	3881446.62
507866.7529	3881445.555
507866.0793	3881444.257
507865.3056	3881442.937
507864.5589	3881441.849
507863.7941	3881440.718
507862.9383	3881439.353
507862.1281	3881438.01
507861.4544	3881436.856
507860.8355	3881435.736
507860.1618	3881434.593
507859.3243	3881433.173
507858.4595	3881431.675
507857.6584	3881430.31
507856.8937	3881429.023
507856.1928	3881427.78
507855.5647	3881426.682
507854.9457	3881425.584
507854.2539	3881424.363
507853.4164	3881422.898
507852.4697	3881421.179
507851.605	3881419.548
507850.804	3881418.128
507850.0666	3881416.841
507849.2838	3881415.42
507848.4555	3881413.923
507847.6453	3881412.502
507846.8897	3881411.304
507846.2251	3881410.228
507845.5969	3881409.24
507845.0324	3881408.386
507844.5499	3881407.565
507844.1676	3881406.866
507843.4755	3881405.956
507842.4189	3881404.802
507841.2895	3881403.547
507840.388	3881402.294
507839.6689	3881401.006
507838.9679	3881399.83
507838.1123	3881398.266
507837.2021	3881396.624
507836.4284	3881395.159
507835.928	3881393.995
507835.564	3881393.196
507835.1639	3881392.009
507834.9098	3881390.656
507835.0842	3881389.258
507835.3864	3881387.662
507835.9897	3881385.866
507836.6931	3881384.181
507837.3416	3881382.828
507837.926	3881381.709
507838.7751	3881380.246
507839.7612	3881378.627
507840.519	3881377.353
507841.0759	3881376.366
507841.8337	3881375.092
507842.555	3881373.85
507842.9659	3881373.119
507843.1577	3881372.731
507843.24	3881372.476