507885.66	3881469.824	130
507885.4101	3881469.389	130
507885.1602	3881468.954	130
507884.9103	3881468.518	130
507884.6605	3881468.083	130
507884.4106	3881467.648	130
507884.1607	3881467.213	130
507883.9108	3881466.778	130
507883.6609	3881466.342	130
507883.411	3881465.907	130
507883.1611	3881465.472	130
507882.9112	3881465.037	130
507882.6614	3881464.602	130
507882.4115	3881464.166	130
507882.1616	3881463.731	130
507881.9117	3881463.296	130
507881.6618	3881462.861	130
507881.4119	3881462.426	130
507881.162	3881461.99	130
507880.9121	3881461.555	130
507880.6623	3881461.12	130
507880.4124	3881460.685	130
507880.1625	3881460.25	130
507879.9126	3881459.814	130
507879.6627	3881459.379	130
507879.4128	3881458.944	130
507879.1629	3881458.509	130
507878.9131	3881458.074	130
507878.6632	3881457.638	130
507878.4133	3881457.203	130
507878.1634	3881456.768	130
507877.9135	3881456.333	130
507877.6636	3881455.898	130
507877.4137	3881455.462	130
507877.1638	3881455.027	130
507876.914	3881454.592	130
507876.6641	3881454.157	130
507876.4142	3881453.722	130
507876.1643	3881453.286	130
507875.9144	3881452.851	130
507875.6645	3881452.416	130
507875.4146	3881451.981	130
507875.1647	3881451.546	130
507874.9149	3881451.11	130
507874.665	3881450.675	130
507874.4151	3881450.24	130
507874.1652	3881449.805	130
507873.9153	3881449.37	130
507873.6654	3881448.934	130
507873.4155	3881448.499	130
507873.1657	3881448.064	130
507872.9158	3881447.629	130
507872.6659	3881447.194	130
507872.416	3881446.758	130
507872.1661	3881446.323	130
507871.9162	3881445.888	130
507871.6663	3881445.453	130
507871.4164	3881445.018	130
507871.1666	3881444.582	130
507870.9167	3881444.147	130
507870.6668	3881443.712	130
507870.4169	3881443.277	130
507870.167	3881442.842	130
507869.9171	3881442.406	130
507869.6672	3881441.971	130
507869.4173	3881441.536	130
507869.1675	3881441.101	130
507868.9176	3881440.666	130
507868.6677	3881440.23	130
507868.4178	3881439.795	130
507868.1679	3881439.36	130
507867.918	3881438.925	130
507867.6681	3881438.49	130
507867.4183	3881438.054	130
507867.1684	3881437.619	130
507866.9185	3881437.184	130
507866.6686	3881436.749	130
507866.4187	3881436.314	130
507866.1688	3881435.878	130
507865.9189	3881435.443	130
507865.669	3881435.008	130
507865.4192	3881434.573	130
507865.1693	3881434.138	130
507864.9194	3881433.702	130
507864.6695	3881433.267	130
507864.4196	3881432.832	130
507864.1697	3881432.397	130
507863.9198	3881431.962	130
507863.6699	3881431.526	130
507863.4201	3881431.091	130
507863.1702	3881430.656	130
507862.9203	3881430.221	130
507862.6704	3881429.786	130
507862.4205	3881429.35	130
507862.1706	3881428.915	130
507861.9207	3881428.48	130
507861.6709	3881428.045	130
507861.421	3881427.61	130
507861.1711	3881427.174	130
507860.9212	3881426.739	130
507860.6713	3881426.304	130
507860.4214	3881425.869	130
507860.1715	3881425.434	130
507859.9216	3881424.998	130
507859.6718	3881424.563	130
507859.4219	3881424.128	130
507859.172	3881423.693	130
507858.9221	3881423.258	130
507858.6722	3881422.822	130
507858.4223	3881422.387	130
507858.1724	3881421.952	130
507857.9225	3881421.517	130
507857.6727	3881421.082	130
507857.4228	3881420.646	130
507857.1729	3881420.211	130
507856.923	3881419.776	130
507881.965	3881471.158	130
507881.7145	3881470.722	130
507881.464	3881470.285	130
507881.2135	3881469.849	130
507880.963	3881469.412	130
507880.7125	3881468.976	130
507880.4619	3881468.54	130
507880.2114	3881468.103	130
507879.9609	3881467.667	130
507879.7104	3881467.23	130
507879.4599	3881466.794	130
507879.2094	3881466.358	130
507878.9589	3881465.921	130
507878.7084	3881465.485	130
507878.4579	3881465.049	130
507878.2074	3881464.612	130
507877.9568	3881464.176	130
507877.7063	3881463.739	130
507877.4558	3881463.303	130
507877.2053	3881462.867	130
507876.9548	3881462.43	130
507876.7043	3881461.994	130
507876.4538	3881461.557	130
507876.2033	3881461.121	130
507875.9528	3881460.685	130
507875.7023	3881460.248	130
507875.4517	3881459.812	130
507875.2012	3881459.375	130
507874.9507	3881458.939	130
507874.7002	3881458.503	130
507874.4497	3881458.066	130
507874.1992	3881457.63	130
507873.9487	3881457.193	130
507873.6982	3881456.757	130
507873.4477	3881456.321	130
507873.1972	3881455.884	130
507872.9466	3881455.448	130
507872.6961	3881455.011	130
507872.4456	3881454.575	130
507872.1951	3881454.139	130
507871.9446	3881453.702	130
507871.6941	3881453.266	130
507871.4436	3881452.83	130
507871.1931	3881452.393	130
507870.9426	3881451.957	130
507870.6921	3881451.52	130
507870.4415	3881451.084	130
507870.191	3881450.648	130
507869.9405	3881450.211	130
507869.69	3881449.775	130
507869.4395	3881449.338	130
507869.189	3881448.902	130
507868.9385	3881448.466	130
507868.688	3881448.029	130
507868.4375	3881447.593	130
507868.187	3881447.156	130
507867.9365	3881446.72	130
507867.6859	3881446.284	130
507867.4354	3881445.847	130
507867.1849	3881445.411	130
507866.9344	3881444.974	130
507866.6839	3881444.538	130
507866.4334	3881444.102	130
507866.1829	3881443.665	130
507865.9324	3881443.229	130
507865.6819	3881442.793	130
507865.4314	3881442.356	130
507865.1808	3881441.92	130
507864.9303	3881441.483	130
507864.6798	3881441.047	130
507864.4293	3881440.611	130
507864.1788	3881440.174	130
507863.9283	3881439.738	130
507863.6778	3881439.301	130
507863.4273	3881438.865	130
507863.1768	3881438.429	130
507862.9263	3881437.992	130
507862.6757	3881437.556	130
507862.4252	3881437.119	130
507862.1747	3881436.683	130
507861.9242	3881436.247	130
507861.6737	3881435.81	130
507861.4232	3881435.374	130
507861.1727	3881434.937	130
507860.9222	3881434.501	130
507860.6717	3881434.065	130
507860.4212	3881433.628	130
507860.1706	3881433.192	130
507859.9201	3881432.755	130
507859.6696	3881432.319	130
507859.4191	3881431.883	130
507859.1686	3881431.446	130
507858.9181	3881431.01	130
507858.6676	3881430.574	130
507858.4171	3881430.137	130
507858.1666	3881429.701	130
507857.9161	3881429.264	130
507857.6655	3881428.828	130
507857.415	3881428.392	130
507857.1645	3881427.955	130
507856.914	3881427.519	130
507856.6635	3881427.082	130
507856.413	3881426.646	130