298514.5467	4137862.13
298513.9238	4137861.348
298513.3305	4137860.544
298512.7166	4137859.755
298512.0917	4137858.975
298511.4708	4137858.191
298510.8568	4137857.403
298510.2367	4137856.619
298509.6226	4137855.83
298509.0026	4137855.046
298508.3885	4137854.258
298507.7685	4137853.474
298507.1544	4137852.686
298506.5344	4137851.902
298505.9202	4137851.113
298505.3002	4137850.329
298504.6861	4137849.541
298504.0661	4137848.757
298503.4519	4137847.968
298502.832	4137847.184
298502.2178	4137846.396
298501.5979	4137845.612
298500.9837	4137844.824
298500.3638	4137844.039
298499.7495	4137843.251
298499.1296	4137842.467
298498.5154	4137841.679
298497.8955	4137840.895
298497.2812	4137840.106
298496.6614	4137839.322
298496.0471	4137838.534
298495.4273	4137837.75
298494.813	4137836.961
298494.1932	4137836.177
298493.5788	4137835.389
298492.9591	4137834.605
298492.3447	4137833.817
298491.7249	4137833.032
298491.1106	4137832.244
298490.4908	4137831.46
298489.8764	4137830.672
298489.2567	4137829.888
298488.6423	4137829.099
298488.0226	4137828.315
298487.4082	4137827.527
298486.7885	4137826.743
298486.174	4137825.955
298485.5544	4137825.17
298484.9399	4137824.382
298484.3203	4137823.598
298483.7058	4137822.81
298483.0861	4137822.026
298482.4716	4137821.237
298481.852	4137820.453
298481.2375	4137819.665
298480.6179	4137818.881
298480.0034	4137818.093
298479.3838	4137817.308
298478.7692	4137816.52
298478.1497	4137815.736
298477.5351	4137814.948
298476.9156	4137814.163
298476.301	4137813.375
298475.6815	4137812.591
298475.0668	4137811.803
298474.4474	4137811.019
298473.8327	4137810.231
298473.2133	4137809.446
298472.5986	4137808.658
298471.9792	4137807.874
298471.3644	4137807.086
298470.745	4137806.301
298470.1303	4137805.513
298469.5109	4137804.729
298468.8962	4137803.941
298468.2768	4137803.157
298467.6621	4137802.369
298467.0427	4137801.584
298466.4279	4137800.796
298465.8086	4137800.012
298465.1938	4137799.224
298464.5745	4137798.439
298463.9597	4137797.651
298463.3404	4137796.867
298462.7256	4137796.079
298462.1063	4137795.295
298461.4914	4137794.507
298460.8722	4137793.722
298460.2573	4137792.934
298459.6381	4137792.15
298459.0232	4137791.362
298458.404	4137790.577
298457.7891	4137789.79
298457.1699	4137789.005
298456.5549	4137788.217
298455.9358	4137787.432
298455.3208	4137786.645
298454.7017	4137785.86
298454.0867	4137785.072
298453.4676	4137784.288
298452.8526	4137783.5
298452.2335	4137782.715
298451.6185	4137781.928
298451.001	4137781.142
298450.3851	4137780.355
298449.7665	4137779.57
298449.1504	4137778.783
298448.5319	4137777.998
298447.9158	4137777.211
298447.2974	4137776.426
298446.6811	4137775.639
298446.0628	4137774.854
298445.4464	4137774.068
298444.8283	4137773.282
298444.2117	4137772.496
298443.5937	4137771.71
298442.9771	4137770.924
298442.3592	4137770.139
298441.7373	4137769.356
