298517.2502	4137859.863
298516.6756	4137859.047
298516.0479	4137858.268
298515.4203	4137857.49
298514.792	4137856.712
298514.1734	4137855.926
298513.5548	4137855.141
298512.9362	4137854.355
298512.3176	4137853.57
298511.699	4137852.784
298511.0804	4137851.998
298510.4618	4137851.213
298509.8432	4137850.427
298509.2246	4137849.642
298508.606	4137848.856
298507.9874	4137848.071
298507.3688	4137847.285
298506.7503	4137846.499
298506.1317	4137845.714
298505.5131	4137844.928
298504.8945	4137844.143
298504.2759	4137843.357
298503.6573	4137842.572
298503.0387	4137841.786
298502.4201	4137841
298501.8015	4137840.215
298501.1829	4137839.429
298500.5643	4137838.644
298499.9457	4137837.858
298499.3271	4137837.073
298498.7085	4137836.287
298498.0899	4137835.501
298497.4713	4137834.716
298496.8527	4137833.93
298496.2341	4137833.145
298495.6156	4137832.359
298494.997	4137831.574
298494.3784	4137830.788
298493.7598	4137830.002
298493.1412	4137829.217
298492.5226	4137828.431
298491.904	4137827.646
298491.2854	4137826.86
298490.6668	4137826.075
298490.0482	4137825.289
298489.4296	4137824.504
298488.8113	4137823.718
298488.1933	4137822.932
298487.5753	4137822.146
298486.9573	4137821.36
298486.3393	4137820.574
298485.7213	4137819.788
298485.1033	4137819.002
298484.4853	4137818.216
298483.8673	4137817.43
298483.2493	4137816.643
298482.6314	4137815.857
298482.0134	4137815.071
298481.3954	4137814.285
298480.7774	4137813.499
298480.1594	4137812.713
298479.5414	4137811.927
298478.9234	4137811.141
298478.3054	4137810.355
298477.6874	4137809.569
298477.0694	4137808.783
298476.4514	4137807.997
298475.8334	4137807.211
298475.2157	4137806.425
298474.5982	4137805.638
298473.9807	4137804.852
298473.3632	4137804.066
298472.7457	4137803.279
298472.1282	4137802.493
298471.5107	4137801.706
298470.8932	4137800.92
298470.2757	4137800.134
298469.6583	4137799.347
298469.0408	4137798.561
298468.4233	4137797.774
298467.8058	4137796.988
298467.1883	4137796.202
298466.5708	4137795.415
298465.9533	4137794.629
298465.3358	4137793.842
298464.7183	4137793.056
298464.1008	4137792.269
298463.4833	4137791.483
298462.8658	4137790.697
298462.2483	4137789.91
298461.6308	4137789.124
298461.0133	4137788.337
298460.3958	4137787.551
298459.7783	4137786.765
298459.1608	4137785.978
298458.5433	4137785.192
298457.9258	4137784.405
298457.3083	4137783.619
298456.6908	4137782.833
298456.0733	4137782.046
298455.4553	4137781.26
298454.8372	4137780.474
298454.219	4137779.688
298453.6021	4137778.901
298452.9836	4137778.116
298452.3652	4137777.33
298451.7467	4137776.544
298451.1282	4137775.759
298450.5097	4137774.973
298449.8912	4137774.187
298449.2727	4137773.401
298448.6543	4137772.616
298448.0358	4137771.83
298447.4173	4137771.044
298446.7988	4137770.259
298446.1803	4137769.473
298445.5618	4137768.687
298444.9434	4137767.901
298444.3145	4137767.124
