507522.1755485801	3881192.5056438087	55
507522.1755485801	3881192.5056438087	55
507522.1755485801	3881192.5056438087	55
507522.1755302272	3881192.5278233257	55
507522.1846380542	3881192.5389206265	55
507522.1755302272	3881192.5278233257	55
507522.1846380542	3881192.5389206265	55
507522.18461052474	3881192.572189902	55
507522.18459217175	3881192.594369419	55
507522.18461052474	3881192.572189902	55
507522.18459217175	3881192.594369419	55
507522.1754568153	3881192.616541391	55
507522.16631228005	3881192.6498031216	55
507522.16631228005	3881192.6498031216	55
507522.1571769214	3881192.671975095	55
507522.1571769214	3881192.671975095	55
507522.13891537825	3881192.7052292824	55
507522.13891537825	3881192.7052292824	55
507522.13891537825	3881192.7052292824	55
507522.1115368343	3881192.738475923	55
507522.0659242746	3881192.7717074794	55
507522.0659242746	3881192.7717074794	55
507522.0659242746	3881192.7717074794	55
507522.0111855357	3881192.8160212478	55
507521.94732978946	3881192.8603274743	55
507522.0111855357	3881192.8160212478	55
507521.94732978946	3881192.8603274743	55
507521.90169887873	3881192.9157385468	55
507521.90169887873	3881192.9157385468	55
507521.8560771469	3881192.960059861	55
507521.8560771469	3881192.960059861	55
507521.81956324255	3881193.015478476	55
507521.81956324255	3881193.015478476	55
507521.78304016497	3881193.081986852	55
507521.7465079096	3881193.1595849865	55
507521.7465079096	3881193.1595849865	55
507521.70084947615	3881193.248265333	55
507521.7465079096	3881193.1595849865	55
507521.70084947615	3881193.248265333	55
507521.66431722685	3881193.3258634675	55
507521.66431722685	3881193.3258634675	55
507521.6277757977	3881193.4145513596	55
507521.6277757977	3881193.4145513596	55
507521.5821265424	3881193.492141951	55
507521.5821265424	3881193.492141951	55
507521.5364681099	3881193.5808222997	55
507521.5364681099	3881193.5808222997	55
507521.4725756688	3881193.6694875625	55
507521.4725756688	3881193.6694875625	55
507521.4178002359	3881193.7581603676	55
507521.3721418087	3881193.8468407188	55
507521.3721418087	3881193.8468407188	55
507521.32649255544	3881193.9244313096	55
507521.32649255544	3881193.9244313096	55
507521.32649255544	3881193.9244313096	55
507521.2808341299	3881194.01311166	55
507521.2808341299	3881194.01311166	55
507521.2442927072	3881194.101799555	55
507521.2442927072	3881194.101799555	55
507521.2168591164	3881194.2015847503	55
507521.18942552625	3881194.3013699464	55
507521.2168591164	3881194.2015847503	55
507521.18942552625	3881194.3013699464	55
507521.1619919343	3881194.4011551403	55
507521.1619919343	3881194.4011551403	55
507521.1345675206	3881194.489850578	55
507521.1345675206	3881194.489850578	55
507521.0980261035	3881194.5785384737	55
507521.0523676835	3881194.667218825	55
507521.0523676835	3881194.667218825	55
507520.9976014334	3881194.744801875	55
507520.9976014334	3881194.744801875	55
507520.9976014334	3881194.744801875	55
507520.9428351843	3881194.8223849265	55
507520.9428351843	3881194.8223849265	55
507520.8971859419	3881194.8999755206	55
507520.8971859419	3881194.8999755206	55
507520.8515275254	3881194.9886558736	55
507520.8515275254	3881194.9886558736	55
507520.7967521042	3881195.077328683	55
507520.7510936896	3881195.166009035	55
507520.7967521042	3881195.077328683	55
507520.7510936896	3881195.166009035	55
507520.6963090957	3881195.2657716055	55
507520.6963090957	3881195.2657716055	55
507520.64152450534	3881195.365534174	55
507520.64152450534	3881195.365534174	55
507520.5958660914	3881195.454214529	55
507520.5958660914	3881195.454214529	55
507520.5502076806	3881195.542894883	55
507520.5502076806	3881195.542894883	55
507520.49543226796	3881195.631567696	55
507520.49543226796	3881195.631567696	55
507520.4315306747	3881195.731322724	55
507520.4315306747	3881195.731322724	55
507520.36763826176	3881195.819987994	55
507520.36763826176	3881195.819987994	55
507520.32197985507	3881195.9086683504	55
507520.32197985507	3881195.9086683504	55
507520.27631227503	3881196.008438465	55
507520.27631227503	3881196.008438465	55
507520.2306538678	3881196.0971188196	55
507520.2306538678	3881196.0971188196	55
507520.1849771157	3881196.2079786924	55
507520.1849771157	3881196.2079786924	55
507520.1484173644	3881196.318846108	55
507520.1027406144	3881196.4297059816	55
507520.1027406144	3881196.4297059816	55
507520.1027406144	3881196.4297059816	55
507520.05707303935	3881196.5294760964	55
507520.05707303935	3881196.5294760964	55
507520.02052246477	3881196.6292537544	55
507520.02052246477	3881196.6292537544	55
507519.9657287162	3881196.7401060862	55
507519.9657287162	3881196.7401060862	55
507519.9109441381	3881196.8398686596	55
507519.9109441381	3881196.8398686596	55
507519.83791639155	3881196.9507059096	55
507519.83791639155	3881196.9507059096	55
507519.7831318184	3881197.050468485	55
507519.7831318184	3881197.050468485	55
507519.7192302453	3881197.1502235183	55
507519.7192302453	3881197.1502235183	55
507519.6735718515	3881197.2389038764	55
507519.61877811083	3881197.3497562106	55
507519.61877811083	3881197.3497562106	55
507519.56399354246	3881197.4495187863	55
507519.56399354246	3881197.4495187863	55
507519.50919980207	3881197.5603711223	55
507519.50919980207	3881197.5603711223	55
507519.50919980207	3881197.5603711223	55
507519.45440606534	3881197.671223458	55
507519.45440606534	3881197.671223458	55
507519.39963067614	3881197.759896277	55
507519.39963067614	3881197.759896277	55
507519.35396311316	3881197.859666396	55
507519.2900615504	3881197.9594214326	55
507519.2900615504	3881197.9594214326	55
507519.2261599913	3881198.0591764706	55
507519.2261599913	3881198.0591764706	55
507519.2261599913	3881198.0591764706	55
507519.16225843126	3881198.1589315077	55
507519.10748304555	3881198.2476043277	55
507519.10748304555	3881198.2476043277	55
507519.06181549054	3881198.347374449	55
507519.06181549054	3881198.347374449	55
507519.0070309366	3881198.447137028	55
507519.0070309366	3881198.447137028	55
507519.0070309366	3881198.447137028	55
507518.9522372113	3881198.557989367	55
507518.9522372113	3881198.557989367	55
507518.9065604824	3881198.668849247	55
507518.9065604824	3881198.668849247	55
507518.85177593207	3881198.7686118283	55
507518.85177593207	3881198.7686118283	55
507518.8061083825	3881198.8683819487	55
507518.8061083825	3881198.8683819487	55
507518.75132383214	3881198.968144531	55
507518.69653928536	3881199.0679071117	55
507518.75132383214	3881198.968144531	55
507518.69653928536	3881199.0679071117	55
507518.63263773825	3881199.1676621544	55
507518.5778531939	3881199.2674247357	55
507518.5778531939	3881199.2674247357	55
507518.5778531939	3881199.2674247357	55
507518.52306864853	3881199.3671873203	55
507518.46829327627	3881199.455860144	55
507518.46829327627	3881199.455860144	55
507518.4135087355	3881199.555622726	55
507518.4135087355	3881199.555622726	55
507518.3496071972	3881199.655377771	55
507518.3496071972	3881199.655377771	55
507518.28568731446	3881199.7773123323	55
507518.28568731446	3881199.7773123323	55
507518.28568731446	3881199.7773123323	55
507518.2308936036	3881199.888164675	55
507518.2308936036	3881199.888164675	55
507518.17610906804	3881199.9879272594	55
507518.17610906804	3881199.9879272594	55
507518.1213153621	3881200.0987796034	55
507518.0574138285	3881200.198534648	55
507518.1213153621	3881200.0987796034	55
507517.9935122986	3881200.298289695	55
507517.9935122986	3881200.298289695	55
507517.9935122986	3881200.298289695	55
507517.92960159417	3881200.4091345007	55
507517.874817065	3881200.508897088	55
507517.874817065	3881200.508897088	55
507517.8291403636	3881200.6197569724	55
507517.874817065	3881200.508897088	55
507517.8291403636	3881200.6197569724	55
507517.77435583685	3881200.719519559	55
507517.77435583685	3881200.719519559	55
507517.7195621356	3881200.830371906	55
507517.67388543766	3881200.9412317914	55
507517.7195621356	3881200.830371906	55
507517.6282179118	3881201.0410019206	55
507517.67388543766	3881200.9412317914	55
507517.6282179118	3881201.0410019206	55
507517.57343338744	3881201.1407645084	55
507517.5186488666	3881201.240527099	55
507517.57343338744	3881201.1407645084	55
507517.4547473476	3881201.3402821473	55
507517.4547473476	3881201.3402821473	55
507517.4547473476	3881201.3402821473	55
507517.39085500303	3881201.42894744	55
507517.39085500303	3881201.42894744	55
507517.33607048594	3881201.528710032	55
507517.28128596535	3881201.628472621	55
507517.33607048594	3881201.528710032	55
507517.28128596535	3881201.628472621	55
507517.22651062114	3881201.7171454537	55
507517.22651062114	3881201.7171454537	55
507517.17171693715	3881201.827997803	55
507517.12604941893	3881201.9277679347	55
507517.12604941893	3881201.9277679347	55
507517.12604941893	3881201.9277679347	55
507517.08037273376	3881202.038627824	55
507517.08037273376	3881202.038627824	55
507517.0347052199	3881202.1383979544	55
507517.0347052199	3881202.1383979544	55
507516.9890285346	3881202.2492578435	55
507516.9890285346	3881202.2492578435	55
507516.9251178584	3881202.360102656	55
507516.9251178584	3881202.360102656	55
507516.861207186	3881202.4709474687	55
507516.861207186	3881202.4709474687	55
507516.78817034716	3881202.5928745028	55
507516.78817034716	3881202.5928745028	55
507516.7242596781	3881202.703719316	55
507516.7242596781	3881202.703719316	55
507516.6603490083	3881202.814564131	55
507516.6603490083	3881202.814564131	55
507516.6055553378	3881202.925416484	55
507516.6055553378	3881202.925416484	55
507516.55076166627	3881203.0362688377	55
507516.55076166627	3881203.0362688377	55
507516.49596799613	3881203.147121191	55
507516.4502913247	3881203.2579810834	55
507516.4502913247	3881203.2579810834	55
507516.4502913247	3881203.2579810834	55
507516.3955068266	3881203.35774368	55
507516.3955068266	3881203.35774368	55
507516.34072233195	3881203.457506277	55
507516.28593783855	3881203.5572688743	55
507516.28593783855	3881203.5572688743	55
507516.2220363493	3881203.6570239323	55
507516.2220363493	3881203.6570239323	55
507516.16726102756	3881203.745696772	55
507516.16726102756	3881203.745696772	55
507516.11247653543	3881203.8454593704	55
507516.16726102756	3881203.745696772	55
507516.06680904125	3881203.9452295066	55
507516.06680904125	3881203.9452295066	55
507516.06680904125	3881203.9452295066	55
507516.02115071245	3881204.033909883	55
507515.96635705704	3881204.1447622404	55
507516.02115071245	3881204.033909883	55
507515.96635705704	3881204.1447622404	55
507515.9206803971	3881204.255622136	55
507515.9206803971	3881204.255622136	55
507515.8750129047	3881204.3553922744	55
507515.8750129047	3881204.3553922744	55
507515.8293454157	3881204.455162411	55
507515.7745517651	3881204.5660147695	55
507515.8293454157	3881204.455162411	55
507515.7745517651	3881204.5660147695	55
507515.71065028856	3881204.6657698317	55
507515.71065028856	3881204.6657698317	55
507515.6467488157	3881204.765524895	55
507515.60108132893	3881204.8652950334	55
507515.60108132893	3881204.8652950334	55
507515.54628768365	3881204.976147394	55
507515.60108132893	3881204.8652950334	55
507515.54628768365	3881204.976147394	55
507515.5006202013	3881205.075917533	55
507515.5006202013	3881205.075917533	55
507515.45494354935	3881205.1867774315	55
507515.45494354935	3881205.1867774315	55
507515.40926689847	3881205.2976373294	55
507515.35447325814	3881205.4084896916	55
507515.40926689847	3881205.2976373294	55
507515.35447325814	3881205.4084896916	55
507515.29967961676	3881205.5193420528	55
507515.29967961676	3881205.5193420528	55
507515.24488597905	3881205.630194415	55
507515.24488597905	3881205.630194415	55
507515.19009234034	3881205.7410467765	55
507515.1261908808	3881205.840801843	55
507515.1261908808	3881205.840801843	55
507515.0622802547	3881205.951646669	55
507515.0622802547	3881205.951646669	55
507515.0166127802	3881206.051416811	55
507515.0622802547	3881205.951646669	55
507514.9618191469	3881206.1622691755	55
507515.0166127802	3881206.051416811	55
507514.9618191469	3881206.1622691755	55
507514.9161425092	3881206.273129076	55
507514.9161425092	3881206.273129076	55
507514.86134887836	3881206.3839814407	55
507514.86134887836	3881206.3839814407	55
507514.8065552512	3881206.4948338047	55
507514.8065552512	3881206.4948338047	55
507514.7608877846	3881206.594603948	55
507514.70609415526	3881206.705456313	55
507514.70609415526	3881206.705456313	55
507514.70609415526	3881206.705456313	55
507514.6421927077	3881206.8052113834	55
507514.6421927077	3881206.8052113834	55
507514.5691742678	3881206.9049589187	55
507514.5691742678	3881206.9049589187	55
507514.51438981446	3881207.004721526	55
507514.51438981446	3881207.004721526	55
507514.4596053624	3881207.104484135	55
507514.4596053624	3881207.104484135	55
507514.395694751	3881207.2153289644	55
507514.3409102991	3881207.3150915746	55
507514.3409102991	3881207.3150915746	55
507514.2861258508	3881207.414854183	55
507514.2861258508	3881207.414854183	55
507514.2861258508	3881207.414854183	55
507514.2313414036	3881207.5146167935	55
507514.1765569554	3881207.6143794027	55
507514.2313414036	3881207.5146167935	55
507514.1126646867	3881207.7030447195	55
507514.1126646867	3881207.7030447195	55
507514.1126646867	3881207.7030447195	55
507514.0487724146	3881207.7917100363	55
507513.975763158	3881207.880367816	55
507513.975763158	3881207.880367816	55
507513.975763158	3881207.880367816	55
507513.9118708908	3881207.9690331337	55
507513.9118708908	3881207.9690331337	55
507513.8479694609	3881208.0687882095	55
507513.8479694609	3881208.0687882095	55
507513.7931941888	3881208.1574610635	55
507513.7384097492	3881208.2572236774	55
507513.7931941888	3881208.1574610635	55
507513.7384097492	3881208.2572236774	55
507513.6836253108	3881208.35698629	55
507513.6836253108	3881208.35698629	55
507513.6288408759	3881208.4567489037	55
507513.6288408759	3881208.4567489037	55
507513.58318259806	3881208.545429294	55
507513.58318259806	3881208.545429294	55
507513.47362289525	3881208.7338647633	55
507513.47362289525	3881208.7338647633	55
507513.40060448594	3881208.8336123084	55
507513.40060448594	3881208.8336123084	55
507513.33671223104	3881208.9222776294	55
507513.33671223104	3881208.9222776294	55
507513.2819369691	3881209.0109504866	55
507513.21804471663	3881209.099615809	55
507513.21804471663	3881209.099615809	55
507513.163260289	3881209.1993784243	55
507513.163260289	3881209.1993784243	55
507513.163260289	3881209.1993784243	55
507513.1176020194	3881209.2880588174	55
507513.1176020194	3881209.2880588174	55
507513.0628175963	3881209.3878214355	55
507513.0628175963	3881209.3878214355	55
507513.00803317444	3881209.4875840526	55
507513.00803317444	3881209.4875840526	55
507512.9532579144	3881209.5762569113	55
507512.9532579144	3881209.5762569113	55
507512.88935650623	3881209.676011995	55
507512.8254550971	3881209.775767078	55
507512.88935650623	3881209.676011995	55
507512.76156285673	3881209.8644324043	55
507512.8254550971	3881209.775767078	55
507512.70677844103	3881209.9641950224	55
507512.70677844103	3881209.9641950224	55
507512.64287703595	3881210.063950109	55
507512.64287703595	3881210.063950109	55
507512.64287703595	3881210.063950109	55
507512.58809262037	3881210.163712729	55
507512.58809262037	3881210.163712729	55
507512.54242519644	3881210.263482884	55
507512.4876316208	3881210.374335263	55
507512.4876316208	3881210.374335263	55
507512.4876316208	3881210.374335263	55
507512.43284720654	3881210.4740978824	55
507512.43284720654	3881210.4740978824	55
507512.37806279806	3881210.573860505	55
507512.31416140316	3881210.6736155916	55
507512.31416140316	3881210.6736155916	55
507512.31416140316	3881210.6736155916	55
507512.2502508429	3881210.7844604384	55
507512.2502508429	3881210.7844604384	55
507512.1863494509	3881210.884215527	55
507512.1863494509	3881210.884215527	55
507512.1224480579	3881210.9839706146	55
507512.06766365364	3881211.083733239	55
507512.06766365364	3881211.083733239	55
507512.06766365364	3881211.083733239	55
507512.01287925284	3881211.1834958615	55
507511.95808568917	3881211.2943482455	55
507512.01287925284	3881211.1834958615	55
507511.95808568917	3881211.2943482455	55
507511.90330128855	3881211.394110869	55
507511.90330128855	3881211.394110869	55
507511.857624712	3881211.5049707857	55
507511.857624712	3881211.5049707857	55
507511.802840316	3881211.6047334094	55
507511.7480467574	3881211.7155857943	55
507511.802840316	3881211.6047334094	55
507511.7480467574	3881211.7155857943	55
507511.68413621135	3881211.8264306453	55
507511.68413621135	3881211.8264306453	55
507511.6111086828	3881211.9372679624	55
507511.6111086828	3881211.9372679624	55
507511.5563151239	3881212.0481203487	55
507511.5563151239	3881212.0481203487	55
507511.501521571	3881212.1589727327	55
507511.4376110334	3881212.269817584	55
507511.501521571	3881212.1589727327	55
507511.4376110334	3881212.269817584	55
507511.3828174809	3881212.3806699715	55
507511.3828174809	3881212.3806699715	55
507511.3280239298	3881212.4915223583	55
507511.3280239298	3881212.4915223583	55
507511.2732395456	3881212.591284986	55
507511.2732395456	3881212.591284986	55
507511.2093290114	3881212.702129841	55
507511.2093290114	3881212.702129841	55
507511.14541848114	3881212.8129746947	55
507511.0815079501	3881212.92381955	55
507511.0815079501	3881212.92381955	55
507511.0084896006	3881213.023567114	55
507511.0084896006	3881213.023567114	55
507510.9445882355	3881213.1233222117	55
507510.9445882355	3881213.1233222117	55
507510.8897946942	3881213.2341746003	55
507510.8897946942	3881213.2341746003	55
507510.8897946942	3881213.2341746003	55
507510.83500115655	3881213.345026989	55
507510.7802076202	3881213.45587938	55
507510.7802076202	3881213.45587938	55
507510.7802076202	3881213.45587938	55
507510.7254049203	3881213.577821529	55
507510.7254049203	3881213.577821529	55
507510.679728369	3881213.688681451	55
507510.679728369	3881213.688681451	55
507510.62494399905	3881213.788444083	55
507510.62494399905	3881213.788444083	55
507510.5701504679	3881213.899296475	55
507510.5153661005	3881213.9990591086	55
507510.5153661005	3881213.9990591086	55
507510.45146474533	3881214.0988142085	55
507510.45146474533	3881214.0988142085	55
507510.45146474533	3881214.0988142085	55
507510.3966803804	3881214.1985768415	55
507510.3966803804	3881214.1985768415	55
507510.3418960166	3881214.298339476	55
507510.3418960166	3881214.298339476	55
507510.28711165173	3881214.3981021107	55
507510.28711165173	3881214.3981021107	55
507510.2323181261	3881214.508954504	55
507510.17753376596	3881214.6087171407	55
507510.17753376596	3881214.6087171407	55
507510.1318663907	3881214.7084873067	55
507510.1318663907	3881214.7084873067	55
507510.07708202826	3881214.8082499434	55
507510.07708202826	3881214.8082499434	55
507510.01318068826	3881214.9080050457	55
507510.01318068826	3881214.9080050457	55
507509.9492885113	3881214.996670393	55
507509.9492885113	3881214.996670393	55
507509.8762701885	3881215.0964179654	55
507509.8762701885	3881215.0964179654	55
507509.8214949973	3881215.1850908445	55
507509.8214949973	3881215.1850908445	55
507509.8214949973	3881215.1850908445	55
507509.7667106434	3881215.2848534817	55
507509.7667106434	3881215.2848534817	55
507509.71192629077	3881215.38461612	55
507509.65713278035	3881215.4954685173	55
507509.65713278035	3881215.4954685173	55
507509.6114654152	3881215.595238687	55
507509.6114654152	3881215.595238687	55
507509.55667190725	3881215.7060910836	55
507509.55667190725	3881215.7060910836	55
507509.5018875571	3881215.8058537245	55
507509.5018875571	3881215.8058537245	55
507509.5018875571	3881215.8058537245	55
507509.4470940518	3881215.916706122	55
507509.37407574186	3881216.0164536997	55
507509.37407574186	3881216.0164536997	55
507509.37407574186	3881216.0164536997	55
507509.30104827497	3881216.1272910354	55
507509.2371377896	3881216.238135904	55
507509.2371377896	3881216.238135904	55
507509.17322730814	3881216.348980773	55
507509.17322730814	3881216.348980773	55
507509.1093168259	3881216.4598256424	55
507509.1093168259	3881216.4598256424	55
507509.1093168259	3881216.4598256424	55
507509.054523327	3881216.570678043	55
507509.054523327	3881216.570678043	55
507508.99061285006	3881216.6815229137	55
507508.99061285006	3881216.6815229137	55
507508.92671153275	3881216.781278025	55
507508.8628010589	3881216.892122896	55
507508.8628010589	3881216.892122896	55
507508.7897736029	3881217.0029602377	55
507508.7897736029	3881217.0029602377	55
507508.71674614877	3881217.1137975794	55
507508.71674614877	3881217.1137975794	55
507508.6437278587	3881217.213545163	55
507508.6437278587	3881217.213545163	55
507508.58894353	3881217.313307808	55
507508.58894353	3881217.313307808	55
507508.52504222386	3881217.413062923	55
507508.52504222386	3881217.413062923	55
507508.4611409191	3881217.512818037	55
507508.4611409191	3881217.512818037	55
507508.4611409191	3881217.512818037	55
507508.3972304514	3881217.6236629114	55
507508.34243697044	3881217.7345153173	55
507508.34243697044	3881217.7345153173	55
507508.34243697044	3881217.7345153173	55
507508.278526508	3881217.845360194	55
507508.278526508	3881217.845360194	55
507508.2237421894	3881217.945122841	55
507508.2237421894	3881217.945122841	55
507508.1598225727	3881218.067057474	55
507508.1598225727	3881218.067057474	55
507508.1050382521	3881218.1668201224	55
507508.1050382521	3881218.1668201224	55
507508.0411277979	3881218.2776649995	55
507507.9863434845	3881218.377427648	55
507508.0411277979	3881218.2776649995	55
507507.9863434845	3881218.377427648	55
507507.93154085154	3881218.4993698155	55
507507.8676304018	3881218.610214694	55
507507.8676304018	3881218.610214694	55
507507.80371994904	3881218.7210595733	55
507507.80371994904	3881218.7210595733	55
507507.7489173229	3881218.84300174	55
507507.7489173229	3881218.84300174	55
507507.7489173229	3881218.84300174	55
507507.6850068778	3881218.9538466195	55
507507.6850068778	3881218.9538466195	55
507507.621096432	3881219.0646915	55
507507.621096432	3881219.0646915	55
507507.54806901084	3881219.17552885	55
507507.4750415892	3881219.2863662015	55
507507.4750415892	3881219.2863662015	55
507507.4750415892	3881219.2863662015	55
507507.41113115055	3881219.3972110837	55
507507.3563376899	3881219.5080634966	55
507507.3563376899	3881219.5080634966	55
507507.3563376899	3881219.5080634966	55
507507.29242725193	3881219.618908378	55
507507.29242725193	3881219.618908378	55
507507.2376246381	3881219.740850549	55
507507.2376246381	3881219.740850549	55
507507.1737142032	3881219.851695432	55
507507.1189207505	3881219.9625478447	55
507507.1189207505	3881219.9625478447	55
507507.0550011605	3881220.084482488	55
507507.0550011605	3881220.084482488	55
507506.9910907325	3881220.1953273737	55
507507.0550011605	3881220.084482488	55
507506.9910907325	3881220.1953273737	55
507506.9271711435	3881220.3172620167	55
507506.9271711435	3881220.3172620167	55
507506.8632698767	3881220.417017144	55
507506.79935029557	3881220.538951789	55
507506.79935029557	3881220.538951789	55
507506.79935029557	3881220.538951789	55
507506.7354398716	3881220.649796676	55
507506.7354398716	3881220.649796676	55
507506.6806464291	3881220.760649091	55
507506.6167268505	3881220.882583737	55
507506.6806464291	3881220.760649091	55
507506.6167268505	3881220.882583737	55
507506.5528164335	3881220.993428625	55
507506.5528164335	3881220.993428625	55
507506.48890601343	3881221.104273514	55
507506.48890601343	3881221.104273514	55
507506.4249955995	3881221.215118403	55
507506.4249955995	3881221.215118403	55
507506.35197736515	3881221.3148660054	55
507506.35197736515	3881221.3148660054	55
507506.26983299834	3881221.425695839	55
507506.26983299834	3881221.425695839	55
507506.20593174646	3881221.52545097	55
507506.20593174646	3881221.52545097	55
507506.14202133665	3881221.63629586	55
507506.14202133665	3881221.63629586	55
507506.0781200877	3881221.7360509927	55
507506.0781200877	3881221.7360509927	55
507506.01420968317	3881221.8468958847	55
507506.01420968317	3881221.8468958847	55
507505.95942541107	3881221.9466585475	55
507505.95942541107	3881221.9466585475	55
507505.89552416623	3881222.0464136805	55
507505.89552416623	3881222.0464136805	55
507505.84073074	3881222.157266102	55
507505.84073074	3881222.157266102	55
507505.7859373151	3881222.2681185235	55
507505.7859373151	3881222.2681185235	55
507505.7220360744	3881222.367873658	55
507505.7220360744	3881222.367873658	55
507505.6581256764	3881222.4787185527	55
507505.603341412	3881222.5784812174	55
507505.6581256764	3881222.4787185527	55
507505.603341412	3881222.5784812174	55
507505.55766497034	3881222.689341167	55
507505.55766497034	3881222.689341167	55
507505.5028715544	3881222.8001935896	55
507505.5028715544	3881222.8001935896	55
507505.4571951128	3881222.9110535407	55
507505.4571951128	3881222.9110535407	55
507505.41152783076	3881223.0108237327	55
507505.41152783076	3881223.0108237327	55
507505.36586054973	3881223.1105939257	55
507505.36586054973	3881223.1105939257	55
507505.31107629003	3881223.2103565913	55
507505.2562920361	3881223.3101192564	55
507505.2562920361	3881223.3101192564	55
507505.19239080854	3881223.4098743945	55
507505.19239080854	3881223.4098743945	55
507505.1193726053	3881223.509622008	55
507505.19239080854	3881223.4098743945	55
507505.0645883553	3881223.609384674	55
507505.1193726053	3881223.509622008	55
507505.0645883553	3881223.609384674	55
507505.0006962852	3881223.6980500566	55
507504.9367950632	3881223.797805197	55
507505.0006962852	3881223.6980500566	55
507504.9367950632	3881223.797805197	55
507504.88200165913	3881223.908657625	55
507504.81809128216	3881224.019502525	55
507504.81809128216	3881224.019502525	55
507504.81809128216	3881224.019502525	55
507504.7633070385	3881224.1192651936	55
507504.7633070385	3881224.1192651936	55
507504.7085136408	3881224.230117623	55
507504.7085136408	3881224.230117623	55
507504.6446124234	3881224.329872765	55
507504.6446124234	3881224.329872765	55
507504.58981902606	3881224.4407251934	55
507504.51680083765	3881224.5404728116	55
507504.51680083765	3881224.5404728116	55
507504.51680083765	3881224.5404728116	55
507504.4620166005	3881224.640235482	55
507504.4620166005	3881224.640235482	55
507504.40723236447	3881224.739998154	55
507504.40723236447	3881224.739998154	55
507504.3615651008	3881224.8397683506	55
507504.3615651008	3881224.8397683506	55
507504.3158978404	3881224.939538549	55
507504.3158978404	3881224.939538549	55
507504.26110445074	3881225.0503909807	55
507504.22456332034	3881225.1390789463	55
507504.22456332034	3881225.1390789463	55
507504.22456332034	3881225.1390789463	55
507504.16977908765	3881225.238841618	55
507504.16977908765	3881225.238841618	55
507504.11499485845	3881225.338604291	55
507504.11499485845	3881225.338604291	55
507504.05109365756	3881225.438359439	55
507503.9871832991	3881225.5492043453	55
507504.05109365756	3881225.438359439	55
507503.92328210117	3881225.648959494	55
507503.92328210117	3881225.648959494	55
507503.92328210117	3881225.648959494	55
507503.85937174805	3881225.7598044	55
507503.85937174805	3881225.7598044	55
507503.8045783712	3881225.870656834	55
507503.8045783712	3881225.870656834	55
507503.7497849957	3881225.981509269	55
507503.7497849957	3881225.981509269	55
507503.6949824628	3881226.1034514615	55
507503.649306062	3881226.214311423	55
507503.649306062	3881226.214311423	55
507503.5945126905	3881226.325163858	55
507503.5945126905	3881226.325163858	55
507503.53971932025	3881226.436016292	55
507503.53971932025	3881226.436016292	55
507503.53971932025	3881226.436016292	55
507503.4758181288	3881226.535771445	55
507503.4758181288	3881226.535771445	55
507503.41192609706	3881226.6244368376	55
507503.41192609706	3881226.6244368376	55
507503.35714188445	3881226.7241995162	55
507503.35714188445	3881226.7241995162	55
507503.30235767306	3881226.8239621934	55
507503.24757346057	3881226.9237248725	55
507503.30235767306	3881226.8239621934	55
507503.24757346057	3881226.9237248725	55
507503.1927892493	3881227.0234875497	55
507503.1380050415	3881227.1232502307	55
507503.1380050415	3881227.1232502307	55
507503.1380050415	3881227.1232502307	55
507503.0923286527	3881227.2341101924	55
507503.03754444263	3881227.333872873	55
507503.03754444263	3881227.333872873	55
507503.03754444263	3881227.333872873	55
507502.97363411443	3881227.4447177867	55
507502.9006159678	3881227.544465418	55
507502.9006159678	3881227.544465418	55
507502.8275886721	3881227.6553028077	55
507502.9006159678	3881227.544465418	55
507502.7636783464	3881227.766147724	55
507502.7636783464	3881227.766147724	55
507502.7636783464	3881227.766147724	55
507502.7088941478	3881227.8659104058	55
507502.6632269207	3881227.9656806113	55
507502.6632269207	3881227.9656806113	55
507502.6632269207	3881227.9656806113	55
507502.60844272206	3881228.0654432927	55
507502.60844272206	3881228.0654432927	55
507502.55365852464	3881228.165205976	55
507502.4988743307	3881228.264968659	55
507502.4988743307	3881228.264968659	55
507502.44408098544	3881228.3758211024	55
507502.4988743307	3881228.264968659	55
507502.3801798196	3881228.475576262	55
507502.3801798196	3881228.475576262	55
507502.3801798196	3881228.475576262	55
507502.3162695074	3881228.58642118	55
507502.25236834673	3881228.686176341	55
507502.3162695074	3881228.58642118	55
507502.25236834673	3881228.686176341	55
507502.18845803756	3881228.7970212605	55
507502.1245568821	3881228.8967764224	55
507502.1245568821	3881228.8967764224	55
507502.06065572565	3881228.996531584	55
507502.06065572565	3881228.996531584	55
507502.00587154215	3881229.0962942694	55
507502.00587154215	3881229.0962942694	55
507501.9510782056	3881229.207146715	55
507501.9510782056	3881229.207146715	55
507501.9510782056	3881229.207146715	55
507501.8962940222	3881229.306909401	55
507501.8962940222	3881229.306909401	55
507501.84150069056	3881229.417761848	55
507501.78670736024	3881229.528614295	55
507501.78670736024	3881229.528614295	55
507501.78670736024	3881229.528614295	55
507501.71368924103	3881229.6283619357	55
507501.71368924103	3881229.6283619357	55
507501.6497880966	3881229.7281171004	55
507501.6497880966	3881229.7281171004	55
507501.5858777997	3881229.838962025	55
507501.5858777997	3881229.838962025	55
507501.5310936265	3881229.938724713	55
507501.5310936265	3881229.938724713	55
507501.47630030307	3881230.0495771607	55
507501.47630030307	3881230.0495771607	55
507501.42150697636	3881230.16042961	55
507501.42150697636	3881230.16042961	55
507501.3667228069	3881230.2601922993	55
507501.3667228069	3881230.2601922993	55
507501.3028125195	3881230.3710372266	55
507501.3028125195	3881230.3710372266	55
507501.24802835257	3881230.470799918	55
507501.1841180658	3881230.581644844	55
507501.1841180658	3881230.581644844	55
507501.1841180658	3881230.581644844	55
507501.11109996395	3881230.681392491	55
507501.11109996395	3881230.681392491	55
507501.0380727152	3881230.7922298955	55
507501.0380727152	3881230.7922298955	55
507500.97416243324	3881230.903074823	55
507500.9102521529	3881231.0139197526	55
507500.9102521529	3881231.0139197526	55
507500.84635102464	3881231.1136749233	55
507500.84635102464	3881231.1136749233	55
507500.7824315991	3881231.235609612	55
507500.7824315991	3881231.235609612	55
507500.7094043564	3881231.34644702	55
507500.7094043564	3881231.34644702	55
507500.6546110515	3881231.457299474	55
507500.6546110515	3881231.457299474	55
507500.5907099292	3881231.557054646	55
507500.5907099292	3881231.557054646	55
507500.5176826938	3881231.6678920547	55
507500.5176826938	3881231.6678920547	55
507500.5176826938	3881231.6678920547	55
507500.4537724243	3881231.7787369876	55
507500.38074519235	3881231.8895743983	55
507500.4537724243	3881231.7787369876	55
507500.38074519235	3881231.8895743983	55
507500.32595189003	3881232.000426854	55
507500.32595189003	3881232.000426854	55
507500.2711585937	3881232.11127931	55
507500.2711585937	3881232.11127931	55
507500.21636529866	3881232.222131766	55
507500.21636529866	3881232.222131766	55
507500.161572005	3881232.332984223	55
507500.161572005	3881232.332984223	55
507500.0976525925	3881232.4549189163	55
507500.04285930167	3881232.565771373	55
507500.04285930167	3881232.565771373	55
507500.04285930167	3881232.565771373	55
507499.9789490443	3881232.6766163087	55
507499.9150387908	3881232.787461246	55
507499.9150387908	3881232.787461246	55
507499.9150387908	3881232.787461246	55
507499.84201157116	3881232.89829866	55
507499.75986738806	3881233.0091285547	55
507499.84201157116	3881232.89829866	55
507499.75986738806	3881233.0091285547	55
507499.69595713954	3881233.1199734923	55
507499.69595713954	3881233.1199734923	55
507499.63203774346	3881233.241908191	55
507499.63203774346	3881233.241908191	55
507499.5681274958	3881233.3527531284	55
507499.5042081031	3881233.474687826	55
507499.5042081031	3881233.474687826	55
507499.4311625963	3881233.6077047633	55
507499.5042081031	3881233.474687826	55
507499.3763601693	3881233.729646983	55
507499.3763601693	3881233.729646983	55
507499.3763601693	3881233.729646983	55
507499.3033329638	3881233.840484402	55
507499.23030576005	3881233.9513218235	55
507499.3033329638	3881233.840484402	55
507499.23030576005	3881233.9513218235	55
507499.15727856045	3881234.062159244	55
507499.0751343962	3881234.1729891435	55
507499.0751343962	3881234.1729891435	55
507499.0751343962	3881234.1729891435	55
507499.01122416183	3881234.2838340863	55
507499.01122416183	3881234.2838340863	55
507498.94731393136	3881234.39467903	55
507498.94731393136	3881234.39467903	55
507498.88340370014	3881234.505523974	55
507498.8194934728	3881234.6163689177	55
507498.8194934728	3881234.6163689177	55
507498.7647002105	3881234.727221383	55
507498.7647002105	3881234.727221383	55
507498.70079913177	3881234.82697657	55
507498.7647002105	3881234.727221383	55
507498.70079913177	3881234.82697657	55
507498.6551228332	3881234.9378365567	55
507498.6551228332	3881234.9378365567	55
507498.5912217595	3881235.0375917433	55
507498.52732983266	3881235.1262571705	55
507498.52732983266	3881235.1262571705	55
507498.52732983266	3881235.1262571705	55
507498.4543117987	3881235.2260048394	55
507498.40863550734	3881235.3368648277	55
507498.40863550734	3881235.3368648277	55
507498.3447344345	3881235.436620015	55
507498.3447344345	3881235.436620015	55
507498.3447344345	3881235.436620015	55
507498.28994118294	3881235.5474724844	55
507498.2260309678	3881235.6583174323	55
507498.2260309678	3881235.6583174323	55
507498.2260309678	3881235.6583174323	55
507498.1621116092	3881235.780252141	55
507498.1621116092	3881235.780252141	55
507498.0982105445	3881235.880007331	55
507498.0982105445	3881235.880007331	55
507498.0343003363	3881235.990852281	55
507498.0343003363	3881235.990852281	55
507497.95215620316	3881236.101682192	55
507497.95215620316	3881236.101682192	55
507497.879129034	3881236.212519623	55
507497.879129034	3881236.212519623	55
507497.796984907	3881236.3233495345	55
507497.796984907	3881236.3233495345	55
507497.7239577415	3881236.4341869685	55
507497.7239577415	3881236.4341869685	55
507497.66916450346	3881236.54503944	55
507497.66916450346	3881236.54503944	55
507497.6052634472	3881236.644794633	55
507497.6052634472	3881236.644794633	55
507497.5413532504	3881236.755639587	55
507497.5413532504	3881236.755639587	55
507497.47744305286	3881236.866484541	55
507497.47744305286	3881236.866484541	55
507497.4135420056	3881236.966239738	55
507497.4135420056	3881236.966239738	55
507497.3405239962	3881237.0659874133	55
507497.3405239962	3881237.0659874133	55
507497.25838902744	3881237.1657275716	55
507497.25838902744	3881237.1657275716	55
507497.1671370995	3881237.2654602104	55
507497.1671370995	3881237.2654602104	55
507497.0941190952	3881237.3652078896	55
507497.0941190952	3881237.3652078896	55
507497.0119841364	3881237.46494805	55
507497.0119841364	3881237.46494805	55
507496.9389569897	3881237.5757854893	55
507496.9389569897	3881237.5757854893	55
507496.8659298447	3881237.686622928	55
507496.8659298447	3881237.686622928	55
507496.783785741	3881237.7974528493	55
507496.7016507849	3881237.8971930137	55
507496.783785741	3881237.7974528493	55
507496.7016507849	3881237.8971930137	55
507496.6195158329	3881237.996933177	55
507496.6195158329	3881237.996933177	55
507496.53737173503	3881238.107763101	55
507496.53737173503	3881238.107763101	55
507496.4461198244	3881238.207495748	55
507496.4461198244	3881238.207495748	55
507496.3457509559	3881238.307220877	55
507496.3457509559	3881238.307220877	55
507496.2544990494	3881238.4069535276	50
507496.2544990494	3881238.4069535276	50
507496.1723641046	3881238.506693695	50
507496.1723641046	3881238.506693695	50
507496.08111220197	3881238.6064263457	50
507495.9898603014	3881238.706158997	50
507496.08111220197	3881238.6064263457	50
507495.9898603014	3881238.706158997	50
507495.8986084051	3881238.8058916503	50
507495.8986084051	3881238.8058916503	50
507495.80735650845	3881238.905624304	50
507495.80735650845	3881238.905624304	50
507495.71610461385	3881239.0053569595	50
507495.71610461385	3881239.0053569595	50
507495.6339788246	3881239.0940073724	50
507495.6339788246	3881239.0940073724	50
507495.55184389284	3881239.1937475456	50
507495.4606011503	3881239.282390444	50
507495.4606011503	3881239.282390444	50
507495.3875831809	3881239.3821381363	50
507495.3875831809	3881239.3821381363	50
507495.3875831809	3881239.3821381363	50
507495.31457435933	3881239.470796071	50
507495.2415655368	3881239.559454005	50
507495.31457435933	3881239.470796071	50
507495.2415655368	3881239.559454005	50
507495.17766453297	3881239.659209218	50
507495.17766453297	3881239.659209218	50
507495.11375438224	3881239.7700541886	50
507495.11375438224	3881239.7700541886	50
507495.0407364206	3881239.8698018836	50
507495.0407364206	3881239.8698018836	50
507494.9768445646	3881239.9584673373	50
507494.9768445646	3881239.9584673373	50
507494.8947279345	3881240.0360279987	50
507494.8947279345	3881240.0360279987	50
507494.7943773919	3881240.113573628	50
507494.7943773919	3881240.113573628	50
507494.6940359919	3881240.1800294993	50
507494.6940359919	3881240.1800294993	50
507494.58457763534	3881240.246477855	50
507494.58457763534	3881240.246477855	50
507494.4933531962	3881240.312941245	50
507494.4933531962	3881240.312941245	50
507494.4021287583	3881240.3794046347	50
507494.4021287583	3881240.3794046347	50
507494.3017782238	3881240.4569502706	50
507494.3017782238	3881240.4569502706	50
507494.210544644	3881240.5345034217	50
507494.210544644	3881240.5345034217	50
507494.1102032528	3881240.6009593	50
507494.0189696784	3881240.6785124536	50
507494.0189696784	3881240.6785124536	50
507494.0189696784	3881240.6785124536	50
507493.92773610784	3881240.7560656075	50
507493.92773610784	3881240.7560656075	50
507493.8182777615	3881240.8225139733	50
507493.8182777615	3881240.8225139733	50
507493.70882856334	3881240.8778725797	50
507493.70882856334	3881240.8778725797	50
507493.5902624046	3881240.933223673	50
507493.5902624046	3881240.933223673	50
507493.4717053935	3881240.9774850076	50
507493.34403142415	3881241.02173883	50
507493.4717053935	3881240.9774850076	50
507493.34403142415	3881241.02173883	50
507493.2254744108	3881241.0660001687	50
507493.2254744108	3881241.0660001687	50
507493.0978004438	3881241.1102539934	50
507492.97013561917	3881241.143418062	50
507492.97013561917	3881241.143418062	50
507492.97013561917	3881241.143418062	50
507492.8515877501	3881241.176589646	50
507492.8515877501	3881241.176589646	50
507492.7330398866	3881241.209761233	50
507492.7330398866	3881241.209761233	50
507492.6053842052	3881241.231835546	50
507492.46861156746	3881241.2539023478	50
507492.46861156746	3881241.2539023478	50
507492.33184806595	3881241.264879393	50
507492.33184806595	3881241.264879393	50
507492.20420152874	3881241.2758639534	50
507492.33184806595	3881241.264879393	50
507492.20420152874	3881241.2758639534	50
507492.07654584956	3881241.297938274	50
507491.9488993108	3881241.3089228384	50
507491.9488993108	3881241.3089228384	50
507491.82124363043	3881241.330997165	50
507491.82124363043	3881241.330997165	50
507491.68448013556	3881241.3419742184	50
507491.68448013556	3881241.3419742184	50
507491.68448013556	3881241.3419742184	50
507491.5568335979	3881241.352958788	50
507491.5568335979	3881241.352958788	50
507491.43830401736	3881241.3639508737	50
507491.43830401736	3881241.3639508737	50
507491.310666617	3881241.3638456874	50
507491.310666617	3881241.3638456874	50
507491.1739214009	3881241.352643231	50
507491.0371761845	3881241.3414407773	50
507491.1739214009	3881241.352643231	50
507491.0371761845	3881241.3414407773	50
507490.9095479246	3881241.330245838	50
507490.9095479246	3881241.330245838	50
507490.7819288027	3881241.3079611403	50
507490.7819288027	3881241.3079611403	50
507490.65430053975	3881241.2967662043	50
507490.65430053975	3881241.2967662043	50
507490.52668141684	3881241.2744815117	50
507490.52668141684	3881241.2744815117	50
507490.3899453363	3881241.252189308	50
507490.3899453363	3881241.252189308	50
507490.27144316677	3881241.2299121306	50
507490.27144316677	3881241.2299121306	50
507490.1529410013	3881241.2076349556	50
507490.02533101325	3881241.17426051	50
507490.1529410013	3881241.2076349556	50
507489.9068471187	3881241.129803821	50
507490.02533101325	3881241.17426051	50
507489.9068471187	3881241.129803821	50
507489.7701475806	3881241.06315259	50
507489.7701475806	3881241.06315259	50
507489.65166368335	3881241.0186959025	50
507489.65166368335	3881241.0186959025	50
507489.5331797849	3881240.9742392167	50
507489.5331797849	3881240.9742392167	50
507489.4146958853	3881240.929782533	50
507489.4146958853	3881240.929782533	50
507489.2870950273	3881240.8853183393	50
507489.2870950273	3881240.8853183393	50
507489.1503772106	3881240.8408466363	50
507489.02277635003	3881240.796382447	50
507489.1503772106	3881240.8408466363	50
507489.02277635003	3881240.796382447	50
507488.8951754859	3881240.751918258	50
507488.7675837586	3881240.696364313	50
507488.8951754859	3881240.751918258	50
507488.7675837586	3881240.696364313	50
507488.6491089874	3881240.640817879	50
507488.6491089874	3881240.640817879	50
507488.52152639045	3881240.5741741783	50
507488.40305161616	3881240.5186277493	50
507488.52152639045	3881240.5741741783	50
507488.2754507474	3881240.47416357	50
507488.40305161616	3881240.5186277493	50
507488.1660929281	3881240.4186246525	50
507488.2754507474	3881240.47416357	50
507488.1660929281	3881240.4186246525	50
507488.0476090146	3881240.3741679857	50
507488.0476090146	3881240.3741679857	50
507487.91999900725	3881240.340793572	50
507487.80151509156	3881240.2963369084	50
507487.91999900725	3881240.340793572	50
507487.80151509156	3881240.2963369084	50
507487.68303117476	3881240.2518802467	50
507487.5645563888	3881240.1963338284	50
507487.68303117476	3881240.2518802467	50
507487.5645563888	3881240.1963338284	50
507487.45519856416	3881240.1407949207	50
507487.3367329119	3881240.0741587463	50
507487.45519856416	3881240.1407949207	50
507487.2182581215	3881240.0186123303	50
507487.2182581215	3881240.0186123303	50
507487.10890029266	3881239.963073427	50
507487.10890029266	3881239.963073427	50
507487.10890029266	3881239.963073427	50
507486.99041636573	3881239.9186167754	50
507486.8719415736	3881239.863070364	50
507486.99041636573	3881239.9186167754	50
507486.8719415736	3881239.863070364	50
507486.7534576489	3881239.8186137145	50
507486.7534576489	3881239.8186137145	50
507486.6258476267	3881239.785239319	50
507486.51648978906	3881239.7297004214	50
507486.51648978906	3881239.7297004214	50
507486.4071228171	3881239.6852512853	50
507486.4071228171	3881239.6852512853	50
507486.4071228171	3881239.6852512853	50
507486.2977649769	3881239.6297123907	50
507486.2977649769	3881239.6297123907	50
507486.18841626815	3881239.5630837404	50
507486.0699505991	3881239.4964475813	50
507486.18841626815	3881239.5630837404	50
507486.0699505991	3881239.4964475813	50
507485.9606018847	3881239.4298189324	50
507485.85124404106	3881239.3742800434	50
507485.85124404106	3881239.3742800434	50
507485.85124404106	3881239.3742800434	50
507485.7418861915	3881239.3187411567	50
507485.7418861915	3881239.3187411567	50
507485.61429442494	3881239.263187256	50
507485.4866935273	3881239.218723114	50
507485.4866935273	3881239.218723114	50
507485.4866935273	3881239.218723114	50
507485.36820958287	3881239.1742664836	50
507485.36820958287	3881239.1742664836	50
507485.24973477115	3881239.1187200965	50
507485.24973477115	3881239.1187200965	50
507485.1403769194	3881239.063181216	50
507485.1403769194	3881239.063181216	50
507485.03101906175	3881239.0076423376	50
507485.03101906175	3881239.0076423376	50
507484.9125533769	3881238.941006193	50
507484.8031863877	3881238.896557077	50
507484.8031863877	3881238.896557077	50
507484.8031863877	3881238.896557077	50
507484.6938285283	3881238.8410182022	50
507484.5753445773	3881238.7965615815	50
507484.5753445773	3881238.7965615815	50
507484.4477527964	3881238.7410076964	50
507484.4477527964	3881238.7410076964	50
507484.4477527964	3881238.7410076964	50
507484.32015188347	3881238.6965435725	50
507484.32015188347	3881238.6965435725	50
507484.2016770568	3881238.640997198	50
507484.2016770568	3881238.640997198	50
507484.08320223104	3881238.5854508253	50
507484.08320223104	3881238.5854508253	50
507483.96473653615	3881238.518814695	50
507483.96473653615	3881238.518814695	50
507483.8462799647	3881238.4410888064	50
507483.72782339365	3881238.3633629195	50
507483.8462799647	3881238.4410888064	50
507483.72782339365	3881238.3633629195	50
507483.60935769323	3881238.2967267926	50
507483.60935769323	3881238.2967267926	50
507483.4908919865	3881238.230090668	50
507483.4908919865	3881238.230090668	50
507483.37242628034	3881238.1634545457	50
507483.37242628034	3881238.1634545457	55
507483.24483448087	3881238.1079006786	55
507483.24483448087	3881238.1079006786	55
507483.11724268214	3881238.0523468126	55
507483.11724268214	3881238.0523468126	55
507483.0078939335	3881237.9857181986	55
507483.0078939335	3881237.9857181986	55
507482.8894282183	3881237.919082082	55
507482.8894282183	3881237.919082082	55
507482.7800885949	3881237.841363714	55
507482.7800885949	3881237.841363714	55
507482.6707580934	3881237.752555586	55
507482.6707580934	3881237.752555586	55
507482.56141846615	3881237.674837218	55
507482.56141846615	3881237.674837218	55
507482.4429527437	3881237.608201108	55
507482.4429527437	3881237.608201108	55
507482.33360398235	3881237.541572503	55
507482.33360398235	3881237.541572503	55
507482.2151382611	3881237.4749363945	55
507482.07842948183	3881237.41937504	55
507482.2151382611	3881237.4749363945	55
507482.07842948183	3881237.41937504	55
507481.9599546295	3881237.363828696	55
507481.84147977346	3881237.3082823507	55
507481.84147977346	3881237.3082823507	55
507481.84147977346	3881237.3082823507	55
507481.73213100183	3881237.241653754	55
507481.73213100183	3881237.241653754	55
507481.61366527225	3881237.175017653	55
507481.61366527225	3881237.175017653	55
507481.50431649736	3881237.108389057	55
507481.38585076435	3881237.0417529605	55
507481.50431649736	3881237.108389057	55
507481.38585076435	3881237.0417529605	55
507481.28561894747	3881236.975131871	55
507481.28561894747	3881236.975131871	55
507481.1762610458	3881236.91959304	55
507481.1762610458	3881236.91959304	55
507481.05778617685	3881236.864046706	55
507480.9484191461	3881236.819597637	55
507481.05778617685	3881236.864046706	55
507480.9484191461	3881236.819597637	55
507480.8299442745	3881236.764051305	55
507480.72970332904	3881236.708519981	55
507480.8299442745	3881236.764051305	55
507480.72970332904	3881236.708519981	55
507480.62034541613	3881236.6529811556	55
507480.62034541613	3881236.6529811556	55
507480.50187966845	3881236.58634507	55
507480.50187966845	3881236.58634507	55
507480.3925400063	3881236.508626729	55
507480.2740742551	3881236.441990647	55
507480.3925400063	3881236.508626729	55
507480.2740742551	3881236.441990647	55
507480.16471634083	3881236.386451827	55
507480.16471634083	3881236.386451827	55
507480.046250584	3881236.3198157484	55
507480.046250584	3881236.3198157484	55
507479.91865874076	3881236.2642619265	55
507479.79106689594	3881236.20870811	55
507479.91865874076	3881236.2642619265	55
507479.79106689594	3881236.20870811	55
507479.67259200924	3881236.153161793	55
507479.55412625044	3881236.0865257205	55
507479.67259200924	3881236.153161793	55
507479.55412625044	3881236.0865257205	55
507479.4447683229	3881236.0309869084	55
507479.4447683229	3881236.0309869084	55
507479.3354286474	3881235.953268581	55
507479.3354286474	3881235.953268581	55
507479.2169628789	3881235.8866325123	55
507479.2169628789	3881235.8866325123	55
507479.10761407326	3881235.820003947	55
507479.10761407326	3881235.820003947	55
507478.99825614213	3881235.764465141	55
507478.99825614213	3881235.764465141	55
507478.8889073335	3881235.6978365784	55
507478.8889073335	3881235.6978365784	55
507478.77043243934	3881235.6422902737	55
507478.77043243934	3881235.6422902737	55
507478.6428405765	3881235.586736471	55
507478.6428405765	3881235.586736471	55
507478.52436567703	3881235.531190171	55
507478.52436567703	3881235.531190171	55
507478.4150168598	3881235.464561613	55
507478.4150168598	3881235.464561613	55
507478.30565892253	3881235.4090228165	55
507478.30565892253	3881235.4090228165	55
507478.1963192252	3881235.3313045017	55
507478.08698865346	3881235.2424964295	55
507478.08698865346	3881235.2424964295	55
507477.98675679485	3881235.1758753774	55
507477.98675679485	3881235.1758753774	55
507477.98675679485	3881235.1758753774	55
507477.8774170943	3881235.098157068	55
507477.8774170943	3881235.098157068	55
507477.7680682695	3881235.031528518	55
507477.7680682695	3881235.031528518	55
507477.6587103207	3881234.9759897282	55
507477.6587103207	3881234.9759897282	55
507477.5311184417	3881234.920435942	55
507477.5311184417	3881234.920435942	55
507477.4217604925	3881234.864897154	55
507477.4217604925	3881234.864897154	55
507477.31241165916	3881234.79826861	55
507477.31241165916	3881234.79826861	55
507477.20306282886	3881234.731640067	55
507477.20306282886	3881234.731640067	55
507477.0845970311	3881234.6650040275	55
507477.0845970311	3881234.6650040275	55
507476.97525731445	3881234.587285728	55
507476.97525731445	3881234.587285728	55
507476.8568006368	3881234.5095599312	55
507476.8568006368	3881234.5095599312	55
507476.7474517951	3881234.442931394	55
507476.6381029564	3881234.3763028583	55
507476.7474517951	3881234.442931394	55
507476.6381029564	3881234.3763028583	55
507476.51963714755	3881234.3096668245	55
507476.51963714755	3881234.3096668245	55
507476.40116221854	3881234.254120553	55
507476.40116221854	3881234.254120553	55
507476.2735612035	3881234.2096565417	55
507476.2735612035	3881234.2096565417	55
507476.17332019977	3881234.1541252676	55
507476.17332019977	3881234.1541252676	55
507476.063962233	3881234.098586498	55
507476.063962233	3881234.098586498	55
507475.9546133806	3881234.03195797	55
507475.9546133806	3881234.03195797	55
507475.84527365124	3881233.9542396837	55
507475.84527365124	3881233.9542396837	55
507475.7359339154	3881233.8765213997	55
507475.7359339154	3881233.8765213997	55
507475.63569290476	3881233.8209901326	55
507475.63569290476	3881233.8209901326	55
507475.5263349284	3881233.7654513693	55
507475.5263349284	3881233.7654513693	55
507475.4261030348	3881233.6988303447	55
507475.30761897174	3881233.6543738456	55
507475.4261030348	3881233.6988303447	55
507475.30761897174	3881233.6543738456	55
507475.1982609914	3881233.598835086	55
507475.1982609914	3881233.598835086	55
507475.0889030098	3881233.543296327	55
