37.36501033	126.72421	-0.679656028748
37.365008	126.7242077	-0.679656028748
37.36500183	126.7242017	-0.679656028748
37.36499117	126.7241912	-0.679656028748
37.364973	126.7241737	-0.679656028748
37.36494583	126.7241473	-0.679656028748
37.36491033	126.7241132	-0.679656028748
37.364867	126.7240713	-0.679656028748
37.36481967	126.7240248	-0.679656028748
37.36477017	126.723978	-0.679656028748
37.364718	126.7239385	-0.679656028748
37.3646625	126.7239202	-0.679656028748
37.36460817	126.7239285	-0.679656028748
37.3645625	126.7239602	-0.679656028748
37.36452617	126.7240042	-0.679656028748
37.36449567	126.7240507	-0.679656028748
37.36446917	126.7240922	-0.679656028748
37.3644475	126.7241262	-0.679656028748
37.36443233	126.7241503	-0.679656028748
37.36442383	126.7241638	-0.679656028748
