507465.70277359476	3881228.2457643603	100
507465.7118905647	3881228.2457718477	100
507466.07641453337	3881228.4345972543	100
507466.5593953301	3881228.7011483386	100
507466.7689945431	3881228.812218161	100
507467.5800586549	3881229.234295517	100
507468.199766568	3881229.5342283063	100
507468.56429954467	3881229.7119640545	100
507469.5759003454	3881230.1785654156	100
507470.569257996	3881230.656241664	100
507471.9271210389	3881231.3449231815	100
507473.2393169933	3881232.133375258	100
507474.5789092112	3881232.86640122	100
507476.35594222526	3881233.8104927028	100
507477.7138134846	3881234.488085333	70
507478.59780317085	3881234.9213134325	70
507479.6640590318	3881235.4434097176	70
507480.87613141583	3881236.032164726	70
507482.4345842931	3881236.6988333673	70
507483.71079459455	3881236.899499721	70
507484.91418785637	3881236.955939333	70
507486.29092209804	3881236.8683548905	70
507487.5948120174	3881236.669812991	70
507488.78939894575	3881236.3491938007	70
507489.89289856964	3881235.9286918184	70
507490.9053017766	3881235.4193967707	70
507491.89042732	3881234.8213612214	70
507492.7661768496	3881234.189966327	70
507493.93390707124	3881233.270478287	70
507494.91021781205	3881232.3064735066	70
507495.7132698115	3881231.3866850315	70
507496.3430355652	3881230.544382092	70
507496.69906373415	3881229.9790976066	70
507497.3290217486	3881228.9039098	100
507497.89520685363	3881227.7732206075	100
507498.3701034578	3881226.786623113	100
507498.8358374564	3881225.855466917	100
507499.3197688997	3881224.9686848246	100
507499.6393112799	3881224.4255498922	100
507499.9131956263	3881223.971095432	100
507500.37883842416	3881223.150836907	60
507501.0727351392	3881221.931535162	60
507501.6753341424	3881220.867414858	60
507502.10439951957	3881220.1802034355	60
507502.35094233556	3881219.7146367207	60
507502.9444063465	3881218.6726884968	60
507503.65652855363	3881217.464491765	60
507504.26824513596	3881216.400379166	60
507504.74305147206	3881215.524679605	100
507505.345779512	3881214.3053029315	100
507506.06722997525	3881212.842049476	100
507506.90737550304	3881211.1681885403	100
507507.7473198405	3881209.738302373	100
507508.3678979374	3881208.984710828	100
507509.0523683544	3881208.142453975	100
507510.33889015095	3881206.901462975	100
507511.4062837532	3881206.048432904	70
507512.683368403	3881205.195576252	70
507514.17028166074	3881204.1765467315	70
507515.90330828266	3881203.213169765	70
507517.7455374636	3881202.49385829	70
507519.42349587666	3881201.974027095	70
507520.70920341683	3881201.720026072	70
507522.18625784595	3881201.599260755	70
507524.32880720886	3881201.5344953244	70
507526.3797367315	3881202.013053077	70
507527.9380911104	3881202.8017168236	70
507529.4052936422	3881203.5681258086	70
507530.9362781364	3881204.378946933	70
507531.96604824654	3881204.923198636	70
507533.21456173575	3881205.545260086	70
507534.79119486414	3881206.278491331	100
507536.5499285225	3881207.3002077425	100
507537.8529961895	3881208.0997513225	100
507539.11060743616	3881208.7440006635	100
507539.8760942509	3881209.154956894	100
507540.1586105421	3881209.288268421	100
507540.0857022222	3881209.2549386476	100
507540.0310186841	3881209.2327137585	100
507540.3135073723	3881209.3992945636	100
507540.97868880205	3881209.8323472217	100
507541.44340682594	3881210.1321564275	100
507541.8716844715	3881210.398666126	100
507542.8649484877	3881210.9872478484	100
507544.02231814025	3881211.575965868	100
507544.93364866904	3881212.02031286	100
507545.7811878189	3881212.4313376946	100
507546.9385018611	3881213.086594641	100
507548.52409301524	3881214.008361746	100
507549.8546017237	3881214.697032181	100
507550.93905301124	3881215.2635109928	100
507552.2877492497	3881216.007645726	100
507553.59091564885	3881216.6852042302	100
507555.04894150264	3881217.5181483547	100
507556.2791808544	3881218.18455687	100
507557.24517512467	3881218.6733096098	100
507557.6643718033	3881218.895453443	100
507557.7463877411	3881218.939880695	100
507557.7372707617	3881218.9398731156	100
507557.69171352184	3881218.9065659405	100
