298513.8291	4137855.747
298513.2075	4137854.964
298512.5919	4137854.176
298511.9779	4137853.387
298511.3642	4137852.597
298510.751	4137851.808
298510.1386	4137851.017
298509.5285	4137850.225
298508.9136	4137849.436
298508.3016	4137848.645
298507.6929	4137847.852
298507.0827	4137847.06
298506.4699	4137846.269
298505.8539	4137845.482
298505.2377	4137844.694
298504.6198	4137843.908
298504.0017	4137843.122
298503.3856	4137842.334
298502.7671	4137841.548
298502.1486	4137840.763
298501.5335	4137839.974
298500.9163	4137839.187
298500.3004	4137838.4
298499.6834	4137837.613
298499.0615	4137836.83
298498.4441	4137836.043
298497.8249	4137835.258
298497.209	4137834.47
298496.596	4137833.68
298495.9786	4137832.893
298495.3612	4137832.107
298494.7424	4137831.321
298494.1261	4137830.534
298493.5114	4137829.745
298492.9014	4137828.952
298492.2849	4137828.165
298491.6714	4137827.375
298491.0579	4137826.586
298490.4487	4137825.793
298489.8314	4137825.006
298489.2225	4137824.213
298488.6129	4137823.42
298488	4137822.63
298487.3814	4137821.844
298486.7675	4137821.055
298486.137	4137820.279
298485.5136	4137819.497
298484.8812	4137818.722
298484.2512	4137817.946
298483.6112	4137817.177
298482.9699	4137816.41
298482.328	4137815.643
298481.6785	4137814.883
298481.0248	4137814.126
298480.3727	4137813.368
298479.709	4137812.62
298479.0453	4137811.872
298478.3752	4137811.13
298477.7015	4137810.391
298477.0234	4137809.656
298476.3387	4137808.927
298475.6537	4137808.199
298474.963	4137807.475
298474.2682	4137806.756
298473.5727	4137806.038
298472.8736	4137805.323
298472.1736	4137804.608
298471.4726	4137803.895
298470.7674	4137803.186
298470.0667	4137802.473
298469.3656	4137801.76
298468.6604	4137801.051
298467.9587	4137800.338
298467.2581	4137799.625
298466.5598	4137798.909
298465.8626	4137798.192
298465.1655	4137797.475
298464.4724	4137796.755
298463.7847	4137796.028
298463.0987	4137795.301
298462.4182	4137794.568
298461.7443	4137793.829
298461.0749	4137793.087
298460.4084	4137792.341
298459.742	4137791.595
298459.0787	4137790.847
298458.424	4137790.091
298457.7736	4137789.332
298457.1232	4137788.572
298456.4787	4137787.807
298455.8396	4137787.038
298455.1998	4137786.27
298454.5619	4137785.5
298453.9254	4137784.729
298453.2887	4137783.957
298452.6585	4137783.181
298452.0311	4137782.402
298451.4017	4137781.625
298450.7731	4137780.848
298450.1564	4137780.06
298449.54	4137779.273
298448.9242	4137778.485
298448.3093	4137777.696
298447.6949	4137776.907
298447.0869	4137776.113
298446.4743	4137775.323
298445.8609	4137774.533
298445.2451	4137773.745
298444.6241	4137772.962
298443.9985	4137772.182
298443.3575	4137771.414
298442.7153	4137770.648
298442.069	4137769.885
298441.4061	4137769.136
298440.7315	4137768.398
298440.0316	4137767.684
298439.3106	4137766.991
298438.5666	4137766.323
298437.7911	4137765.692
298436.981	4137765.106
298436.1331	4137764.577
298435.2451	4137764.118
298434.3317	4137763.712
298433.3827	4137763.398
298432.4063	4137763.184
298431.4151	4137763.056
298430.4173	4137762.999
298429.4182	4137763.027
298428.4227	4137763.121
298427.4369	4137763.288
298426.4642	4137763.519
298425.511	4137763.819
298424.5776	4137764.176
298423.6751	4137764.606
298422.8003	4137765.09
298421.9537	4137765.622
298421.1326	4137766.192
298420.3213	4137766.777
298419.5357	4137767.395
298418.7545	4137768.019
298417.9792	4137768.651
298417.2291	4137769.312
298416.4995	4137769.996
298415.7963	4137770.706
298415.1443	4137771.464
298414.5349	4137772.257
298413.9912	4137773.096
298413.5128	4137773.973
298413.1153	4137774.89
298412.8053	4137775.841
298412.5581	4137776.81
298412.4036	4137777.797
298412.3617	4137778.795
298412.4088	4137779.794
298412.5402	4137780.785
298412.7803	4137781.755
298413.0989	4137782.702
298413.4843	4137783.625
298413.903	4137784.533
298414.3635	4137785.42
298414.8121	4137786.314
298415.2936	4137787.19
298415.8144	4137788.043
298416.3447	4137788.89
298416.9124	4137789.714
298417.4932	4137790.528
298418.0912	4137791.329
298418.6839	4137792.134
298419.285	4137792.934
298419.8921	4137793.728
298420.491	4137794.529
298421.1109	4137795.314
298421.7294	4137796.099
298422.3436	4137796.888
298422.9703	4137797.668
298423.5773	4137798.462
298424.1965	4137799.248
298424.8136	4137800.034
298425.4252	4137800.825
298426.0519	4137801.605
298426.6751	4137802.387
298427.3024	4137803.165
298427.9363	4137803.939
298428.5738	4137804.709
298429.2085	4137805.482
298429.8557	4137806.244
298430.4935	4137807.014
298431.1306	4137807.785
298431.7731	4137808.551
298432.4208	4137809.313
298433.0634	4137810.08
298433.7058	4137810.846
298434.3483	4137811.612
298434.9908	4137812.378
298435.6378	4137813.141
298436.2864	4137813.902
298436.9311	4137814.667
298437.5766	4137815.43
298438.224	4137816.192
298438.8722	4137816.954
298439.5147	4137817.72
298440.1542	4137818.489
298440.7983	4137819.254
298441.4421	4137820.019
298442.0788	4137820.79
298442.7151	4137821.562
298443.3515	4137822.333
298443.9851	4137823.107
298444.6225	4137823.877
298445.2565	4137824.65
298445.8919	4137825.423
298446.5231	4137826.198
298447.1588	4137826.97
298447.7878	4137827.747
298448.4145	4137828.527
298449.0478	4137829.301
298449.6775	4137830.077
298450.3061	4137830.855
298450.9319	4137831.635
298451.5618	4137832.412
298452.1869	4137833.192
298452.8163	4137833.969
298453.4408	4137834.75
298454.0653	4137835.532
298454.6899	4137836.312
298455.3145	4137837.093
298455.9348	4137837.878
298456.5582	4137838.66
298457.1717	4137839.449
298457.7902	4137840.235
298458.4086	4137841.021
298459.0251	4137841.808
298459.6375	4137842.599
298460.2499	4137843.389
298460.8661	4137844.177
298461.4751	4137844.97
298462.0917	4137845.757
298462.6981	4137846.553
298463.3113	4137847.342
298463.9248	4137848.132
298464.5331	4137848.926
298465.1369	4137849.723
298465.7494	4137850.513
298466.3595	4137851.306
298466.9621	4137852.104
298467.5696	4137852.898
298468.1804	4137853.69
298468.7896	4137854.483
298469.3981	4137855.276
298470.0118	4137856.066
298470.6222	4137856.858
298471.2325	4137857.65
298471.848	4137858.438
298472.4602	4137859.229
298473.0768	4137860.016
298473.685	4137860.81
298474.299	4137861.599
298474.913	4137862.388
298475.5226	4137863.181
298476.138	4137863.969
298476.7518	4137864.759
298477.3667	4137865.547
298477.9773	4137866.339
298478.596	4137867.125
298479.2069	4137867.917
298479.8199	4137868.707
298480.4302	4137869.499
298481.0443	4137870.288
298481.6583	4137871.077
298482.2687	4137871.869
298482.8746	4137872.665
298483.4923	4137873.451
298484.1083	4137874.239
298484.7217	4137875.029
298485.3359	4137875.818
298485.9595	4137876.6
298486.5807	4137877.383
298487.2117	4137878.159
298487.8413	4137878.936
298488.4851	4137879.701
298489.1422	4137880.455
298489.8112	4137881.198
298490.4975	4137881.925
298491.2097	4137882.627
298491.9516	4137883.297
298492.7239	4137883.932
298493.5197	4137884.538
298494.3563	4137885.086
298495.218	4137885.593
298496.1163	4137886.031
298497.0447	4137886.402
298497.9978	4137886.703
298498.9732	4137886.921
298499.964	4137887.055
298500.9623	4137887.104
298501.9607	4137887.065
298502.9533	4137886.945
298503.9311	4137886.737
298504.8932	4137886.466
298505.8436	4137886.155
298506.772	4137885.784
298507.6773	4137885.359
298508.5569	4137884.884
298509.4048	4137884.354
298510.2296	4137883.789
298511.0128	4137883.168
298511.7517	4137882.494
298512.4529	4137881.782
298513.1028	4137881.022
298513.7074	4137880.227
298514.2411	4137879.381
298514.7309	4137878.51
298515.161	4137877.608
298515.5363	4137876.681
298515.8518	4137875.732
298516.0937	4137874.762
298516.2886	4137873.782
298516.4444	4137872.794
298516.527	4137871.798
298516.5404	4137870.798
298516.5044	4137869.799
298516.4146	4137868.803
298516.2606	4137867.815
298516.0492	4137866.838
298515.786	4137865.874
298515.449	4137864.932
298515.0523	4137864.014
298514.6139	4137863.116
298514.1104	4137862.252
298513.5722	4137861.41
298513.002	4137860.588
298512.4237	4137859.772
298511.8343	4137858.965
298511.2486	4137858.154
298510.6475	4137857.355
298510.0491	4137856.554
298509.4497	4137855.753
298508.8478	4137854.955
298508.2432	4137854.158
298507.6382	4137853.362
298507.0282	4137852.57
298506.4202	4137851.776
298505.8144	4137850.981
