10.7612199783	1093.39086914	-0.679656028748
10.9110584259	1093.72314453	-0.679095029831
11.0530414581	1094.03808594	-0.678506970406
11.181142807	1094.32299805	-0.677971899509
11.3278303146	1094.64990234	-0.677352905273
11.4931488037	1095.01928711	-0.676628112793
11.6770906448	1095.43078613	-0.675768733025
11.8100566864	1095.7286377	-0.675174832344
11.9512634277	1096.04541016	-0.674578487873
12.100528717	1096.38049316	-0.674000263214
12.2576904297	1096.73364258	-0.673487007618
12.4226713181	1097.10498047	-0.672994375229
12.5953598022	1097.49401855	-0.672439575195
12.775598526	1097.90063477	-0.671750187874
12.9632263184	1098.32397461	-0.670966029167
13.1650619507	1098.75598145	-0.670250415802
13.3846092224	1099.18566895	-0.669824957848
13.6094226837	1099.63305664	-0.669583916664
13.8422870636	1100.09594727	-0.669495463371
14.0825595856	1100.57373047	-0.669491052628
14.329957962	1101.06616211	-0.669554054737
14.5842475891	1101.57250977	-0.669718146324
14.8451423645	1102.09277344	-0.669884622097
15.1123323441	1102.62548828	-0.66997718811
15.4017028809	1103.14868164	-0.670214414597
15.5488147736	1103.41259766	-0.670339047909
15.6979064941	1103.6796875	-0.670462846756
15.848865509	1103.94946289	-0.670523583889
16.0014514923	1104.22192383	-0.670456409454
16.1555519104	1104.49707031	-0.670237958431
16.3111152649	1104.77502441	-0.669845104218
16.4681167603	1105.05554199	-0.669312775135
16.6169033051	1105.33947754	-0.668632984161
16.760011673	1105.625	-0.667937159538
16.9058017731	1105.91259766	-0.667399168015
17.0524406433	1106.20300293	-0.667057514191
17.2000045776	1106.49609375	-0.667056918144
17.3486804962	1106.79199219	-0.66744351387
17.4985122681	1107.09033203	-0.668159782887
17.649471283	1107.39099121	-0.669088482857
17.8015441895	1107.69384766	-0.670112013817
17.9609642029	1107.99194336	-0.67119038105
18.1248855591	1108.28613281	-0.672172307968
18.289150238	1108.58276367	-0.672996044159
18.4554157257	1108.88146973	-0.673706412315
18.6231765747	1109.18212891	-0.674288988113
18.7921581268	1109.48461914	-0.674659490585
18.9622192383	1109.7890625	-0.674894690514
19.1333084106	1110.09545898	-0.674954175949
19.3053779602	1110.40332031	-0.674909710884
19.4783725739	1110.7130127	-0.674803555012
19.6522350311	1111.02429199	-0.674713015556
19.8268871307	1111.33703613	-0.674643278122
20.0022850037	1111.65112305	-0.674583792686
20.1783466339	1111.96630859	-0.674584627151
20.355014801	1112.2824707	-0.674671411514
20.5322532654	1112.59985352	-0.67490208149
20.7100124359	1112.91821289	-0.675291538239
20.8882751465	1113.23754883	-0.675962507725
21.0669879913	1113.55761719	-0.677037596703
21.2460632324	1113.87841797	-0.678352057934
21.4254493713	1114.19970703	-0.67985200882
21.6050224304	1114.52160645	-0.681267023087
21.7847652435	1114.84399414	-0.682359695435
21.9647026062	1115.16674805	-0.683093726635
22.1448326111	1115.48974609	-0.683614313602
22.3251018524	1115.81311035	-0.684039354324
22.5055465698	1116.13671875	-0.684662640095
22.6861095428	1116.46044922	-0.685647130013
22.866771698	1116.78466797	-0.687052369118
23.0475273132	1117.10864258	-0.688795089722
23.2283554077	1117.43310547	-0.690697431564
23.4092636108	1117.75756836	-0.692486047745
23.5902271271	1118.08203125	-0.693955361843
23.7712230682	1118.40649414	-0.694977521896
23.9522323608	1118.73095703	-0.695581614971
24.1332492828	1119.05541992	-0.695839166641
24.314289093	1119.37988281	-0.695923745632
24.4953422546	1119.7043457	-0.696032345295
24.6764221191	1120.02880859	-0.696326673031
24.8575115204	1120.35327148	-0.696828663349
25.038608551	1120.67773438	-0.697516441345
25.2196922302	1121.00219727	-0.698298215866
25.4007644653	1121.32666016	-0.699014246464
25.5818309784	1121.65112305	-0.699574649334
25.7628974915	1121.97558594	-0.699922680855
25.9439582825	1122.30004883	-0.700013875961
26.125	1122.62451172	-0.6998462677
26.3060188293	1122.94897461	-0.699454009533
26.4870147705	1123.2734375	-0.69888395071
26.6679878235	1123.59790039	-0.698223471642
26.8489456177	1123.92236328	-0.697557330132
27.0298881531	1124.24682617	-0.696944832802
27.2108192444	1124.57128906	-0.696410536766
27.3917350769	1124.89575195	-0.695907115936
27.5726299286	1125.2199707	-0.695334136486
27.7535057068	1125.54394531	-0.694613337517
27.9343605042	1125.86816406	-0.693699359894
28.1152076721	1126.19213867	-0.692582249641
28.296049118	1126.51635742	-0.691291630268
28.4768791199	1126.84033203	-0.689937710762
28.6576900482	1127.16455078	-0.688598334789
28.8384895325	1127.48852539	-0.687397241592
29.019285202	1127.81274414	-0.686430573463
29.200088501	1128.13671875	-0.685747981071
29.3809013367	1128.4609375	-0.685347795486
29.5617179871	1128.78491211	-0.685208559036
29.742559433	1129.10913086	-0.685326695442
29.9234352112	1129.43334961	-0.685750305653
30.1043434143	1129.7578125	-0.686568856239
30.285282135	1130.08227539	-0.687784790993
30.4662647247	1130.40673828	-0.689375638962
30.6472568512	1130.73120117	-0.691249370575
30.8282737732	1131.05603027	-0.693158984184
31.0092964172	1131.38085938	-0.694787442684
31.1903419495	1131.70568848	-0.695983767509
31.371383667	1132.03051758	-0.696516633034
31.5524406433	1132.35498047	-0.696368515491
31.7334957123	1132.67932129	-0.69571518898
31.9145259857	1133.00390625	-0.69472026825
32.0955352783	1133.32836914	-0.693545460701
32.2765045166	1133.65283203	-0.692399144173
32.4574394226	1133.97729492	-0.691328287125
32.6383514404	1134.30175781	-0.690340638161
32.819229126	1134.62573242	-0.68941450119
33.0000762939	1134.94995117	-0.68844461441
33.180896759	1135.27392578	-0.687375307083
33.3616943359	1135.59814453	-0.686172962189
33.5424613953	1135.92211914	-0.684846460819
33.7232017517	1136.24633789	-0.683425068855
33.9039230347	1136.5703125	-0.68195605278
34.0846328735	1136.89453125	-0.680468142033
34.2653198242	1137.21850586	-0.678995370865
34.446018219	1137.54272461	-0.677597641945
34.6267242432	1137.86669922	-0.67629468441
34.807434082	1138.19091797	-0.675134599209
34.9881401062	1138.51489258	-0.674149334431
35.1688613892	1138.83911133	-0.67326593399
35.3495826721	1139.16308594	-0.672565340996
35.5303115845	1139.48730469	-0.672034144402
35.7110481262	1139.8112793	-0.671697735786
35.8918037415	1140.13549805	-0.671526074409
36.0725822449	1140.45947266	-0.671438753605
36.2533760071	1140.78369141	-0.671286582947
36.4341812134	1141.10766602	-0.670989990234
36.614982605	1141.43188477	-0.670503258705
36.795791626	1141.75585938	-0.669859647751
36.9766044617	1142.08007812	-0.669098258018
37.1574211121	1142.40405273	-0.668292045593
37.3382339478	1142.72827148	-0.667505800724
37.5190353394	1143.05224609	-0.666789412498
37.6998291016	1143.37646484	-0.666133642197
37.8806152344	1143.70043945	-0.665510058403
38.0613861084	1144.0246582	-0.664840936661
38.2421417236	1144.34863281	-0.663942754269
38.4144668579	1144.67468262	-0.662674367428
38.5804595947	1145.00073242	-0.660953760147
38.7471542358	1145.32666016	-0.658749341965
38.904296875	1145.6550293	-0.656204938889
39.0418395996	1145.98706055	-0.653505563736
39.1711196899	1146.31958008	-0.650861978531
39.2999343872	1146.65356445	-0.648501992226
39.4174118042	1146.98999023	-0.646582365036
39.5142745972	1147.32836914	-0.645132660866
39.6026268005	1147.66674805	-0.644091069698
39.6903305054	1148.00708008	-0.643362760544
39.7750930786	1148.35009766	-0.642826914787
39.8580703735	1148.6953125	-0.642361700535
39.9406967163	1149.0423584	-0.641912698746
40.0234947205	1149.39099121	-0.64145565033
40.1065750122	1149.74108887	-0.640985965729
40.1899490356	1150.0925293	-0.640522897243
40.2735862732	1150.44494629	-0.640083312988
40.3574752808	1150.79858398	-0.639662444592
40.4415817261	1151.15332031	-0.639240264893
40.5171127319	1151.50805664	-0.638773322105
40.5866012573	1151.86181641	-0.638274252415
40.6570510864	1152.21630859	-0.63779258728
40.7177200317	1152.57104492	-0.637339711189
40.7585525513	1152.92407227	-0.636923313141
40.7762527466	1153.27441406	-0.636537075043
40.7678222656	1153.62011719	-0.636169075966
40.7313156128	1153.95947266	-0.635808706284
40.6811180115	1154.29589844	-0.635478615761
40.6248779297	1154.63378906	-0.635212063789
40.5531082153	1154.9675293	-0.635006070137
40.4604873657	1155.29162598	-0.634829044342
40.3596725464	1155.61157227	-0.634679436684
40.2570571899	1155.93383789	-0.634532272816
40.1502838135	1156.25720215	-0.634376764297
40.0406265259	1156.58203125	-0.634227931499
39.9295730591	1156.90917969	-0.634125828743
39.8176193237	1157.23803711	-0.63410615921
39.7049026489	1157.5690918	-0.634209752083
39.591468811	1157.90185547	-0.634476780891
39.4773712158	1158.23669434	-0.634930849075
39.3556671143	1158.56738281	-0.635581970215
39.2179641724	1158.88720703	-0.636434197426
39.0616226196	1159.19311523	-0.637438476086
38.8846206665	1159.48266602	-0.638526618481
38.6861991882	1159.75280762	-0.639612019062
38.4667930603	1160.00073242	-0.640614151955
38.2277488708	1160.22375488	-0.641462564468
37.9711112976	1160.41943359	-0.642124891281
37.69947052	1160.58605957	-0.642597615719
37.4157485962	1160.72192383	-0.642892301083
37.1257171631	1160.8425293	-0.643049776554
36.8298568726	1160.95727539	-0.643113017082
36.5419769287	1161.05883789	-0.643060088158
36.2355880737	1161.16015625	-0.642891764641
35.9255981445	1161.25976562	-0.642643451691
35.6127281189	1161.35961914	-0.642338037491
35.3214950562	1161.45239258	-0.642018318176
35.0124130249	1161.55737305	-0.641668558121
34.7097244263	1161.68029785	-0.641324520111
34.4202270508	1161.82250977	-0.640996158123
34.1465148926	1161.9855957	-0.64068031311
33.8914413452	1162.17053223	-0.640414953232
33.6578826904	1162.37670898	-0.640263557434
33.4485549927	1162.60290527	-0.640236318111
33.2543067932	1162.84094238	-0.640393733978
33.0613021851	1163.08435059	-0.640766382217
32.8695220947	1163.3293457	-0.641312479973
32.6692504883	1163.56225586	-0.642005503178
32.4555664062	1163.77770996	-0.64282989502
32.2338180542	1163.98352051	-0.643784165382
32.0109672546	1164.19311523	-0.644839942455
31.78058815	1164.39575195	-0.645761847496
31.5391998291	1164.57849121	-0.646417140961
31.029001236	1164.8885498	-0.647102534771
30.7688522339	1165.04125977	-0.647382080555
30.5035648346	1165.19287109	-0.647735595703
30.2339553833	1165.34338379	-0.648221790791
29.9610691071	1165.49462891	-0.64880335331
29.6846294403	1165.64038086	-0.649436116219
29.4033164978	1165.76660156	-0.650027751923
29.1191101074	1165.88244629	-0.650630891323
28.575056076	1166.10717773	-0.652086853981
28.2816123962	1166.22583008	-0.653089821339
27.9850711823	1166.34533691	-0.654214859009
27.6856307983	1166.46582031	-0.655386567116
27.3834152222	1166.58728027	-0.656508803368
27.0784873962	1166.70983887	-0.657476603985
26.7827720642	1166.83984375	-0.658247232437
26.4954528809	1166.98779297	-0.658873081207
26.2111034393	1167.14025879	-0.659397006035
25.9237918854	1167.29394531	-0.659954071045
25.6351108551	1167.45141602	-0.660669565201
25.0917358398	1167.75134277	-0.662447333336
24.7971153259	1167.91430664	-0.663563013077
24.5002384186	1168.07861328	-0.664646089077
24.2011604309	1168.24389648	-0.66561216116
23.8999576569	1168.41015625	-0.666461408138
23.5967197418	1168.57763672	-0.667175889015
23.2915382385	1168.74633789	-0.667727768421
22.9844741821	1168.91601562	-0.668174266815
22.6756248474	1169.08666992	-0.66854518652
22.3650608063	1169.25817871	-0.668909430504
22.0528831482	1169.43066406	-0.669342398643
21.7392120361	1169.60400391	-0.669903039932
21.4241714478	1169.7779541	-0.670593380928
21.1078548431	1169.95263672	-0.671407401562
20.7903862	1170.12792969	-0.672321796417
20.471862793	1170.30383301	-0.67329877615
20.1523704529	1170.48010254	-0.674291849136
19.83203125	1170.65698242	-0.675231277943
19.5109500885	1170.83410645	-0.67603468895
19.1892204285	1171.01171875	-0.676649332047
18.8669452667	1171.1895752	-0.677077949047
18.5441989899	1171.36755371	-0.677336513996
18.2210483551	1171.54589844	-0.677453994751
17.897567749	1171.72436523	-0.677503228188
17.5737953186	1171.90307617	-0.677546977997
17.2497825623	1172.08178711	-0.677626311779
16.9255561829	1172.26074219	-0.677777409554
16.6011543274	1172.43981934	-0.678008496761
16.2766151428	1172.61889648	-0.678247213364
15.9519691467	1172.79797363	-0.678432047367
15.6272354126	1172.97705078	-0.678489923477
15.3024291992	1173.15600586	-0.678403913975
14.9775886536	1173.33520508	-0.67809844017
14.652721405	1173.51464844	-0.677539646626
14.3876991272	1173.66101074	-0.676914870739
13.8355712891	1173.96533203	-0.674918591976
13.5107460022	1174.14440918	-0.673314988613
13.1936645508	1174.33129883	-0.67152428627
12.8911552429	1174.53186035	-0.66962993145
12.6064910889	1174.7487793	-0.667707324028
12.3277931213	1174.97033691	-0.665596485138
12.0505065918	1175.19567871	-0.663145601749
11.7755241394	1175.42626953	-0.6604180336
11.50157547	1175.65942383	-0.657454609871
11.2274551392	1175.89453125	-0.654199302197
10.96251297	1176.13598633	-0.650824427605
10.70129776	1176.37878418	-0.647205293179
10.4392204285	1176.62219238	-0.643305242062
10.1771087646	1176.86755371	-0.639167666435
9.91449356079	1177.11401367	-0.634944200516
9.65118408203	1177.36120605	-0.630722761154
9.38718414307	1177.60925293	-0.626640081406
9.12251281738	1177.85803223	-0.622899472713
8.85720825195	1178.1072998	-0.619565486908
8.59130096436	1178.35705566	-0.616712331772
8.33437728882	1178.61230469	-0.614431023598
8.11237335205	1178.85668945	-0.612812161446
7.89148712158	1179.13195801	-0.611512005329
7.6943321228	1179.41918945	-0.610673069954
7.52377700806	1179.71765137	-0.610235095024
7.38216018677	1180.02600098	-0.61010658741
7.27140808105	1180.34191895	-0.610137403011
7.19292449951	1180.6628418	-0.610196828842
7.14753723145	1180.98547363	-0.610220551491
7.11797332764	1181.30944824	-0.610033214092
7.096824646	1181.63696289	-0.609644651413
7.08552932739	1181.96716309	-0.609205842018
7.08006286621	1182.30029297	-0.608827650547
7.07695007324	1182.63586426	-0.60859400034
7.07440185547	1182.97412109	-0.608664870262
7.07195663452	1183.31469727	-0.608959257603
7.06954574585	1183.65783691	-0.60946470499
7.06711959839	1184.00341797	-0.610129714012
7.06465148926	1184.35095215	-0.61123842001
7.0622253418	1184.70043945	-0.613762617111
7.05989456177	1185.05200195	-0.615957438946
7.05762481689	1185.40527344	-0.619027554989
7.05541229248	1185.76037598	-0.620494484901
7.05316162109	1186.11535645	-0.620561718941
7.05105209351	1186.46179199	-0.619877755642
7.04923248291	1186.79406738	-0.619709968567
7.04790496826	1187.1003418	-0.620891749859
7.04742050171	1187.63134766	-0.623543739319
7.04920196533	1188.05102539	-0.627441823483
7.05438613892	1188.43139648	-0.624334394932
