-3982.536114	15174.23426
-3982.536114	15174.23426
-3982.536114	15174.23426
-3982.536114	15174.23426
-3982.536114	15174.23426
-3982.536569	15174.21539
-3982.545426	15174.21561
-3982.563568	15174.19828
-3982.581736	15174.17984
-3982.591048	15174.16119
-3982.609644	15174.125
-3982.627813	15174.10657
-3982.655266	15174.07059
-3982.682719	15174.03461
-3982.719056	15173.99774
-3982.764678	15173.94333
-3982.8103	15173.88891
-3982.85635	15173.81674
-3982.911283	15173.74368
-3982.975073	15173.67083
-3983.048148	15173.58044
-3983.13008	15173.49026
-3983.20361	15173.38101
-3983.294854	15173.27218
-3983.404266	15173.14492
-3983.505249	15172.99969
-3983.63283	15172.85398
-3983.751981	15172.69032
-3983.888847	15172.52708
-3984.043854	15172.34651
-3984.190486	15172.14575
-3984.363661	15171.94675
-3984.546148	15171.72909
-3984.72909	15171.49257
-3984.912005	15171.25717
-3985.121973	15171.00242
-3985.332368	15170.72993
-3985.560477	15170.45786
-3985.789014	15170.16804
-3986.035747	15169.85867
-3986.291309	15169.55062
-3986.556183	15169.22393
-3986.830369	15168.87858
-3987.104983	15168.51548
-3987.388453	15168.1526
-3987.698521	15167.78924
-3988.000589	15167.39017
-3988.319941	15167.00927
-3988.657918	15166.59107
-3988.98701	15166.17377
-3989.325415	15165.73782
-3989.690389	15165.30252
-3990.055819	15164.84834
-3990.421677	15164.37642
-3990.805249	15163.90492
-3991.180418	15163.41434
-3991.582158	15162.9244
-3991.99321	15162.41582
-3992.404262	15161.90723
-3992.824599	15161.3811
-3993.254247	15160.83633
-3993.692753	15160.29176
-3994.140115	15159.74741
-3994.597217	15159.16666
-3995.053891	15158.60366
-3995.520305	15158.00425
-3996.01329	15157.40549
-3996.497417	15156.80651
-3996.982	15156.18867
-3997.484725	15155.55351
-3997.987021	15154.93609
-3998.489746	15154.30092
-3999.010639	15153.64732
-3999.531077	15153.01258
-4000.060827	15152.35919
-4000.582176	15151.68672
-4001.111926	15151.03333
-4001.642132	15150.36108
-4002.181167	15149.69015
-4002.729086	15149.01832
-4003.259292	15148.34607
-4003.807184	15147.67535
-4004.355104	15147.00352
-4004.885309	15146.33127
-4005.424345	15145.66034
-4005.954096	15145.00695
-4006.484303	15144.3347
-4007.022911	15143.68152
-4007.534948	15143.0277
-4008.055388	15142.39296
-4008.585139	15141.73957
-4009.106034	15141.08597
-4009.626929	15140.43237
-4010.138539	15139.7963
-4010.677147	15139.14313
-4011.189186	15138.48931
-4011.710081	15137.83571
-4012.239378	15137.20118
-4012.760273	15136.54758
-4013.263	15135.91241
-4013.765754	15135.27614
-4014.241455	15134.65919
-4014.726496	15134.02249
-4015.211509	15133.38689
-4015.687238	15132.76884
-4016.145681	15132.13261
-4016.603696	15131.51413
-4017.043971	15130.89633
-4017.475871	15130.25834
-4017.890031	15129.62104
-4018.27762	15128.9831
-4018.647523	15128.34362
-4018.981972	15127.70439
-4019.325732	15127.04651
-4019.625209	15126.38757
-4019.906972	15125.7282
-4020.153308	15125.06797
-4020.381931	15124.40732
-4020.575126	15123.74581
-4020.724493	15123.06437
-4020.855691	15122.40137
-4020.943033	15121.71955
-4021.003377	15121.05483
-4021.054435	15120.40766
-4021.070495	15119.74188
-4021.050217	15119.11298
-4021.021565	15118.46388
-4020.948146	15117.83369
-4020.874755	15117.20239
-4020.756624	15116.58889
-4020.629182	15115.99404
-4020.448625	15115.39679
-4020.25873	15114.81931
-4020.050693	15114.25915
-4019.8068	15113.71589
-4019.554024	15113.17353
-4019.273794	15112.66715
-4018.975851	15112.16033
-4018.659739	15111.67196
-4018.3516	15111.22041
-4017.990321	15110.76759
-4017.646326	15110.33294
-4017.27528	15109.91763
-4016.895404	15109.50099
-4016.523929	15109.10344
-4016.151999	15108.72474
-4015.762382	15108.34451
-4015.381141	15107.98447
-4014.990614	15107.64196
-4014.600087	15107.29946
-4014.20956	15106.95696
-4013.819033	15106.61445
-4013.445792	15106.29013
-4013.072979	15105.94805
-4012.690853	15105.62463
-4012.317157	15105.31917
-4011.943889	15104.99596
-4011.579049	15104.69071
-4011.205325	15104.38636
-4010.822772	15104.08069
-4010.466334	15103.79453
-4009.753912	15103.20333
-4009.388617	15102.91695
-4009.032179	15102.63078
-4008.684598	15102.34483
-4008.337016	15102.05887
-4007.989435	15101.77292
-4007.650255	15101.50604
-4007.319932	15101.23938
