166021.4431793313	0.0	120
508103.3065801131	3881342.007225523	120
508103.3065801131	3881342.007225523	120
508103.306589999	3881341.9961357606	120
508103.306589999	3881341.9961357606	120
508103.31570685597	3881341.9961438878	120
508103.31570685597	3881341.9961438878	120
508103.31570685597	3881341.9961438878	120
508103.31570685597	3881341.9961438878	120
508103.31570685597	3881341.9961438878	120
508103.31570685597	3881341.9961438878	120
508103.3157167419	3881341.9850541265	120
508103.3066097708	3881341.973956238	120
508103.3066097708	3881341.973956238	120
508103.3066097708	3881341.973956238	120
508103.29751268565	3881341.951768589	120
508103.279298741	3881341.92957281	120
508103.279298741	3881341.92957281	120
508103.2428609704	3881341.8962710174	120
508103.2428609704	3881341.8962710174	120
508103.2428609704	3881341.8962710174	120
508103.20641331363	3881341.8740589884	120
508103.20641331363	3881341.8740589884	120
508103.1426249687	3881341.8407328143	120
508103.07885639695	3881341.7852271176	120
508103.1426249687	3881341.8407328143	120
508103.07885639695	3881341.7852271176	120
508103.0059511937	3881341.751892818	120
508103.0059511937	3881341.751892818	120
508102.87838438794	3881341.6741507137	120
508102.87838438794	3881341.6741507137	120
508102.7781681522	3881341.59643299	120
508102.7781681522	3881341.59643299	120
508102.65970831463	3881341.5297887763	120
508102.65970831463	3881341.5297887763	120
508102.5503752156	3881341.452062929	120
508102.5503752156	3881341.452062929	120
508102.4319153768	3881341.3854187173	120
508102.4319153768	3881341.3854187173	120
508102.3134654164	3881341.3076847475	120
508102.3134654164	3881341.3076847475	120
508102.19500557164	3881341.241040539	120
508102.19500557164	3881341.241040539	120
508102.0583120096	3881341.1743800812	120
508102.0583120096	3881341.1743800812	120
508101.9307254192	3881341.118817513	120
508101.9307254192	3881341.118817513	120
508101.8031585931	3881341.041075422	120
508101.8031585931	3881341.041075422	120
508101.6755818832	3881340.9744230956	120
508101.54802494124	3881340.8855912476	120
508101.54802494124	3881340.8855912476	120
508101.4204581109	3881340.807849164	120
508101.4204581109	3881340.807849164	120
508101.4204581109	3881340.807849164	120
508101.2837744178	3881340.7300989553	120
508101.2837744178	3881340.7300989553	120
508101.1470907224	3881340.6523487507	120
508101.1470907224	3881340.6523487507	120
508100.90106402396	3881340.50796248	120
508100.90106402396	3881340.50796248	120
508100.7552733462	3881340.419114394	120
508100.7552733462	3881340.419114394	120
508100.60947278526	3881340.3413560707	120
508100.4727890805	3881340.263605877	120
508100.60947278526	3881340.3413560707	120
508100.4727890805	3881340.263605877	120
508100.3361053735	3881340.1858556834	120
508100.3361053735	3881340.1858556834	120
508100.19943154394	3881340.0970157296	120
508100.19943154394	3881340.0970157296	120
508100.0627577117	3881340.0081757796	120
508100.0627577117	3881340.0081757796	120
508099.9260838791	3881339.9193358314	120
508099.9260838791	3881339.9193358314	120
508099.798526903	3881339.830504008	120
508099.798526903	3881339.830504008	120
508099.67096992437	3881339.7416721857	120
508099.5525298026	3881339.6528484905	120
508099.5525298026	3881339.6528484905	120
508099.5525298026	3881339.6528484905	120
508099.4249827003	3881339.5529269124	120
508099.4249827003	3881339.5529269124	120
508099.29742571415	3881339.4640950956	120
508099.29742571415	3881339.4640950956	120
508099.16987860407	3881339.3641735213	120
508099.16987860407	3881339.3641735213	120
508099.0514285918	3881339.2864395934	120
508099.0514285918	3881339.2864395934	120
508098.81453844154	3881339.11988198	120
508098.81453844154	3881339.11988198	120
508098.696088423	3881339.042148058	120
508098.57762852	3881338.975503898	120
508098.57762852	3881338.975503898	120
508098.45006163756	3881338.8977618543	120
508098.45006163756	3881338.8977618543	120
508098.45006163756	3881338.8977618543	120
508098.32249475515	3881338.8200198133	120
508098.32249475515	3881338.8200198133	120
508098.2040348489	3881338.7533756588	120
508098.2040348489	3881338.7533756588	120
508098.07646795776	3881338.6756336205	120
508098.07646795776	3881338.6756336205	120
508097.9580080478	3881338.608989469	120
508097.83044115483	3881338.531247435	120
508097.83044115483	3881338.531247435	120
508097.83044115483	3881338.531247435	120
508097.71199112025	3881338.4535135245	120
508097.5844143441	3881338.386861255	120
508097.5844143441	3881338.386861255	120
508097.5844143441	3881338.386861255	120
508097.4568375661	3881338.3202089886	120
508097.4568375661	3881338.3202089886	120
508097.3201439255	3881338.253548602	120
508097.3201439255	3881338.253548602	120
508097.19257701986	3881338.1758065773	120
508097.19257701986	3881338.1758065773	120
508097.05587349687	3881338.1202359563	120
508097.05587349687	3881338.1202359563	120
508096.92829671124	3881338.0535836956	120
508096.92829671124	3881338.0535836956	120
508096.8007298017	3881337.975841678	120
508096.67316289	3881337.8980996604	120
508096.67316289	3881337.8980996604	120
508096.67316289	3881337.8980996604	120
508096.536469235	3881337.8314392865	120
508096.4088924416	3881337.764787034	120
508096.4088924416	3881337.764787034	120
508096.2722086623	3881337.687036902	120
508096.2722086623	3881337.687036902	120
508096.14464174205	3881337.609294892	120
508096.14464174205	3881337.609294892	120
508095.9988312174	3881337.542626404	120
508095.9988312174	3881337.542626404	120
508095.8621474313	3881337.464876279	120
508095.9988312174	3881337.542626404	120
508095.8621474313	3881337.464876279	120
508095.72545376385	3881337.398215917	120
508095.72545376385	3881337.398215917	120
508095.58876009675	3881337.3315555565	120
508095.58876009675	3881337.3315555565	120
508095.45207630395	3881337.2538054367	120
508095.45207630395	3881337.2538054367	120
508095.30626576854	3881337.1871369616	120
508095.30626576854	3881337.1871369616	120
508095.1695819712	3881337.109386845	120
508095.1695819712	3881337.109386845	120
508095.0420051576	3881337.042734613	120
508095.0420051576	3881337.042734613	120
508094.89620449377	3881336.964976384	120
508094.89620449377	3881336.964976384	120
508094.7595108141	3881336.8983160355	120
508094.61370027025	3881336.8316475716	120
508094.61370027025	3881336.8316475716	120
508094.477016457	3881336.7538974667	120
508094.477016457	3881336.7538974667	120
508094.477016457	3881336.7538974667	120
508094.34033264604	3881336.6761473645	120
508094.34033264604	3881336.6761473645	120
508094.20363895793	3881336.609487024	120
508094.05783828	3881336.5317288083	120
508094.05783828	3881336.5317288083	120
508093.91203759727	3881336.4539705943	120
508093.91203759727	3881336.4539705943	120
508093.7662369144	3881336.376212382	120
508093.7662369144	3881336.376212382	120
508093.7662369144	3881336.376212382	120
508093.6295432176	3881336.3095520507	120
508093.49286926666	3881336.2207121993	120
508093.49286926666	3881336.2207121993	120
508093.3561854393	3881336.142962113	120
508093.3561854393	3881336.142962113	120
508093.3561854393	3881336.142962113	120
508093.21038474434	3881336.0652039093	120
508093.21038474434	3881336.0652039093	120
508093.07370091224	3881335.987453826	120
508093.07370091224	3881335.987453826	120
508092.937026951	3881335.8986139838	120
508092.937026951	3881335.8986139838	120
508092.80034311174	3881335.8208639035	120
508092.80034311174	3881335.8208639035	120
508092.6545522821	3881335.7320159487	120
508092.51787831297	3881335.643176113	120
508092.51787831297	3881335.643176113	120
508092.38119446626	3881335.565426039	120
508092.38119446626	3881335.565426039	120
508092.38119446626	3881335.565426039	120
508092.244520492	3881335.476586206	120
508092.244520492	3881335.476586206	120
508092.10783664277	3881335.3988361377	120
508092.10783664277	3881335.3988361377	120
508091.9711626633	3881335.3099963097	120
508091.9711626633	3881335.3099963097	120
508091.8344788092	3881335.232246244	120
508091.6977949505	3881335.1544961827	120
508091.8344788092	3881335.232246244	120
508091.56112096336	3881335.06565636	120
508091.56112096336	3881335.06565636	120
508091.4244469712	3881334.9768165397	120
508091.4244469712	3881334.9768165397	120
508091.4244469712	3881334.9768165397	120
508091.2877729788	3881334.887976723	120
508091.2877729788	3881334.887976723	120
508091.1510891125	3881334.8102266667	120
508091.0144151148	3881334.721386855	120
508091.0144151148	3881334.721386855	120
508091.0144151148	3881334.721386855	120
508090.8777411145	3881334.632547043	120
508090.7319502471	3881334.5436991183	120
508090.7319502471	3881334.5436991183	120
508090.7319502471	3881334.5436991183	120
508090.5952762367	3881334.4548593108	120
508090.45860222826	3881334.3660195065	120
508090.45860222826	3881334.3660195065	120
508090.45860222826	3881334.3660195065	120
508090.3128113525	3881334.2771715885	120
508090.3128113525	3881334.2771715885	120
508090.1761373386	3881334.1883317875	120
508090.1761373386	3881334.1883317875	120
508090.0394731918	3881334.088402229	120
508089.8936823051	3881333.999554318	120
508089.8936823051	3881333.999554318	120
508089.7570181524	3881333.8996247617	120
508089.7570181524	3881333.8996247617	120
508089.6203441274	3881333.810784969	120
508089.6203441274	3881333.810784969	120
508089.4745532346	3881333.7219370655	120
508089.4745532346	3881333.7219370655	120
508089.4745532346	3881333.7219370655	120
508089.3287623365	3881333.6330891633	120
508089.1829714379	3881333.544241265	120
508089.1829714379	3881333.544241265	120
508089.04630727053	3881333.444311721	120
508089.04630727053	3881333.444311721	120
508088.9096332318	3881333.355471939	120
508088.9096332318	3881333.355471939	120
508088.77296905627	3881333.2555423975	120
508088.77296905627	3881333.2555423975	120
508088.77296905627	3881333.2555423975	120
508088.636295012	3881333.16670262	120
508088.636295012	3881333.16670262	120
508088.4905139647	3881333.066764971	120
508088.4905139647	3881333.066764971	120
508088.3538399149	3881332.977925197	120
508088.3538399149	3881332.977925197	120
508088.2080489963	3881332.8890773146	120
508088.2080489963	3881332.8890773146	120
508088.06225807255	3881332.800229433	120
508088.06225807255	3881332.800229433	120
508087.9255840145	3881332.711389666	120
508087.9255840145	3881332.711389666	120
508087.77979308745	3881332.6225417894	120
508087.77979308745	3881332.6225417894	120
508087.6340120243	3881332.5226041544	120
508087.49734782224	3881332.4226746336	120
508087.6340120243	3881332.5226041544	120
508087.49734782224	3881332.4226746336	120
508087.3515568864	3881332.3338267636	120
508087.3515568864	3881332.3338267636	120
508087.2148926807	3881332.2338972464	120
508087.2148926807	3881332.2338972464	120
508087.0782186059	3881332.1450574924	120
508087.0782186059	3881332.1450574924	120
508086.94156425796	3881332.034038218	120
508086.94156425796	3881332.034038218	120
508086.804909909	3881331.9230189463	120
508086.804909909	3881331.9230189463	120
508086.67736255826	3881331.823097548	120
508086.5407082006	3881331.712078279	120
508086.67736255826	3881331.823097548	120
508086.5407082006	3881331.712078279	120
508086.4131707116	3881331.601067124	120
508086.4131707116	3881331.601067124	120
508086.28563321487	3881331.490055969	120
508086.28563321487	3881331.490055969	120
508086.1580957173	3881331.379044817	120
508086.0305582166	3881331.268033667	120
508086.0305582166	3881331.268033667	120
508086.0305582166	3881331.268033667	120
508085.91214744304	3881331.1459408673	120
508085.91214744304	3881331.1459408673	120
508085.7937366686	3881331.023848068	120
508085.7937366686	3881331.023848068	120
508085.66620902286	3881330.9017471615	120
508085.5569151101	3881330.7796624755	120
508085.66620902286	3881330.9017471615	120
508085.5569151101	3881330.7796624755	120
508085.43850432604	3881330.657569682	120
508085.43850432604	3881330.657569682	120
508085.32922027126	3881330.5243952386	120
508085.32922027126	3881330.5243952386	120
508085.2199263494	3881330.4023105567	120
508085.2199263494	3881330.4023105567	120
508085.1015254173	3881330.269128005	120
508085.1015254173	3881330.269128005	120
508085.0013582241	3881330.135961674	120
508085.0013582241	3881330.135961674	120
508084.89207415655	3881330.0027872347	120
508084.7827900859	3881329.8696127976	120
508084.7827900859	3881329.8696127976	120
508084.7827900859	3881329.8696127976	120
508084.6826228812	3881329.736446469	120
508084.58245567593	3881329.603280143	120
508084.58245567593	3881329.603280143	120
508084.48228846304	3881329.4701138176	120
508084.48228846304	3881329.4701138176	120
508084.39124798204	3881329.3258658405	120
508084.39124798204	3881329.3258658405	120
508084.3001976354	3881329.1927076234	120
508084.3001976354	3881329.1927076234	120
508084.20916701364	3881329.0373698873	120
508084.20916701364	3881329.0373698873	120
508084.127243394	3881328.893130022	120
508084.127243394	3881328.893130022	120
508084.04531977174	3881328.748890155	120
508084.04531977174	3881328.748890155	120
508083.96339614695	3881328.604650291	120
508083.96339614695	3881328.604650291	120
508083.8814725195	3881328.460410427	120
508083.8814725195	3881328.460410427	120
508083.79955875385	3881328.305080802	120
508083.79955875385	3881328.305080802	120
508083.7267519919	3881328.160849047	120
508083.7267519919	3881328.160849047	120
508083.6448283567	3881328.016609185	120
508083.6448283567	3881328.016609185	120
508083.5720314518	3881327.861287669	120
508083.5720314518	3881327.861287669	120
508083.50835141796	3881327.705974263	120
508083.50835141796	3881327.705974263	120
508083.44467137964	3881327.550660856	120
508083.44467137964	3881327.550660856	120
508083.3809913415	3881327.3953474504	120
508083.3809913415	3881327.3953474504	120
508083.3173113011	3881327.240034043	120
508083.3173113011	3881327.240034043	120
508083.25362139486	3881327.0958104003	120
508083.25362139486	3881327.0958104003	120
508083.1899413502	3881326.940496996	120
508083.1899413502	3881326.940496996	120
508083.13537817093	3881326.7851916985	120
508083.13537817093	3881326.7851916985	120
508083.0808149944	3881326.6298864014	120
508083.0808149944	3881326.6298864014	120
508083.0353686886	3881326.4745892114	120
508083.0353686886	3881326.4745892114	120
508082.9808055085	3881326.319283915	120
508082.9808055085	3881326.319283915	120
508082.935359197	3881326.1639867253	120
508082.935359197	3881326.1639867253	120
508082.8899128863	3881326.008689539	120
508082.8899128863	3881326.008689539	120
508082.8899128863	3881326.008689539	120
508082.8444665717	3881325.853392349	120
508082.8081272703	3881325.7091930276	120
508082.8081272703	3881325.7091930276	120
508082.8081272703	3881325.7091930276	120
508082.76269081596	3881325.5428060796	120
508082.735478244	3881325.387525105	120
508082.735478244	3881325.387525105	120
508082.70826567354	3881325.2322441298	120
508082.70826567354	3881325.2322441298	120
508082.69016997365	3881325.0769712618	120
508082.69016997365	3881325.0769712618	120
508082.6720841385	3881324.910608632	120
508082.6720841385	3881324.910608632	120
508082.6720841385	3881324.910608632	120
508082.6539884373	3881324.7553357636	120
508082.6539884373	3881324.7553357636	120
508082.6450194729	3881324.5889812433	120
508082.62693363364	3881324.422618613	120
508082.62693363364	3881324.422618613	120
508082.62693363364	3881324.422618613	120
508082.61796466605	3881324.2562640915	120
508082.60899570276	3881324.089909568	120
508082.60899570276	3881324.089909568	120
508082.60899570276	3881324.089909568	120
508082.60002673685	3881323.923555046	120
508082.60017464584	3881323.7572086295	120
508082.60017464584	3881323.7572086295	120
508082.60032255476	3881323.5908622155	120
508082.60032255476	3881323.5908622155	120
508082.6095774787	3881323.435613666	120
508082.6095774787	3881323.435613666	120
508082.61884226126	3881323.2692753556	120
508082.61884226126	3881323.2692753556	120
508082.62810704875	3881323.102937047	120
508082.62810704875	3881323.102937047	120
508082.63737183425	3881322.9365987387	120
508082.63737183425	3881322.9365987387	120
508082.655763357	3881322.7591787735	120
508082.655763357	3881322.7591787735	120
508082.655763357	3881322.7591787735	120
508082.68326189846	3881322.5928566777	120
508082.7016534204	3881322.4154367135	120
508082.7016534204	3881322.4154367135	120
508082.73826884053	3881322.2491227244	120
508082.73826884053	3881322.2491227244	120
508082.7657772458	3881322.071710868	120
508082.7657772458	3881322.071710868	120
508082.8115095432	3881321.9054049863	120
508082.8115095432	3881321.9054049863	120
508082.85724184226	3881321.7390991035	120
508082.85724184226	3881321.7390991035	120
508082.9029840063	3881321.5617034603	120
508082.9029840063	3881321.5617034603	120
508082.9578331863	3881321.395405685	120
508082.9578331863	3881321.395405685	120
508083.0126922295	3881321.218018149	120
508083.0126922295	3881321.218018149	120
508083.07666815503	3881321.0406387206	120
508083.07666815503	3881321.0406387206	120
508083.1315173437	3881320.874340948	120
508083.1315173437	3881320.874340948	120
508083.1954834126	3881320.7080512797	120
508083.1954834126	3881320.7080512797	120
508083.25944948156	3881320.5417616135	120
508083.25944948156	3881320.5417616135	120
508083.3234155552	3881320.375471948	120
508083.3234155552	3881320.375471948	120
508083.3234155552	3881320.375471948	120
508083.39649850765	3881320.209190391	120
508083.47868848237	3881320.054006701	120
508083.47868848237	3881320.054006701	120
508083.55176158075	3881319.898814905	120
508083.55176158075	3881319.898814905	120
508083.6339515609	3881319.743631218	120
508083.6339515609	3881319.743631218	120
508083.7070246621	3881319.5884394245	120
508083.7070246621	3881319.5884394245	120
508083.7892146477	3881319.433255738	120
508083.7892146477	3881319.433255738	120
508083.8714046338	3881319.278072053	120
508083.8714046338	3881319.278072053	120
508083.9444777451	3881319.122880261	120
508083.9444777451	3881319.122880261	120
508084.0266578766	3881318.978786338	120
508084.0266578766	3881318.978786338	120
508084.0266578766	3881318.978786338	120
508084.172794247	3881318.6794925174	120
508084.2640912666	3881318.5354067055	120
508084.2640912666	3881318.5354067055	120
508084.2640912666	3881318.5354067055	120
508084.3553882891	3881318.3913208935	120
508084.3553882891	3881318.3913208935	120
508084.45580219297	3881318.2472431897	120
508084.45580219297	3881318.2472431897	120
508084.54710908665	3881318.0920676184	120
508084.54710908665	3881318.0920676184	120
508084.62928923464	3881317.9479737016	120
508084.62928923464	3881317.9479737016	120
508084.7205862688	3881317.8038878944	120
508084.7205862688	3881317.8038878944	120
508084.81188330817	3881317.659802087	120
508084.81188330817	3881317.659802087	120
508084.90318034583	3881317.515716281	120
508084.90318034583	3881317.515716281	120
508084.99448725214	3881317.360540715	120
508085.07666741614	3881317.216446801	120
508084.99448725214	3881317.360540715	120
508085.07666741614	3881317.216446801	120
508085.15884758276	3881317.0723528885	120
508085.15884758276	3881317.0723528885	120
508085.2501446341	3881316.928267087	120
508085.2501446341	3881316.928267087	120
508085.3323149375	3881316.795262938	120
508085.3323149375	3881316.795262938	120
508085.41450497595	3881316.6400792673	120
508085.41450497595	3881316.6400792673	120
508085.5788554687	3881316.36298121	120
508085.5788554687	3881316.36298121	120
508085.67014266946	3881316.229985173	120
508085.67014266946	3881316.229985173	120
508085.7705467581	3881316.096997246	120
508085.861833962	3881315.9640012113	120
508085.861833962	3881315.9640012113	120
508085.95313103555	3881315.8199154153	120
508085.95313103555	3881315.8199154153	120
508085.95313103555	3881315.8199154153	120
508086.0444182472	3881315.6869193814	120
508086.0444182472	3881315.6869193814	120
508086.1265984429	3881315.5428254786	120
508086.21789552487	3881315.3987396862	120
508086.1265984429	3881315.5428254786	120
508086.3091926074	3881315.254653894	120
508086.3091926074	3881315.254653894	120
508086.3091926074	3881315.254653894	120
508086.3913728112	3881315.110559993	120
508086.47354315233	3881314.9775558542	120
508086.47354315233	3881314.9775558542	120
508086.47354315233	3881314.9775558542	120
508086.5648402454	3881314.833470065	120
508086.65613734146	3881314.6893842784	120
508086.65613734146	3881314.6893842784	120
508086.7383076879	3881314.556380141	120
508086.7383076879	3881314.556380141	120
508086.7383076879	3881314.556380141	120
508086.82960478944	3881314.4122943548	120
508086.82960478944	3881314.4122943548	120
508087.0030821162	3881314.1241146754	120
508087.0030821162	3881314.1241146754	120
508087.0852623412	3881313.980020779	120
508087.0852623412	3881313.980020779	120
508087.1765594517	3881313.8359349966	120
508087.2587298157	3881313.702930865	120
508087.1765594517	3881313.8359349966	120
508087.2587298157	3881313.702930865	120
508087.34091004624	3881313.5588369733	120
508087.34091004624	3881313.5588369733	120
508087.4322071696	3881313.414751194	120
508087.4322071696	3881313.414751194	120
508087.523494427	3881313.2817551745	120
508087.523494427	3881313.2817551745	120
508089.7587599167	3881311.4539321745	120
508089.7587599167	3881311.4539321745	120
508089.8318331888	3881311.2987404307	120
508089.8318331888	3881311.2987404307	120
508089.914013484	3881311.1546465615	120
508089.914013484	3881311.1546465615	120
508089.98708676343	3881310.99945482	120
508089.98708676343	3881310.99945482	120
508090.0510431548	3881310.8442549654	120
508090.0510431548	3881310.8442549654	120
508090.12410656933	3881310.700152985	120
508090.1971699861	3881310.5560510056	120
508090.12410656933	3881310.700152985	120
508090.1971699861	3881310.5560510056	120
508090.270223533	3881310.423038787	120
508090.44369117456	3881310.145948935	120
508090.270223533	3881310.423038787	120
508090.53497851104	3881310.012952946	120
508090.53497851104	3881310.012952946	120
508090.6171489541	3881309.879948846	120
508090.6171489541	3881309.879948846	120
508090.6171489541	3881309.879948846	120
508090.6902123876	3881309.7358468715	120
508090.6902123876	3881309.7358468715	120
508090.76327582105	3881309.5917448965	120
508090.76327582105	3881309.5917448965	120
508090.85457303375	3881309.447659151	120
508090.85457303375	3881309.447659151	120
508090.9367533619	3881309.303565293	120
508090.9367533619	3881309.303565293	120
508091.0280407117	3881309.1705693104	120
508091.11932806415	3881309.037573329	120
508091.11932806415	3881309.037573329	120
508091.11932806415	3881309.037573329	120
508091.21974217816	3881308.893495702	120
508091.21974217816	3881308.893495702	120
508091.3201464288	3881308.7605078383	120
508091.4023366395	3881308.6053242227	120
508091.3201464288	3881308.7605078383	120
508091.4023366395	3881308.6053242227	120
508091.4845169839	3881308.46123037	120
508091.4845169839	3881308.46123037	120
508091.5575804402	3881308.3171284017	120
