507544.0988982665	3881216.613603443	120
166022.4431793313	1.9	120
507544.0988982665	3881216.613603443	120
507544.0988982665	3881216.613603443	120
507544.0988982665	3881216.613603443	120
507544.0988982665	3881216.613603443	120
507544.0988982665	3881216.613603443	120
507544.1080152502	3881216.613611008	120
507544.1080152502	3881216.613611008	120
507544.1080152502	3881216.613611008	120
507544.1080152502	3881216.613611008	120
507544.1080152502	3881216.613611008	120
507544.0988982665	3881216.613603443	120
507544.1080152502	3881216.613611008	120
507544.0988982665	3881216.613603443	120
507544.0988982665	3881216.613603443	120
507544.0988982665	3881216.613603443	120
507544.1080152502	3881216.613611008	120
507544.1080152502	3881216.613611008	120
507544.1080152502	3881216.613611008	120
507544.1080152502	3881216.613611008	120
507544.1080060481	3881216.6247007656	120
507544.1080060481	3881216.6247007656	120
507544.1080060481	3881216.6247007656	120
507544.1080060481	3881216.6247007656	120
507544.1080060481	3881216.6247007656	120
507544.1080060481	3881216.6247007656	120
507544.1080060481	3881216.6247007656	120
507544.1080060481	3881216.6247007656	120
507544.1080152502	3881216.613611008	120
507544.1080060481	3881216.6247007656	120
507544.1080060481	3881216.6247007656	120
507544.1080060481	3881216.6247007656	120
507544.1080060481	3881216.6247007656	120
507544.1080060481	3881216.6247007656	120
507544.1080060481	3881216.6247007656	120
507544.1080060481	3881216.6247007656	120
507544.1080060481	3881216.6247007656	120
507544.1080060481	3881216.6247007656	120
507544.1080060481	3881216.6247007656	120
507544.1080060481	3881216.6247007656	120
507544.09888906445	3881216.624693201	120
507544.09888906445	3881216.624693201	120
507544.09888906445	3881216.624693201	120
507544.09888906445	3881216.624693201	120
507544.09888906445	3881216.624693201	120
507544.09888906445	3881216.624693201	120
507544.09888906445	3881216.624693201	120
507544.09888906445	3881216.624693201	120
507544.09888906445	3881216.624693201	120
507544.09888906445	3881216.624693201	120
507544.09888906445	3881216.624693201	120
507544.09888906445	3881216.624693201	120
507544.09888906445	3881216.624693201	120
507544.09888906445	3881216.624693201	120
507544.09888906445	3881216.624693201	120
507544.09888906445	3881216.624693201	120
507544.09888906445	3881216.624693201	120
507544.09888906445	3881216.624693201	120
507544.0897720808	3881216.6246856353	120
507544.0897720808	3881216.6246856353	120
507544.0897720808	3881216.6246856353	120
507544.0897720808	3881216.6246856353	120
507544.0806550972	3881216.624678071	120
507544.0806550972	3881216.624678071	120
507544.05331334594	3881216.613565617	120
507544.05331334594	3881216.613565617	120
507544.02597159694	3881216.6024531648	120
507544.02597159694	3881216.6024531648	120
507543.9803958782	3881216.59132558	120
507543.9803958782	3881216.59132558	120
507543.91660459805	3881216.5580033488	120
507543.91660459805	3881216.5580033488	120
507543.8345793476	3881216.524665989	120
507543.8345793476	3881216.524665989	120
507543.7434371152	3881216.491321064	120
507543.7434371152	3881216.491321064	120
507543.6249623289	3881216.435773931	120
507543.6249623289	3881216.435773931	120
507543.497379761	3881216.3691294743	120
507543.497379761	3881216.3691294743	120
507543.35156322335	3881216.302469892	120
507543.1875219141	3881216.224705424	120
507543.1875219141	3881216.224705424	120
507543.1875219141	3881216.224705424	120
507543.0234806021	3881216.14694096	120
507543.0234806021	3881216.14694096	120
507542.8594392918	3881216.0691764974	120
507542.8594392918	3881216.0691764974	120
507542.7045241589	3881215.980329844	120
507542.7045241589	3881215.980329844	120
507542.5404828383	3881215.902565389	120
507542.5404828383	3881215.902565389	120
507542.3855585017	3881215.8248084974	120
507542.3855585017	3881215.8248084974	120
507542.2306341601	3881215.747051612	120
507542.2306341601	3881215.747051612	120
507542.07570982055	3881215.669294727	120
507542.07570982055	3881215.669294727	120
507541.92078547366	3881215.591537847	120
507541.92078547366	3881215.591537847	120
507541.7749781112	3881215.5137885297	120
507541.7749781112	3881215.5137885297	120
507541.6200537592	3881215.436031654	120
507541.6200537592	3881215.436031654	120
507541.4651294067	3881215.3582747774	120
507541.31020504935	3881215.2805179087	120
507541.31020504935	3881215.2805179087	120
507541.31020504935	3881215.2805179087	120
507541.1552898901	3881215.1916712816	120
507541.0003655273	3881215.1139144152	120
507541.0003655273	3881215.1139144152	120
507541.0003655273	3881215.1139144152	120
507540.8454411618	3881215.036157552	120
507540.8454411618	3881215.036157552	120
507540.681399813	3881214.9583931295	120
507540.681399813	3881214.9583931295	120
507540.5264662444	3881214.891726031	120
507540.5264662444	3881214.891726031	120
507540.38065885886	3881214.8139767377	120
507540.38065885886	3881214.8139767377	120
507540.2257252856	3881214.747309644	120
507540.0890348808	3881214.669567915	120
507540.0890348808	3881214.669567915	120
507540.0890348808	3881214.669567915	120
507539.9432182909	3881214.6029083873	120
507539.9432182909	3881214.6029083873	120
507539.8156264713	3881214.547353743	120
507539.8156264713	3881214.547353743	120
507539.6789268632	3881214.48070178	120
507539.6789268632	3881214.48070178	120
507539.55134423904	3881214.41405738	120
507539.55134423904	3881214.41405738	120
507539.4146446271	3881214.3474054206	120
507539.4146446271	3881214.3474054206	120
507539.27794501313	3881214.280753463	120
507539.27794501313	3881214.280753463	120
507539.1321376048	3881214.203004189	120
507539.1321376048	3881214.203004189	120
507538.9772132102	3881214.125247358	120
507538.9772132102	3881214.125247358	120
507538.81318102	3881214.036393212	120
507538.81318102	3881214.036393212	120
507538.6400226449	3881213.958621266	120
507538.6400226449	3881213.958621266	120
507538.45775647793	3881213.869752007	120
507538.2754995	3881213.769792991	120
507538.45775647793	3881213.869752007	120
507538.2754995	3881213.769792991	120
507538.0932333234	3881213.6809237385	120
507538.0932333234	3881213.6809237385	120
507537.92008413	3881213.592062049	120
507537.92008413	3881213.592062049	120
507537.7469441297	3881213.492110604	120
507537.7469441297	3881213.492110604	120
507537.5737949316	3881213.403248921	120
507537.5737949316	3881213.403248921	120
507537.4188705077	3881213.3254921166	120
507537.4188705077	3881213.3254921166	120
507537.26395527495	3881213.236645556	120
507537.26395527495	3881213.236645556	120
507537.1090308479	3881213.1588887568	120
507537.1090308479	3881213.1588887568	120
507536.9723403926	3881213.081147076	120
507536.9723403926	3881213.081147076	120
507536.83564993495	3881213.003405398	120
507536.83564993495	3881213.003405398	120
507536.6989502796	3881212.93675348	120
507536.6989502796	3881212.93675348	120
507536.5713676143	3881212.870109121	120
507536.5713676143	3881212.870109121	120
507536.43467714544	3881212.79236745	120
507536.3070944739	3881212.7257230943	120
507536.3070944739	3881212.7257230943	120
507536.1795118028	3881212.6590787433	120
507536.1795118028	3881212.6590787433	120
507536.0519383197	3881212.581344633	120
507536.0519383197	3881212.581344633	120
507535.9243556401	3881212.514700283	120
507535.9243556401	3881212.514700283	120
507535.79677296086	3881212.448055935	120
507535.79677296086	3881212.448055935	120
507535.79677296086	3881212.448055935	120
507535.6691994716	3881212.370321831	120
507535.6691994716	3881212.370321831	120
507535.5416167885	3881212.303677487	120
507535.4140432927	3881212.225943388	120
507535.4140432927	3881212.225943388	120
507535.4140432927	3881212.225943388	120
507535.286469797	3881212.1482092887	120
507535.286469797	3881212.1482092887	120
507535.158887108	3881212.0815649503	120
507535.158887108	3881212.0815649503	120
507535.0313044171	3881212.0149206137	120
507535.0313044171	3881212.0149206137	120
507534.9037217221	3881211.948276279	120
507534.9037217221	3881211.948276279	120
507534.76703122974	3881211.870534632	120
507534.76703122974	3881211.870534632	120
507534.6212145561	3881211.8038751897	120
507534.4662900798	3881211.726118434	120
507534.4662900798	3881211.726118434	120
507534.4662900798	3881211.726118434	120
507534.3113747956	3881211.637271925	120
507534.3113747956	3881211.637271925	120
507534.1382255264	3881211.548410308	120
507534.1382255264	3881211.548410308	120
507533.94684227376	3881211.459533584	120
507533.94684227376	3881211.459533584	120
507533.75545902207	3881211.3706568647	120
507533.75545902207	3881211.3706568647	120
507533.5458601648	3881211.259585522	120
507533.5458601648	3881211.259585522	120
507533.3362521134	3881211.159603943	120
507533.3362521134	3881211.159603943	120
507533.1084192677	3881211.0485175033	120
507533.1084192677	3881211.0485175033	120
507532.8897034057	3881210.937438622	120
507532.8897034057	3881210.937438622	120
507532.6527535595	3881210.826344639	120
507532.4249298826	3881210.704168458	120
507532.4249298826	3881210.704168458	120
507532.4249298826	3881210.704168458	120
507532.1970970144	3881210.59308204	120
507532.1970970144	3881210.59308204	120
507531.9692733278	3881210.470905869	120
507531.9692733278	3881210.470905869	120
507531.75055743806	3881210.359827016	120
507531.75055743806	3881210.359827016	120
507531.53184154304	3881210.248748168	120
507531.53184154304	3881210.248748168	120
507531.3222426328	3881210.137676877	120
507531.3222426328	3881210.137676877	120
507531.1217515237	3881210.037702902	120
507531.1217515237	3881210.037702902	120
507530.9303865842	3881209.926646725	120
507530.9303865842	3881209.926646725	120
507530.7481294447	3881209.826687863	120
507530.7481294447	3881209.826687863	120
507530.5658723036	3881209.7267290032	120
507530.5658723036	3881209.7267290032	120
507530.401839952	3881209.637875009	120
507530.401839952	3881209.637875009	120
507530.2469245904	3881209.549028569	120
507530.2469245904	3881209.549028569	120
507530.0920092233	3881209.4601821313	120
507529.94620166166	3881209.3824330056	120
507529.94620166166	3881209.3824330056	120
507529.94620166166	3881209.3824330056	120
507529.8095202731	3881209.293601675	120
507529.8095202731	3881209.293601675	120
507529.6819466885	3881209.215867656	120
507529.6819466885	3881209.215867656	120
507529.5634809062	3881209.1492309454	120
507529.5634809062	3881209.1492309454	120
507529.4450243086	3881209.0715044807	120
507529.4450243086	3881209.0715044807	120
507529.3356663322	3881209.015965085	120
507529.23543452966	3881208.9493434806	120
507529.3356663322	3881209.015965085	120
507529.23543452966	3881208.9493434806	120
507529.1260857343	3881208.882714327	120
507529.1260857343	3881208.882714327	120
507529.0258539311	3881208.816092727	120
507529.0258539311	3881208.816092727	120
507528.92561293824	3881208.760560884	120
507528.92561293824	3881208.760560884	120
507528.8344981215	3881208.693946835	120
507528.8344981215	3881208.693946835	120
507528.7251493225	3881208.627317687	120
507528.7251493225	3881208.627317687	120
507528.615791334	3881208.571778298	120
507528.615791334	3881208.571778298	120
507528.4973255378	3881208.5051416033	120
507528.4973255378	3881208.5051416033	120
507528.3697519332	3881208.427407603	120
507528.3697519332	3881208.427407603	120
507528.2421783218	3881208.349673604	120
507528.09637072426	3881208.2719245087	120
507528.2421783218	3881208.349673604	120
507527.9505723089	3881208.183085656	120
507527.9505723089	3881208.183085656	120
507527.7956568962	3881208.094239257	120
507527.9505723089	3881208.183085656	120
507527.6407506671	3881207.994303103	120
507527.6407506671	3881207.994303103	120
507527.48583524814	3881207.905456711	120
507527.48583524814	3881207.905456711	120
507527.3309198285	3881207.816610322	120
507527.3309198285	3881207.816610322	120
507527.1851305774	3881207.716681722	120
507527.1851305774	3881207.716681722	120
507527.0302151516	3881207.627835338	120
507527.0302151516	3881207.627835338	120
507526.8935337082	3881207.539004052	120
507527.0302151516	3881207.627835338	120
507526.7477260862	3881207.461254978	120
507526.7477260862	3881207.461254978	120
507526.6201616281	3881207.372431242	120
507526.6201616281	3881207.372431242	120
507526.6201616281	3881207.372431242	120
507526.4925879917	3881207.294697269	120
507526.3650143506	3881207.216963296	120
507526.3650143506	3881207.216963296	120
507526.3650143506	3881207.216963296	120
507526.23744070745	3881207.1392293256	120
507526.1007500689	3881207.061487809	120
507526.1007500689	3881207.061487809	120
507526.1007500689	3881207.061487809	120
507525.9640594234	3881206.9837462935	120
507525.9640594234	3881206.9837462935	120
507525.8182517868	3881206.905997236	120
507525.8182517868	3881206.905997236	120
507525.6633363316	3881206.817150874	120
507525.6633363316	3881206.817150874	120
507525.49930388434	3881206.7282969686	120
507525.49930388434	3881206.7282969686	120
507525.32616361487	3881206.628345762	120
507525.32616361487	3881206.628345762	120
507525.1256631814	3881206.5394616793	120
507525.1256631814	3881206.5394616793	120
507524.9160549289	3881206.439480294	120
507524.6973296779	3881206.33949137	120
507524.9160549289	3881206.439480294	120
507524.469487428	3881206.239494905	120
507524.469487428	3881206.239494905	120
507524.2234111826	3881206.139483357	120
507524.2234111826	3881206.139483357	120
507524.2234111826	3881206.139483357	120
507523.9773349364	3881206.039471815	120
507523.9773349364	3881206.039471815	120
507523.731249503	3881205.950550037	120
507523.731249503	3881205.950550037	120
507523.4760470703	3881205.861620724	120
507523.4760470703	3881205.861620724	120
507523.2117184639	3881205.78377363	120
507523.2117184639	3881205.78377363	120
507522.9565068453	3881205.705934088	120
507522.9565068453	3881205.705934088	120
507522.701286051	3881205.639184313	120
507522.436948256	3881205.572427	120
507522.436948256	3881205.572427	120
507522.16349345766	3881205.5056621535	120
507522.436948256	3881205.572427	120
507521.89002948505	3881205.44998707	120
507521.89002948505	3881205.44998707	120
507521.89002948505	3881205.44998707	120
507521.6074576889	3881205.3832146977	120
507521.6074576889	3881205.3832146977	120
507521.3248675377	3881205.3386218497	120
507521.3248675377	3881205.3386218497	120
507521.033142041	3881205.316200985	120
507521.033142041	3881205.316200985	120
507520.7414165452	3881205.2937801294	120
507520.7414165452	3881205.2937801294	120
507520.4587988674	3881205.2824565847	120
507520.4587988674	3881205.2824565847	120
507520.1852798382	3881205.293320105	120
507520.1852798382	3881205.293320105	120
507519.9117699845	3881205.293093876	120
507519.9117699845	3881205.293093876	120
507519.392082916	3881205.3148435806	120
507519.392082916	3881205.3148435806	120
507519.1458781898	3881205.3700887887	120
507519.1458781898	3881205.3700887887	120
507518.8996642954	3881205.436423761	120
507518.8996642954	3881205.436423761	120
507518.662576568	3881205.491676521	120
507518.43459666974	3881205.558026585	120
507518.662576568	3881205.491676521	120
507518.43459666974	3881205.558026585	120
507518.215724599	3881205.6354739536	120
507518.215724599	3881205.6354739536	120
507517.996852532	3881205.7129213256	120
507517.996852532	3881205.7129213256	120
507517.78709746327	3881205.790376241	120
507517.5864593925	3881205.867838702	120
507517.5864593925	3881205.867838702	120
507517.5864593925	3881205.867838702	120
507517.38581215794	3881205.9563909248	120
507517.1942819169	3881206.04495069	120
507517.1942819169	3881206.04495069	120
507517.1942819169	3881206.04495069	120
507517.0027425152	3881206.144600218	120
507516.8203201095	3881206.244257289	120
507517.0027425152	3881206.144600218	120
507516.647014704	3881206.3439218993	120
507516.647014704	3881206.3439218993	120
507516.647014704	3881206.3439218993	120
507516.4737093	3881206.4435865134	120
507516.4737093	3881206.4435865134	120
507516.30040389975	3881206.543251132	120
507516.13621549925	3881206.6429232894	120
507516.13621549925	3881206.6429232894	120
507515.9720271	3881206.7425954505	120
507515.9720271	3881206.7425954505	120
507515.9720271	3881206.7425954505	120
507515.81693736505	3881206.864454669	120
507515.81693736505	3881206.864454669	120
507515.6709737949	3881206.975231666	120
507515.5250102259	3881207.086008667	120
507515.5250102259	3881207.086008667	120
507515.5250102259	3881207.086008667	120
507515.3790466628	3881207.196785671	120
507515.3790466628	3881207.196785671	120
507515.24220009625	3881207.307570213	120
507515.24220009625	3881207.307570213	120
507515.1144613592	3881207.42945205	120
507515.1144613592	3881207.42945205	120
507514.9867317897	3881207.5402441327	120
507514.9867317897	3881207.5402441327	120
507514.87723621086	3881207.651051288	120
507514.87723621086	3881207.651051288	120
507514.7586236422	3881207.761850908	120
507514.6491280688	3881207.872658065	120
507514.7586236422	3881207.761850908	120
507514.6491280688	3881207.872658065	120
507514.55786648265	3881207.9834802942	120
507514.55786648265	3881207.9834802942	120
507514.4574879065	3881208.09429499	120
507514.4574879065	3881208.09429499	120
507514.366235493	3881208.194027464	120
507514.2841000711	3881208.2937674727	120
507514.2841000711	3881208.2937674727	120
507514.2841000711	3881208.2937674727	120
507514.2110816428	3881208.393515017	120
507514.2110816428	3881208.393515017	120
507514.1289462244	3881208.493255029	120
507514.1289462244	3881208.493255029	120
507514.0559369672	3881208.581912817	120
507514.0559369672	3881208.581912817	120
507513.9829185437	3881208.681660365	120
507513.9099092871	3881208.770318154	120
507513.9099092871	3881208.770318154	120
507513.9099092871	3881208.770318154	120
507513.8277830405	3881208.858968408	120
507513.8277830405	3881208.858968408	120
507513.74564763054	3881208.958708423	120
507513.74564763054	3881208.958708423	120
507513.6635122246	3881209.058448439	120
507513.6635122246	3881209.058448439	120
507513.5631245064	3881209.180352903	120
507513.5631245064	3881209.180352903	120
507513.4627367909	3881209.302257368	120
507513.4627367909	3881209.302257368	120
507513.3532137605	3881209.4463338167	120
507513.2345645739	3881209.601492493	120
507513.2345645739	3881209.601492493	120
507513.1067892389	3881209.767733392	120
507513.2345645739	3881209.601492493	120
507513.1067892389	3881209.767733392	120
507512.96988775424	3881209.945056521	120
507512.96988775424	3881209.945056521	120
507512.842103265	3881210.122387183	120
507512.842103265	3881210.122387183	120
507512.70520178846	3881210.299710313	120
507512.70520178846	3881210.299710313	120
507512.5774081457	3881210.488130741	120
507512.5774081457	3881210.488130741	120
507512.4496236717	3881210.665461409	120
507512.4496236717	3881210.665461409	120
507512.3218392027	3881210.84279208	120
507512.3218392027	3881210.84279208	120
507512.1940547364	3881211.020122753	120
507512.1940547364	3881211.020122753	120
507512.0845042553	3881211.197468492	120
507512.0845042553	3881211.197468492	120
507511.9658459526	3881211.363716943	120
507511.9658459526	3881211.363716943	120
507511.86542163166	3881211.52998046	120
507511.86542163166	3881211.52998046	120
507511.7649973143	3881211.696243978	120
507511.7649973143	3881211.696243978	120
507511.6645821655	3881211.85141774	120
507511.6645821655	3881211.85141774	120
507511.573284006	3881212.0065990337	120
507511.573284006	3881212.0065990337	120
507511.4819950119	3881212.150690572	120
507511.4819950119	3881212.150690572	120
507511.39982300857	3881212.294789642	120
507511.39982300857	3881212.294789642	120
507511.3176510079	3881212.438888713	120
507511.3176510079	3881212.438888713	120
507511.23548817175	3881212.5718980255	120
507511.153325338	3881212.70490734	120
507511.153325338	3881212.70490734	120
507511.153325338	3881212.70490734	120
507511.071162509	3881212.837916655	120
507511.071162509	3881212.837916655	120
507510.9981258313	3881212.959843744	120
507510.9981258313	3881212.959843744	120
507510.9159630046	3881213.092853058	120
507510.9159630046	3881213.092853058	120
507510.8338001802	3881213.225862376	120
507510.7516373582	3881213.358871695	120
507510.7516373582	3881213.358871695	120
507510.6603483907	3881213.5029632393	120
507510.6603483907	3881213.5029632393	120
507510.6603483907	3881213.5029632393	120
507510.57818557374	3881213.63597256	120
507510.57818557374	3881213.63597256	120
507510.486896614	3881213.780064106	120
507510.486896614	3881213.780064106	120
507510.39561681583	3881213.913065897	120
507510.3134356847	3881214.068254736	120
507510.39561681583	3881213.913065897	120
507510.3134356847	3881214.068254736	120
507510.2221467312	3881214.2123462856	120
507510.2221467312	3881214.2123462856	120
507510.1308486199	3881214.3675275934	120
507510.1308486199	3881214.3675275934	120
507510.0395505141	3881214.5227089054	120
507509.94825240906	3881214.677890217	120
507510.0395505141	3881214.5227089054	120
507509.94825240906	3881214.677890217	120
507509.8478281591	3881214.8441537567	120
507509.8478281591	3881214.8441537567	120
507509.7565300629	3881214.999335071	120
507509.7565300629	3881214.999335071	120
507509.6561149823	3881215.154508855	120
507509.6561149823	3881215.154508855	120
507509.56481689017	3881215.30969017	120
507509.56481689017	3881215.30969017	120
507509.4644018186	3881215.464863956	120
507509.4644018186	3881215.464863956	120
507509.3731037305	3881215.6200452745	120
507509.2818148074	3881215.7641368345	120
507509.2818148074	3881215.7641368345	120
507509.2818148074	3881215.7641368345	120
507509.1813997434	3881215.919310623	120
507509.0901108287	3881216.063402184	120
507509.0901108287	3881216.063402184	120
507509.0901108287	3881216.063402184	120
507508.9988127552	3881216.218583506	120
507508.9988127552	3881216.218583506	120
507508.907523844	3881216.362675069	120
507508.8162440948	3881216.495676876	120
507508.907523844	3881216.362675069	120
507508.7249551916	3881216.639768442	120
507508.8162440948	3881216.495676876	120
507508.7249551916	3881216.639768442	120
507508.633666289	3881216.783860008	120
507508.633666289	3881216.783860008	120
507508.533251245	3881216.939033804	120
507508.533251245	3881216.939033804	120
507508.4419623484	3881217.083125373	120
507508.4419623484	3881217.083125373	120
507508.3324303326	3881217.2382916417	120
507508.3324303326	3881217.2382916417	120
507508.23201529874	3881217.393465442	120
507508.1133571494	3881217.559713945	120
507508.23201529874	3881217.393465442	120
507508.0038159823	3881217.725969976	120
507508.1133571494	3881217.559713945	120
507507.8851486812	3881217.90330824	120
507507.8851486812	3881217.90330824	120
507507.8851486812	3881217.90330824	120
507507.7573644026	3881218.080638976	120
507507.7573644026	3881218.080638976	120
507507.6386879534	3881218.2690670015	120
507507.6386879534	3881218.2690670015	120
507507.5200206666	3881218.4464052697	120
507507.5200206666	3881218.4464052697	120
507507.401344227	3881218.634833299	120
507507.401344227	3881218.634833299	120
507507.2826769496	3881218.812171571	120
507507.2826769496	3881218.812171571	120
507507.1640096767	3881218.989509844	120
507507.1640096767	3881218.989509844	120
507507.0544593872	3881219.166855646	120
507506.93579212576	3881219.344193923	120
507507.0544593872	3881219.166855646	120
507506.93579212576	3881219.344193923	120
507506.8353679823	3881219.5104574976	120
507506.8353679823	3881219.5104574976	120
507506.7349346906	3881219.687810832	120
507506.7349346906	3881219.687810832	120
507506.6345197132	3881219.84298465	120
507506.6345197132	3881219.84298465	120
507506.54321256327	3881220.009255756	120
507506.54321256327	3881220.009255756	120
507506.4427975927	3881220.164429575	120
507506.4427975927	3881220.164429575	120
507506.3514996055	3881220.319610924	120
507506.3514996055	3881220.319610924	120
507506.26932775707	3881220.463710042	120
507506.26932775707	3881220.463710042	120
507506.1780389316	3881220.607801635	120
507506.1780389316	3881220.607801635	120
507506.0958670885	3881220.751900755	120
507506.0958670885	3881220.751900755	120
507506.01370440825	3881220.884910117	120
507505.93154172576	3881221.017919479	120
507506.01370440825	3881220.884910117	120
507505.93154172576	3881221.017919479	120
507505.8493790457	3881221.1509288414	120
507505.8493790457	3881221.1509288414	120
507505.7763241916	3881221.2950354903	120
507505.6941706715	3881221.416955098	120
507505.7763241916	3881221.2950354903	120
507505.6941706715	3881221.416955098	120
507505.6120079985	3881221.549964463	120
507505.6120079985	3881221.549964463	120
507505.5389623087	3881221.682981357	120
507505.5389623087	3881221.682981357	120
507505.4567996404	3881221.8159907223	120
507505.4567996404	3881221.8159907223	120
507505.3837539527	3881221.949007617	120
507505.3837539527	3881221.949007617	120
507505.2924743109	3881222.08200946	120
507505.2924743109	3881222.08200946	120
507505.2194286277	3881222.215026355	120
507505.2194286277	3881222.215026355	120
507505.1281489933	3881222.3480281984	120
507505.1281489933	3881222.3480281984	120
507505.055103317	3881222.481045096	120
507505.055103317	3881222.481045096	120
507504.9729406629	3881222.614054467	120
507504.9729406629	3881222.614054467	120
507504.8907780112	3881222.747063839	120
507504.8907780112	3881222.747063839	120
507504.808615362	3881222.880073213	120
507504.808615362	3881222.880073213	120
507504.7355696922	3881223.013090112	120
507504.7355696922	3881223.013090112	120
507504.6534162016	3881223.135009728	120
507504.6534162016	3881223.135009728	120
507504.5712535616	3881223.268019103	120
507504.4891000755	3881223.38993872	120
507504.5712535616	3881223.268019103	120
507504.4891000755	3881223.38993872	120
507504.4160544145	3881223.522955622	120
507504.32478395855	3881223.644867716	120
507504.4160544145	3881223.522955622	120
507504.32478395855	3881223.644867716	120
507504.2426304791	3881223.766787336	120
507504.2426304791	3881223.766787336	120
507504.16047700186	3881223.888706957	120
507504.0783143736	3881224.021716335	120
507504.16047700186	3881223.888706957	120
507504.0783143736	3881224.021716335	120
507503.9961609008	3881224.143635958	120
507503.9961609008	3881224.143635958	120
507503.91400743264	3881224.26555558	120
507503.91400743264	3881224.26555558	120
507503.83185396425	3881224.3874752033	120
507503.83185396425	3881224.3874752033	120
507503.7497004981	3881224.5093948273	120
507503.7497004981	3881224.5093948273	120
507503.6675470365	3881224.6313144527	120
507503.6675470365	3881224.6313144527	120
507503.5853844221	3881224.764323837	120
507503.5853844221	3881224.764323837	120
507503.5032309626	3881224.886243464	120
507503.5032309626	3881224.886243464	120
507503.4210775055	3881225.0081630913	120
507503.4210775055	3881225.0081630913	120
507503.3389148981	3881225.141172477	120
507503.256752293	3881225.2741818647	120
507503.256752293	3881225.2741818647	120
507503.256752293	3881225.2741818647	120
507503.17458969273	3881225.407191253	120
507503.17458969273	3881225.407191253	120
507503.0924270925	3881225.540200642	120
507503.0924270925	3881225.540200642	120
507503.010264497	3881225.6732100327	120
507503.010264497	3881225.6732100327	120
507502.9280927497	3881225.8173091807	120
507502.9280927497	3881225.8173091807	120
507502.845921005	3881225.96140833	120
507502.845921005	3881225.96140833	120
507502.7546322888	3881226.1054999577	120
507502.7546322888	3881226.1054999577	120
507502.6633435756	3881226.2495915857	120
507502.6633435756	3881226.2495915857	120
507502.5720457137	3881226.404772975	120
507502.5720457137	3881226.404772975	120
507502.4807478573	3881226.559954364	120
507502.4807478573	3881226.559954364	120
507502.3894408504	3881226.7262255126	120
507502.3894408504	3881226.7262255126	120
507502.2890260224	3881226.881399381	120
507502.2890260224	3881226.881399381	120
507502.18860205146	3881227.047663007	120
507502.0972950549	3881227.213934159	120
507502.0972950549	3881227.213934159	120
507502.0972950549	3881227.213934159	120
507501.9968710888	3881227.380197788	120
507501.9968710888	3881227.380197788	120
507501.8964471264	3881227.54646142	120
507501.8964471264	3881227.54646142	120
507501.8051492906	3881227.701642816	120
507501.8051492906	3881227.701642816	120
507501.7138423075	3881227.8679139703	120
507501.7138423075	3881227.8679139703	120
507501.6225536284	3881228.01200561	120
507501.6225536284	3881228.01200561	120
507501.5403819264	3881228.156104772	120
507501.5403819264	3881228.156104772	120
507501.4490932529	3881228.300196413	120
507501.4490932529	3881228.300196413	120
507501.3760476757	3881228.4332133406	120
507501.3760476757	3881228.4332133406	120
507501.29389428126	3881228.555132988	120
507501.29389428126	3881228.555132988	120
507501.2299748297	3881228.677067679	120
507501.1660553821	3881228.7990023713	120
507501.1660553821	3881228.7990023713	120
507501.1660553821	3881228.7990023713	120
507501.10214508127	3881228.909847306	120
507501.10214508127	3881228.909847306	120
507501.0382439362	3881229.009602481	120
507501.0382439362	3881229.009602481	120
507500.9834597613	3881229.1093651806	120
507500.9834597613	3881229.1093651806	120
507500.9286755899	3881229.209127878	120
507500.8739005691	3881229.297800818	120
507500.8739005691	3881229.297800818	120
507500.8739005691	3881229.297800818	120
507500.8191255471	3881229.3864737577	120
507500.8191255471	3881229.3864737577	120
507500.764350526	3881229.475146699	120
507500.764350526	3881229.475146699	120
507500.7004493887	3881229.574901877	120
507500.7004493887	3881229.574901877	120
507500.6456652232	3881229.674664577	120
507500.6456652232	3881229.674664577	120
507500.5817549371	3881229.785509514	120
507500.5817549371	3881229.785509514	120
507500.51784465264	3881229.8963544527	120
507500.51784465264	3881229.8963544527	120
507500.4539252209	3881230.018289152	120
507500.4539252209	3881230.018289152	120
507500.3808888231	3881230.140216328	120
507500.3808888231	3881230.140216328	120
507500.3078524249	3881230.262143504	120
507500.3078524249	3881230.262143504	120
507500.2256899104	3881230.395152921	120
507500.2256899104	3881230.395152921	120
507500.15264436783	3881230.528169858	120
507500.0704818626	3881230.661179276	120
507500.0704818626	3881230.661179276	120
507499.9883193551	3881230.794188694	120
507499.9883193551	3881230.794188694	120
507499.9883193551	3881230.794188694	120
507499.9061477018	3881230.938287871	120
507499.814859082	3881231.082379529	120
507499.9061477018	3881230.938287871	120
507499.814859082	3881231.082379529	120
507499.732678286	3881231.237568466	120
507499.732678286	3881231.237568466	120
507499.6413805241	3881231.3927498856	120
507499.6413805241	3881231.3927498856	120
507499.5409566489	3881231.559013543	120
507499.4405327773	3881231.7252772017	120
507499.4405327773	3881231.7252772017	120
507499.4405327773	3881231.7252772017	120
507499.34011805936	3881231.8804511023	120
507499.34011805936	3881231.8804511023	120
507499.23969419504	3881232.046714764	120
507499.23969419504	3881232.046714764	120
507499.13927033206	3881232.212978426	120
507499.13927033206	3881232.212978426	120
507499.0388464774	3881232.37924209	120
507499.0388464774	3881232.37924209	120
507498.9384226241	3881232.5455057537	120
507498.9384226241	3881232.5455057537	120
507498.838007919	3881232.700679661	120
507498.838007919	3881232.700679661	120
507498.7467010425	3881232.866950848	120
507498.6462863466	3881233.022124756	120
507498.6462863466	3881233.022124756	120
507498.6462863466	3881233.022124756	120
507498.5549886211	3881233.177306186	120
507498.5549886211	3881233.177306186	120
507498.4545647877	3881233.343569856	120
507498.4545647877	3881233.343569856	120
507498.36326706863	3881233.498751288	120
507498.2628523839	3881233.6539252014	120
507498.2628523839	3881233.6539252014	120
507498.2628523839	3881233.6539252014	120
507498.17155467125	3881233.809106636	120
507498.17155467125	3881233.809106636	120
507498.0711308519	3881233.975370309	120
507498.0711308519	3881233.975370309	120
507497.9615992113	3881234.130536706	120
507497.9615992113	3881234.130536706	120
507497.8611662536	3881234.307890142	120
507497.8611662536	3881234.307890142	120
507497.7424993638	3881234.4852285422	120
507497.6238233378	3881234.673656702	120
507497.6238233378	3881234.673656702	120
507497.6238233378	3881234.673656702	120
507497.4960303492	3881234.8620773447	120
507497.4960303492	3881234.8620773447	120
507497.3591112556	3881235.061580231	120
507497.3591112556	3881235.061580231	120
507497.2130843435	3881235.249985842	120
507497.2130843435	3881235.249985842	120
507497.0579313349	3881235.4494736968	120
507497.0579313349	3881235.4494736968	120
507496.8845626886	3881235.6267669993	120
507496.8845626886	3881235.6267669993	120
507496.702077087	3881235.8040527888	120
507496.510492812	3881235.959151547	120
507496.702077087	3881235.8040527888	120
507496.510492812	3881235.959151547	120
507496.318917692	3881236.103160549	120
507496.318917692	3881236.103160549	120
507496.1182438967	3881236.224982521	120
507496.1182438967	3881236.224982521	120
507495.9266870752	3881236.346812013	120
507495.9266870752	3881236.346812013	120
507495.7351485429	3881236.4464619937	120
507495.7351485429	3881236.4464619937	120
507495.5527269784	3881236.546119493	120
507495.5527269784	3881236.546119493	120
507495.3703145628	3881236.634687238	120
507495.3703145628	3881236.634687238	120
507495.2061452178	3881236.712180257	120
507495.2061452178	3881236.712180257	120
507495.0419758756	3881236.789673283	120
507495.0419758756	3881236.789673283	120
507494.7227633071	3881236.933577097	120
507494.7227633071	3881236.933577097	120
507494.5768644685	3881236.9667261257	120
507494.5768644685	3881236.9667261257	120
507494.4309564872	3881237.010964914	120
507494.4309564872	3881237.010964914	120
507494.2850576509	3881237.044113948	120
507494.2850576509	3881237.044113948	120
507494.1391496745	3881237.0883527407	120
507494.1391496745	3881237.0883527407	120
507494.00236780354	3881237.121509294	120
507494.00236780354	3881237.121509294	120
507493.85645982745	3881237.165748093	120
507493.7105609958	3881237.198897135	120
507493.7105609958	3881237.198897135	120
507493.7105609958	3881237.198897135	120
507493.5737699876	3881237.243143453	120
507493.5737699876	3881237.243143453	120
507493.436988121	3881237.276300013	120
507493.436988121	3881237.276300013	120
507493.3093140781	3881237.32055385	120
507493.3093140781	3881237.32055385	120
507493.17253221374	3881237.353710413	120
507493.17253221374	3881237.353710413	120
507493.0448581709	3881237.397964254	120
507493.0448581709	3881237.397964254	120
507492.8989593436	3881237.4311133088	120
507492.8989593436	3881237.4311133088	120
507492.7439344176	3881237.4753446127	120
507492.5797925305	3881237.519568404	120
507492.5797925305	3881237.519568404	120
507492.5797925305	3881237.519568404	120
507492.3974075784	3881237.5748669305	120
507492.3974075784	3881237.5748669305	120
507492.2059148073	3881237.619068188	120
507492.2059148073	3881237.619068188	120
507492.0052959347	3881237.674351697	120
507492.0052959347	3881237.674351697	120
507491.7864340014	3881237.740709945	120
507491.5584642471	3881237.7959709256	120
507491.7864340014	3881237.740709945	120
507491.5584642471	3881237.7959709256	120
507491.321377531	3881237.8512244006	120
507491.07517385785	3881237.906470367	120
507491.321377531	3881237.8512244006	120
507491.07517385785	3881237.906470367	120
507490.8289701877	3881237.961716344	120
507490.8289701877	3881237.961716344	120
507490.5827756552	3881238.005872566	120
507490.5827756552	3881238.005872566	120
507490.3365811273	3881238.050028796	120
507490.3365811273	3881238.050028796	120
507490.09038660186	3881238.094185032	120
507489.8441920765	3881238.138341274	120
507489.8441920765	3881238.138341274	120
507489.8441920765	3881238.138341274	120
507489.6071236535	3881238.171415275	120
507489.3700552346	3881238.2044892814	120
507489.6071236535	3881238.171415275	120
507489.1421129097	3881238.226481048	120
507489.1421129097	3881238.226481048	120
507489.1421129097	3881238.226481048	120
507488.91417058825	3881238.2484728177	120
507488.91417058825	3881238.2484728177	120
507488.7044621916	3881238.270479613	120
507488.7044621916	3881238.270479613	120
507488.5038798921	3881238.281404162	120
507488.5038798921	3881238.281404162	120
507488.31242368906	3881238.281246468	120
507488.31242368906	3881238.281246468	120
507488.130075314	3881238.292186044	120
507487.9659699989	3881238.292050883	120
507487.9659699989	3881238.292050883	120
507487.9659699989	3881238.292050883	120
507487.8018646839	3881238.2919157255	120
507487.8018646839	3881238.2919157255	120
507487.6560024234	3881238.2807058287	120
507487.6560024234	3881238.2807058287	120
507487.5192571268	3881238.269503444	120
507487.5192571268	3881238.269503444	120
507487.39162878937	3881238.258308568	120
507487.39162878937	3881238.258308568	120
507487.2640004539	3881238.247113695	120
507487.2640004539	3881238.247113695	120
507487.1546060443	3881238.235933839	120
507487.1546060443	3881238.235933839	120
507487.0543377265	3881238.2136717313	120
507487.0543377265	3881238.2136717313	120
507486.9631772353	3881238.202506893	120
507486.9631772353	3881238.202506893	120
507486.8811337128	3881238.191349567	120
507486.8811337128	3881238.191349567	120
507486.8082162774	3881238.169109984	120
507486.6623631505	3881238.146810345	120
507486.8082162774	3881238.169109984	120
507486.6623631505	3881238.146810345	120
507486.6350213944	3881238.135698063	120
507486.6350213944	3881238.135698063	120
507486.5985626761	3881238.1245782753	120
507486.5985626761	3881238.1245782753	120
507486.57122092217	3881238.113465994	120
507486.57122092217	3881238.113465994	120
507486.55298699817	3881238.113450979	120
507486.55298699817	3881238.113450979	120
507486.5256452418	3881238.102338697	120
507486.5256452418	3881238.102338697	120
507486.507420452	3881238.091233924	120
507486.507420452	3881238.091233924	120
507486.4891865279	3881238.091218909	120
507486.4527278094	3881238.0800991207	120
507486.4527278094	3881238.0800991207	120
507486.416269093	3881238.068979332	120
507486.416269093	3881238.068979332	120
507486.416269093	3881238.068979332	120
507486.3615764525	3881238.05784453	120
507486.3615764525	3881238.05784453	120
507486.2977668452	3881238.04670222	120
507486.2977668452	3881238.04670222	120
507486.21573244967	3881238.0244551385	120
507486.1154641272	3881238.002193042	120
507486.1154641272	3881238.002193042	120
507486.1154641272	3881238.002193042	120
507486.0060788399	3881237.9799234415	120
507486.0060788399	3881237.9799234415	120
507485.759966515	3881237.924271964	120
507485.759966515	3881237.924271964	120
507485.5958977141	3881237.87977781	120
507485.5958977141	3881237.87977781	120
507485.4409458763	3881237.8352911663	120
507485.4409458763	3881237.8352911663	120
507485.2859849043	3881237.801894283	120
507485.2859849043	3881237.801894283	120
507485.131023931	3881237.7684974014	120
507485.131023931	3881237.7684974014	120
507484.9943060138	3881237.7240257775	120
507484.9943060138	3881237.7240257775	120
507484.85757896537	3881237.6906439136	120
507484.85757896537	3881237.6906439136	120
507484.72997800814	3881237.646179799	120
507484.72997800814	3881237.646179799	120
507484.61148488487	3881237.612812949	120
507484.61148488487	3881237.612812949	120
507484.5021087186	3881237.579453608	120
507484.5021087186	3881237.579453608	120
507484.410966479	3881237.546109277	120
507484.410966479	3881237.546109277	120
507484.3198242388	3881237.512764949	120
507484.3198242388	3881237.512764949	120
507484.2377898336	3881237.490517884	120
507484.2377898336	3881237.490517884	120
507484.1648815175	3881237.457188567	120
507484.1648815175	3881237.457188567	120
507484.1010810345	3881237.434956514	120
507484.1010810345	3881237.434956514	120
507484.02816358855	3881237.412716956	120
507484.02816358855	3881237.412716956	120
507483.9734891988	3881237.37940265	120
507483.9734891988	3881237.37940265	120
507483.9096887148	3881237.357170599	120
507483.9096887148	3881237.357170599	120
507483.84588823287	3881237.334938547	120
507483.84588823287	3881237.334938547	120
507483.79121384193	3881237.301624242	120
507483.79121384193	3881237.301624242	120
507483.7365303175	3881237.279399696	120
507483.7365303175	3881237.279399696	120
507483.69096376025	3881237.257182655	120
507483.69096376025	3881237.257182655	120
507483.6362802399	3881237.234958112	120
507483.6362802399	3881237.234958112	120
507483.5907136799	3881237.2127410695	120
507483.545147122	3881237.190524031	120
507483.545147122	3881237.190524031	120
507483.545147122	3881237.190524031	120
507483.4904636009	3881237.1682994873	120
507483.4904636009	3881237.1682994873	120
507483.4448970402	3881237.146082446	120
507483.4448970402	3881237.146082446	120
507483.3902135186	3881237.123857904	120
507483.3902135186	3881237.123857904	120
507483.33552999445	3881237.101633359	120
507483.33552999445	3881237.101633359	120
507483.28085560026	3881237.068319059	120
507483.28085560026	3881237.068319059	120
507483.2079472772	3881237.0349897486	120
507483.2079472772	3881237.0349897486	120
507483.12592199055	3881237.001652935	120
507483.12592199055	3881237.001652935	120
507483.0256719046	3881236.9572113566	120
507483.0256719046	3881236.9572113566	120
507482.9163139844	3881236.9016725137	120
507482.9163139844	3881236.9016725137	120
507482.8069560581	3881236.846133676	120
507482.8069560581	3881236.846133676	120
507482.6793642063	3881236.7905798303	120
507482.6793642063	3881236.7905798303	120
507482.5426645165	3881236.723928724	120
507482.5426645165	3881236.723928724	120
507482.4150817859	3881236.657285124	120
507482.4150817859	3881236.657285124	120
507482.2874990557	3881236.5906415256	120
507482.2874990557	3881236.5906415256	120
507482.15991632367	3881236.523997929	120
507482.15991632367	3881236.523997929	120
507482.0414505557	3881236.457361836	120
507482.0414505557	3881236.457361836	120
507481.9320926188	3881236.401823008	120
507481.9320926188	3881236.401823008	120
507481.83185164665	3881236.346291683	120
507481.83185164665	3881236.346291683	120
507481.7316015496	3881236.3018501177	120
507481.7316015496	3881236.3018501177	120
507481.6404775366	3881236.246326298	120
507481.6404775366	3881236.246326298	120
507481.5584522394	3881236.212989499	120
507481.5584522394	3881236.212989499	120
507481.48555302894	3881236.168570444	120
507481.48555302894	3881236.168570444	120
507481.4126446921	3881236.135241149	120
507481.4126446921	3881236.135241149	120
507481.33974548266	3881236.090822096	120
507481.33974548266	3881236.090822096	120
507481.2577201807	3881236.057485297	120
507481.2577201807	3881236.057485297	120
507481.1848209676	3881236.013066247	120
507481.1848209676	3881236.013066247	120
507481.09368782537	3881235.968632191	120
507481.09368782537	3881235.968632191	120
507480.9934377205	3881235.924190634	120
507480.9934377205	3881235.924190634	120
507480.8749719316	3881235.857554557	120
507480.8749719316	3881235.857554557	120
507480.74738917896	3881235.79091098	120
507480.74738917896	3881235.79091098	120
507480.60157249565	3881235.7242524014	120
507480.60157249565	3881235.7242524014	120
507480.4557649324	3881235.646504067	120
507480.4557649324	3881235.646504067	120
507480.3008495288	3881235.5576584735	120
507480.3008495288	3881235.5576584735	120
507480.13681715744	3881235.468805384	120
507480.13681715744	3881235.468805384	120
507479.9727847807	3881235.379952296	120
507479.9727847807	3881235.379952296	120
507479.8178693678	3881235.291106712	120
507479.8178693678	3881235.291106712	120
507479.6538369846	3881235.2022536313	120
507479.6538369846	3881235.2022536313	120
507479.49892156327	3881235.113408052	120
507479.3531231063	3881235.024569977	120
507479.3531231063	3881235.024569977	120
507479.3531231063	3881235.024569977	120
507479.198198556	3881234.9468141617	120
507479.198198556	3881234.9468141617	120
507479.0615170587	3881234.857983591	120
507479.0615170587	3881234.857983591	120
507478.9248264361	3881234.78024278	120
507478.9248264361	3881234.78024278	120
507478.797243654	3881234.713599231	120
507478.797243654	3881234.713599231	120
507478.66966087016	3881234.646955683	120
507478.66966087016	3881234.646955683	120
507478.5511950499	3881234.580319637	120
507478.5511950499	3881234.580319637	120
507478.43272010586	3881234.524773352	120
507478.43272010586	3881234.524773352	120
507478.3233712456	3881234.458144808	120
507478.3233712456	3881234.458144808	120
507478.204896301	3881234.402598524	120
507478.204896301	3881234.402598524	120
507478.0955474376	3881234.335969983	120
507478.0955474376	3881234.335969983	120
507477.9861894558	3881234.280431202	120
507477.9861894558	3881234.280431202	120
507477.8677236258	3881234.213795165	120
507477.8677236258	3881234.213795165	120
507477.7492577917	3881234.14715913	120
507477.7492577917	3881234.14715913	120
507477.6216658712	3881234.091605354	120
507477.6216658712	3881234.091605354	120
507477.49408307	3881234.024961823	120
507477.49408307	3881234.024961823	120
507477.3573924191	3881233.9472210375	120
507477.3573924191	3881233.9472210375	120
507477.2115756838	3881233.880562514	120
507477.2115756838	3881233.880562514	120
507476.91996043787	3881233.725065957	120
507476.91996043787	3881233.725065957	120
507476.74680191407	3881233.647295188	120
507476.74680191407	3881233.647295188	120
507476.58276947134	3881233.558442162	120
507476.58276947134	3881233.558442162	120
507476.4096200611	3881233.469581642	120
507476.4096200611	3881233.469581642	120
507476.2364615281	3881233.391810884	120
507476.2364615281	3881233.391810884	120
507476.063312109	3881233.3029503687	120
507476.063312109	3881233.3029503687	120
507475.8810457196	3881233.2140823617	120
507475.8810457196	3881233.2140823617	120
507475.70788717497	3881233.1363116135	120
507475.70788717497	3881233.1363116135	120
507475.5256207788	3881233.047443614	120
507475.5256207788	3881233.047443614	120
507475.3524622302	3881232.9696728727	120
507475.3524622302	3881232.9696728727	120
507475.1793036764	3881232.8919021343	120
507475.1793036764	3881232.8919021343	120
507475.01526209153	3881232.814138895	120
507475.01526209153	3881232.814138895	120
507474.8603374666	3881232.736383154	120
507474.8603374666	3881232.736383154	120
507474.7054037216	3881232.669717177	120
507474.7054037216	3881232.669717177	120
507474.55959606136	3881232.591968938	120
507474.55959606136	3881232.591968938	120
507474.4320132144	3881232.5253254487	120
507474.4320132144	3881232.5253254487	120
507474.2953134002	3881232.458674468	120
507474.2953134002	3881232.458674468	120
507474.1768475195	3881232.392038479	120
507474.1768475195	3881232.392038479	120
507474.0674986048	3881232.325409986	120
507474.0674986048	3881232.325409986	120
507473.9581496885	3881232.2587814927	120
507473.9581496885	3881232.2587814927	120
507473.84880077065	3881232.192153005	120
507473.84880077065	3881232.192153005	120
507473.7485597051	3881232.1366217686	120
507473.7485597051	3881232.1366217686	120
507473.65744471794	3881232.070008271	120
507473.65744471794	3881232.070008271	120
507473.5663206157	3881232.0144845326	120
507473.5663206157	3881232.0144845326	120
507473.4751873964	3881231.970050553	120
507473.4751873964	3881231.970050553	120
507473.4022881172	3881231.925631563	120
507473.4022881172	3881231.925631563	120
507473.3293888326	3881231.881212575	120
507473.3293888326	3881231.881212575	120
507473.256489545	3881231.836793586	120
507473.256489545	3881231.836793586	120
507473.192698114	3881231.803471852	120
507473.192698114	3881231.803471852	120
507473.1289066802	3881231.7701501176	120
507473.1289066802	3881231.7701501176	120
507473.0833400695	3881231.74793313	120
507473.0833400695	3881231.74793313	120
507473.0468904247	3881231.725723636	120
507473.0468904247	3881231.725723636	120
507473.0286656057	3881231.714618891	120
507473.0286656057	3881231.714618891	120
507473.01044078433	3881231.703514144	120
507473.01044078433	3881231.703514144	120
507473.01044078433	3881231.703514144	120
507473.01044078433	3881231.703514144	120
507473.0195577527	3881231.7035216377	120
507473.0195577527	3881231.7035216377	120
507473.0286656057	3881231.714618891	120
507473.0286656057	3881231.714618891	120
507473.0377825717	3881231.714626385	120
507473.0377825717	3881231.714626385	120
507473.0468904247	3881231.725723636	120
507473.0468904247	3881231.725723636	120
507473.0651152483	3881231.736828383	120
507473.0742322167	3881231.736835877	120
507473.0651152483	3881231.736828383	120
507473.0742322167	3881231.736835877	120
507473.083349185	3881231.736843371	120
507473.083349185	3881231.736843371	120
507473.0833400695	3881231.74793313	120
507473.0833400695	3881231.74793313	120
507473.0924570379	3881231.747940624	120
507473.0924570379	3881231.747940624	120
507473.101564893	3881231.759037877	120
507473.101564893	3881231.759037877	120
507473.101564893	3881231.759037877	120
507473.101564893	3881231.759037877	120
507473.101564893	3881231.759037877	120
507473.101564893	3881231.759037877	120
507473.101564893	3881231.759037877	120
507473.101564893	3881231.759037877	120
507473.101564893	3881231.759037877	120
507473.101564893	3881231.759037877	120
507473.101564893	3881231.759037877	120
