508050.82953882235	3881301.25005205	120
166021.4431793313	0.0	120
508050.8933472848	3881301.261198331	120
508050.8933472848	3881301.261198331	120
508050.9389121297	3881301.283418227	120
508050.8933472848	3881301.261198331	120
508050.9389121297	3881301.283418227	120
508050.99358405016	3881301.316735956	120
508050.99358405016	3881301.316735956	120
508051.0391488969	3881301.3389558503	120
508051.0391488969	3881301.3389558503	120
508051.07559684344	3881301.3611676707	120
508051.07559684344	3881301.3611676707	120
508051.11203496996	3881301.394469251	120
508051.11203496996	3881301.394469251	120
508051.14849273826	3881301.4055913114	120
508051.14849273826	3881301.4055913114	120
508051.2031646572	3881301.438909042	120
508051.2031646572	3881301.438909042	120
508051.26696330024	3881301.4611450876	120
508051.26696330024	3881301.4611450876	120
508051.3398690134	3881301.4944789694	120
508051.3398690134	3881301.4944789694	120
508051.4127747284	3881301.5278128507	120
508051.4127747284	3881301.5278128507	120
508051.5039044128	3881301.5722526466	120
508051.5039044128	3881301.5722526466	120
508048.9527147356	3881299.8288995405	120
508048.9527147356	3881299.8288995405	120
508049.03472755227	3881299.873331237	120
508049.03472755227	3881299.873331237	120
508049.1258474475	3881299.9288607663	120
508049.1258474475	3881299.9288607663	120
508049.22608424065	3881299.9843983706	120
508049.22608424065	3881299.9843983706	120
508049.3263210302	3881300.039935976	120
508049.42655782093	3881300.0954735833	120
508049.3263210302	3881300.039935976	120
508049.42655782093	3881300.0954735833	120
508049.53591150924	3881300.1510192626	120
508049.53591150924	3881300.1510192626	120
508049.65438209736	3881300.2065730183	120
508049.65438209736	3881300.2065730183	120
508049.7728526794	3881300.262126776	120
508049.88219654537	3881300.3287622207	120
508049.88219654537	3881300.3287622207	120
508049.88219654537	3881300.3287622207	120
508049.99155022576	3881300.384307907	120
508049.99155022576	3881300.384307907	120
508050.10090390954	3881300.439853593	120
508050.10090390954	3881300.439853593	120
508050.2011406888	3881300.4953912096	120
508050.2011406888	3881300.4953912096	120
508050.3104845488	3881300.56202666	120
508050.3104845488	3881300.56202666	120
508050.40158478456	3881300.6397357234	120
508050.40158478456	3881300.6397357234	120
508050.50182156207	3881300.6952733435	120
508050.6020583384	3881300.7508109612	120
508050.6020583384	3881300.7508109612	120
508050.7114120117	3881300.8063566578	120
508050.7114120117	3881300.8063566578	120
508050.7114120117	3881300.8063566578	120
508050.82076568366	3881300.861902352	120
508050.9301193543	3881300.91744805	120
508050.9301193543	3881300.91744805	120
508050.9301193543	3881300.91744805	120
508051.0212392275	3881300.9729776	120
508051.0212392275	3881300.9729776	120
508051.12147599756	3881301.0285152253	120
508051.2308198421	3881301.095150687	120
508051.12147599756	3881301.0285152253	120
508051.2308198421	3881301.095150687	120
508051.3310467872	3881301.161778075	120
508051.3310467872	3881301.161778075	120
508051.42215683305	3881301.2283973885	120
508051.5223935979	3881301.2839350193	120
508051.5223935979	3881301.2839350193	120
508051.5223935979	3881301.2839350193	120
508051.62262053875	3881301.350562409	120
508051.7411009191	3881301.3950264314	120
508051.7411009191	3881301.3950264314	120
508051.8595616522	3881301.4616699764	120
508051.8595616522	3881301.4616699764	120
508051.8595616522	3881301.4616699764	120
508051.9689153093	3881301.517215687	120
508051.9689153093	3881301.517215687	120
508052.08737603686	3881301.583859235	120
508052.08737603686	3881301.583859235	120
508052.1967296934	3881301.6394049474	120
508052.1967296934	3881301.6394049474	120
508052.3243171409	3881301.694966814	120
508052.3243171409	3881301.694966814	120
508052.4427778682	3881301.761610366	120
508052.54299497086	3881301.8393275286	120
508052.4427778682	3881301.761610366	120
508052.54299497086	3881301.8393275286	120
508052.65233879525	3881301.9059630074	120
508052.65233879525	3881301.9059630074	120
508052.77079951507	3881301.972606565	120
508052.77079951507	3881301.972606565	120
508052.8892602355	3881302.039250122	120
508052.8892602355	3881302.039250122	120
508053.01683784876	3881302.1059017596	120
508053.01683784876	3881302.1059017596	120
508053.1352887387	3881302.183635081	120
508053.1352887387	3881302.183635081	120
508053.25374944904	3881302.2502786447	120
508053.25374944904	3881302.2502786447	120
508053.38131723413	3881302.3280200465	120
508053.50889483973	3881302.39467169	120
508053.38131723413	3881302.3280200465	120
508053.63646261825	3881302.4724130956	120
508053.63646261825	3881302.4724130956	120
508053.63646261825	3881302.4724130956	120
508053.7549036751	3881302.5612361864	120
508053.7549036751	3881302.5612361864	120
508053.873364376	3881302.627879758	120
508054.0009321482	3881302.7056211694	120
508053.873364376	3881302.627879758	120
508054.0009321482	3881302.7056211694	120
508054.1376266402	3881302.7722808993	120
508054.27432113484	3881302.8389406316	120
508054.27432113484	3881302.8389406316	120
508054.27432113484	3881302.8389406316	120
508054.4018889006	3881302.9166820464	120
508054.4018889006	3881302.9166820464	120
508054.52034959215	3881302.9833256276	120
508054.52034959215	3881302.9833256276	120
508054.65703424974	3881303.0610751263	120
508054.65703424974	3881303.0610751263	120
508054.7937189096	3881303.138824627	120
508054.7937189096	3881303.138824627	120
508054.91216976865	3881303.216557972	120
508054.91216976865	3881303.216557972	120
508055.0397375237	3881303.2942993976	120
508055.16730527655	3881303.3720408254	120
508055.16730527655	3881303.3720408254	120
508055.16730527655	3881303.3720408254	120
508055.30399975	3881303.438700573	120
508055.30399975	3881303.438700573	120
508055.4406942238	3881303.5053603225	120
508055.4406942238	3881303.5053603225	120
508055.5773788657	3881303.5831098347	120
508055.5773788657	3881303.5831098347	120
508055.70494660985	3881303.660851271	120
508055.70494660985	3881303.660851271	120
508055.83251435193	3881303.7385927076	120
508055.83251435193	3881303.7385927076	120
508055.96919898695	3881303.8163422258	120
508056.09676672687	3881303.8940836666	120
508056.09676672687	3881303.8940836666	120
508056.22432463395	3881303.9829148687	120
508056.22432463395	3881303.9829148687	120
508056.22432463395	3881303.9829148687	120
508056.34278530057	3881304.0495584733	120
508056.34278530057	3881304.0495584733	120
508056.47946992656	3881304.1273080003	120
508056.47946992656	3881304.1273080003	120
508056.6161643814	3881304.193967766	120
508056.7528588319	3881304.2606275366	120
508056.7528588319	3881304.2606275366	120
508056.7528588319	3881304.2606275366	120
508056.88042655657	3881304.338368989	120
508056.88042655657	3881304.338368989	120
508057.0080041084	3881304.405020683	120
508057.1446887234	3881304.4827702185	120
508057.1446887234	3881304.4827702185	120
508057.1446887234	3881304.4827702185	120
508057.2813733407	3881304.5605197567	120
508057.2813733407	3881304.5605197567	120
508057.4089410543	3881304.6382612144	120
508057.4089410543	3881304.6382612144	120
508057.52740170376	3881304.704904834	120
508057.6549792457	3881304.771556536	120
508057.6549792457	3881304.771556536	120
508057.6549792457	3881304.771556536	120
508057.8007807438	3881304.8493141634	120
508057.8007807438	3881304.8493141634	120
508057.9374751805	3881304.915973951	120
508057.9374751805	3881304.915973951	120
508058.06504288584	3881304.993715419	120
508058.06504288584	3881304.993715419	120
508058.19262041745	3881305.0603671293	120
508058.32018811867	3881305.1381086013	120
508058.19262041745	3881305.0603671293	120
508058.32018811867	3881305.1381086013	120
508058.44775581994	3881305.2158500752	120
508058.5844404105	3881305.2935996335	120
508058.5844404105	3881305.2935996335	120
508058.5844404105	3881305.2935996335	120
508058.70288138	3881305.382422789	120
508058.8304490723	3881305.4601642685	120
508058.8304490723	3881305.4601642685	120
508058.8304490723	3881305.4601642685	120
508058.9580167647	3881305.5379057503	120
508058.9580167647	3881305.5379057503	120
508059.0947111779	3881305.6045655543	120
508059.0947111779	3881305.6045655543	120
508059.23139575706	3881305.6823151233	120
508059.23139575706	3881305.6823151233	120
508059.35896344064	3881305.7600566098	120
508059.35896344064	3881305.7600566098	120
508059.48655078677	3881305.815618577	120
508059.6141184686	3881305.893360067	120
508059.6141184686	3881305.893360067	120
508059.6141184686	3881305.893360067	120
508059.75080303894	3881305.9711096426	120
508059.75080303894	3881305.9711096426	120
508059.8783707141	3881306.0488511366	120
508059.8783707141	3881306.0488511366	120
508059.9968214941	3881306.1265845494	120
508059.9968214941	3881306.1265845494	120
508060.1152722744	3881306.204317963	120
508060.1152722744	3881306.204317963	120
508060.2519666691	3881306.2709777844	120
508060.2519666691	3881306.2709777844	120
508060.3886610618	3881306.3376376103	120
508060.3886610618	3881306.3376376103	120
508060.51622872637	3881306.415379112	120
508060.64379639097	3881306.4931206177	120
508060.64379639097	3881306.4931206177	120
508060.64379639097	3881306.4931206177	120
508060.77137388504	3881306.559772364	120
508060.90805843554	3881306.6375219575	120
508060.90805843554	3881306.6375219575	120
508060.90805843554	3881306.6375219575	120
508061.03561625717	3881306.7263532286	120
508061.03561625717	3881306.7263532286	120
508061.16318391304	3881306.8040947397	120
508061.16318391304	3881306.8040947397	120
508061.29075156205	3881306.8818362555	120
508061.29075156205	3881306.8818362555	120
508061.41833888064	3881306.9373982484	120
508061.5550332571	3881307.004058091	120
508061.41833888064	3881306.9373982484	120
508061.5550332571	3881307.004058091	120
508061.6917177942	3881307.081807697	120
508061.6917177942	3881307.081807697	120
508061.8101783805	3881307.1484513716	120
508061.92863896507	3881307.215095049	120
508061.92863896507	3881307.215095049	120
508062.0562164396	3881307.281746813	120
508061.92863896507	3881307.215095049	120
508062.0562164396	3881307.281746813	120
508062.18377424334	3881307.370578101	120
508062.18377424334	3881307.370578101	120
508062.3022151507	3881307.459401304	120
508062.3022151507	3881307.459401304	120
508062.42066588934	3881307.537134747	120
508062.42066588934	3881307.537134747	120
508062.5299997392	3881307.614860107	120
508062.5299997392	3881307.614860107	120
508062.65755753126	3881307.7036914	120
508062.65755753126	3881307.7036914	120
508062.7851251573	3881307.7814329364	120
508062.7851251573	3881307.7814329364	120
508062.92180967453	3881307.8591825604	120
508063.04937729606	3881307.936924098	120
508063.04937729606	3881307.936924098	120
508063.04937729606	3881307.936924098	120
508063.18607164326	3881308.0035839654	120
508063.31363926054	3881308.0813255077	120
508063.31363926054	3881308.0813255077	120
508063.31363926054	3881308.0813255077	120
508063.45032376645	3881308.15907514	120
508063.56877449085	3881308.2368086	120
508063.45032376645	3881308.15907514	120
508063.56877449085	3881308.2368086	120
508063.69634210155	3881308.314550147	120
508063.8239195477	3881308.381201936	120
508063.69634210155	3881308.314550147	120
508063.8239195477	3881308.381201936	120
508063.9514871519	3881308.458943488	120
508063.9514871519	3881308.458943488	120
508064.0881814893	3881308.5256033693	120
508064.23399271053	3881308.5922713387	120
508064.23399271053	3881308.5922713387	120
508064.23399271053	3881308.5922713387	120
508064.36157014885	3881308.6589231356	120
508064.36157014885	3881308.6589231356	120
508064.49826447567	3881308.7255830225	120
508064.49826447567	3881308.7255830225	120
508064.6349391231	3881308.814422433	120
508064.6349391231	3881308.814422433	120
508064.77161376795	3881308.903261845	120
508064.77161376795	3881308.903261845	120
508064.8991813591	3881308.981003411	120
508064.8991813591	3881308.981003411	120
508065.0267391112	3881309.0698347385	120
508065.0267391112	3881309.0698347385	120
508065.1542968585	3881309.158666068	120
508065.2909714931	3881309.2475054874	120
508065.2909714931	3881309.2475054874	120
508065.4276461251	3881309.3363449103	120
508065.4276461251	3881309.3363449103	120
508065.4276461251	3881309.3363449103	120
508065.555203867	3881309.425176245	120
508065.555203867	3881309.425176245	120
508065.67364471476	3881309.5139994924	120
508065.67364471476	3881309.5139994924	120
508065.8011926095	3881309.6139205922	120
508065.8011926095	3881309.6139205922	120
508065.92873066117	3881309.7249314548	120
508065.92873066117	3881309.7249314548	120
508066.0471616609	3881309.824844468	120
508066.0471616609	3881309.824844468	120
508066.1656123391	3881309.90257796	120
508066.1656123391	3881309.90257796	120
508066.28405317693	3881309.9914012155	120
508066.28405317693	3881309.9914012155	120
508066.4116108991	3881310.080232564	120
508066.4116108991	3881310.080232564	120
508066.53915877774	3881310.1801536735	120
508066.53915877774	3881310.1801536735	120
508066.67584322457	3881310.2579033542	120
508066.67584322457	3881310.2579033542	120
508066.8034107827	3881310.335644947	120
508066.8034107827	3881310.335644947	120
508066.93096849497	3881310.4244763013	120
508066.93096849497	3881310.4244763013	120
508067.0676529348	3881310.5022259867	120
508067.0676529348	3881310.5022259867	120
508067.2043275305	3881310.591065436	120
508067.2043275305	3881310.591065436	120
508067.33189507714	3881310.6688070362	120
508067.33189507714	3881310.6688070362	120
508067.459462624	3881310.7465486373	120
508067.459462624	3881310.7465486373	120
508067.5870400085	3881310.81320048	120
508067.5870400085	3881310.81320048	120
508067.7237342793	3881310.8798604156	120
508067.7237342793	3881310.8798604156	120
508067.8604187055	3881310.9576101145	120
508067.8604187055	3881310.9576101145	120
508067.99711297214	3881311.0242700535	120
508067.99711297214	3881311.0242700535	120
508068.1246903488	3881311.090921904	120
508068.252267726	3881311.157573756	120
508068.1246903488	3881311.090921904	120
508068.3889423003	3881311.2464132216	120
508068.3889423003	3881311.2464132216	120
508068.51650982763	3881311.324154838	120
508068.51650982763	3881311.324154838	120
508068.51650982763	3881311.324154838	120
508068.6440871964	3881311.390806695	120
508068.6440871964	3881311.390806695	120
508068.7716547218	3881311.468548315	120
508068.7716547218	3881311.468548315	120
508068.8992222428	3881311.546289937	120
508069.02678976156	3881311.6240315605	120
508068.8992222428	3881311.546289937	120
508069.02678976156	3881311.6240315605	120
508069.1634840097	3881311.690691517	120
508069.1634840097	3881311.690691517	120
508069.2910515265	3881311.7684331466	120
508069.2910515265	3881311.7684331466	120
508069.4186190388	3881311.846174775	120
508069.4186190388	3881311.846174775	120
508069.54617670435	3881311.935006165	120
508069.68285125436	3881312.0238456526	120
508069.68285125436	3881312.0238456526	120
508069.68285125436	3881312.0238456526	120
508069.81041875976	3881312.1015872876	120
508069.92886937613	3881312.179320829	120
508069.92886937613	3881312.179320829	120
508069.92886937613	3881312.179320829	120
508070.0655537663	3881312.257070562	120
508070.0655537663	3881312.257070562	120
508070.19312126515	3881312.334812201	120
508070.19312126515	3881312.334812201	120
508070.33892253507	3881312.4125700314	120
508070.47561676166	3881312.479230009	120
508070.47561676166	3881312.479230009	120
508070.6123109863	3881312.545889987	120
508070.6123109863	3881312.545889987	120
508070.7398686327	3881312.6347213974	120
508070.7398686327	3881312.6347213974	120
508070.7398686327	3881312.6347213974	120
508070.8765431605	3881312.7235609014	120
508071.0041106459	3881312.8013025518	120
508071.0041106459	3881312.8013025518	120
508071.13166828256	3881312.8901339667	120
508071.13166828256	3881312.8901339667	120
508071.2592357658	3881312.9678756213	120
508071.2592357658	3881312.9678756213	120
508071.2592357658	3881312.9678756213	120
508071.3959299773	3881313.0345356134	120
508071.3959299773	3881313.0345356134	120
508071.54173122573	3881313.112293462	120
508071.54173122573	3881313.112293462	120
508071.68753247394	3881313.1900513135	120
508071.68753247394	3881313.1900513135	120
508071.8150900985	3881313.2788827373	120
508071.8150900985	3881313.2788827373	120
508071.9517744537	3881313.356632497	120
508071.9517744537	3881313.356632497	120
508072.09757569217	3881313.4343903568	120
508072.09757569217	3881313.4343903568	120
508072.24336708256	3881313.523237977	120
508072.3800415824	3881313.612077504	120
508072.3800415824	3881313.612077504	120
508072.3800415824	3881313.612077504	120
508072.5258526614	3881313.6787456092	120
508072.5258526614	3881313.6787456092	120
508072.66253700457	3881313.7564953794	120
508072.8083382306	3881313.8342532497	120
508072.8083382306	3881313.8342532497	120
508072.94503242243	3881313.900913264	120
508072.94503242243	3881313.900913264	120
508073.08171675866	3881313.9786630427	120
508073.08171675866	3881313.9786630427	120
508073.20928420767	3881314.0564047247	120
508073.20928420767	3881314.0564047247	120
508073.3459685393	3881314.1341545056	120
508073.3459685393	3881314.1341545056	120
508073.3459685393	3881314.1341545056	120
508073.4917500545	3881314.2340919077	120
508073.4917500545	3881314.2340919077	120
508073.61930764676	3881314.3229233585	120
508073.61930764676	3881314.3229233585	120
508073.7559919733	3881314.4006731454	120
508073.7559919733	3881314.4006731454	120
508073.8835495606	3881314.489504599	120
508073.8835495606	3881314.489504599	120
508074.02935076447	3881314.5672624875	120
508074.17514211783	3881314.6561101396	120
508074.17514211783	3881314.6561101396	120
508074.17514211783	3881314.6561101396	120
508074.3209433165	3881314.733868035	120
508074.3209433165	3881314.733868035	120
508074.45761777787	3881314.8227075934	120
508074.45761777787	3881314.8227075934	120
508074.6034189738	3881314.9004654917	120
508074.6034189738	3881314.9004654917	120
508074.74009342986	3881314.989305056	120
508074.8858847672	3881315.0781527204	120
508074.8858847672	3881315.0781527204	120
508074.8858847672	3881315.0781527204	120
508075.02255921793	3881315.1669922867	120
508075.02255921793	3881315.1669922867	120
508075.1683604035	3881315.244750195	120
508075.3232686162	3881315.3336059665	120
508075.3232686162	3881315.3336059665	120
508075.4690697942	3881315.411363878	120
508075.4690697942	3881315.411363878	120
508075.60574423656	3881315.5002034544	120
508075.60574423656	3881315.5002034544	120
508075.7424186739	3881315.5890430333	120
508075.7424186739	3881315.5890430333	120
508075.8791029632	3881315.6667928533	120
508075.8791029632	3881315.6667928533	120
508076.0157773953	3881315.7556324364	120
508076.0157773953	3881315.7556324364	120
508076.15245182475	3881315.8444720213	120
508076.15245182475	3881315.8444720213	120
508076.2800093685	3881315.933303507	120
508076.2800093685	3881315.933303507	120
508076.2800093685	3881315.933303507	120
508076.4258006757	3881316.0221511964	120
508076.4258006757	3881316.0221511964	120
508076.5715919824	3881316.1109988885	120
508076.5715919824	3881316.1109988885	120
508076.72649031325	3881316.210944443	120
508076.72649031325	3881316.210944443	120
508076.86315487535	3881316.310873799	120
508076.9998194368	3881316.4108031583	120
508076.9998194368	3881316.4108031583	120
508076.9998194368	3881316.4108031583	120
508077.14559102146	3881316.5218303804	120
508077.14559102146	3881316.5218303804	120
508077.3004893391	3881316.6217759456	120
508077.3004893391	3881316.6217759456	120
508077.43714403675	3881316.7327950727	120
508077.58293531986	3881316.8216427797	120
508077.58293531986	3881316.8216427797	120
508077.72871674545	3881316.921580251	120
508077.58293531986	3881316.8216427797	120
508077.72871674545	3881316.921580251	120
508077.883624907	3881317.010436065	120
508077.883624907	3881317.010436065	120
508078.02941618126	3881317.099283779	120
508078.17519759986	3881317.1992212576	120
508078.17519759986	3881317.1992212576	120
508078.17519759986	3881317.1992212576	120
508078.32098886825	3881317.288068978	120
508078.46678013384	3881317.3769166996	120
508078.46678013384	3881317.3769166996	120
508078.46678013384	3881317.3769166996	120
508078.6125615431	3881317.4768541846	120
508078.6125615431	3881317.4768541846	120
508078.74923592136	3881317.5656938097	120
508078.74923592136	3881317.5656938097	120
508078.89502717834	3881317.6545415386	120
508078.89502717834	3881317.6545415386	120
508079.04082828865	3881317.7322995076	120
508079.1866293988	3881317.8100574813	120
508079.1866293988	3881317.8100574813	120
508079.1866293988	3881317.8100574813	120
508079.32331362535	3881317.8878073534	120
508079.32331362535	3881317.8878073534	120
508079.4599879905	3881317.9766469877	120
508079.6057890908	3881318.054404968	120
508079.6057890908	3881318.054404968	120
508079.6057890908	3881318.054404968	120
508079.76070707187	3881318.1321710516	120
508079.76070707187	3881318.1321710516	120
508079.90649830987	3881318.221018798	120
508079.90649830987	3881318.221018798	120
508080.0431726643	3881318.309858442	120
508080.0431726643	3881318.309858442	120
508080.1798568737	3881318.3876083274	120
508080.31654108304	3881318.465358215	120
508080.31654108304	3881318.465358215	120
508080.31654108304	3881318.465358215	120
508080.47145904874	3881318.543124311	120
508080.47145904874	3881318.543124311	120
508080.608143251	3881318.620874201	120
508080.608143251	3881318.620874201	120
508080.7448274509	3881318.6986240963	120
508080.7448274509	3881318.6986240963	120
508080.8906383895	3881318.7652923353	120
508080.8906383895	3881318.7652923353	120
508081.02731272613	3881318.8541319934	120
508081.173113799	3881318.9318899997	120
508081.02731272613	3881318.8541319934	120
508081.173113799	3881318.9318899997	120
508081.30068111175	3881319.009631795	120
508081.30068111175	3881319.009631795	120
508081.4373652999	3881319.0873817	120
508081.4373652999	3881319.0873817	120
508081.5831663679	3881319.16513971	120
508081.5831663679	3881319.16513971	120
508081.73808431084	3881319.2429058305	120
508081.73808431084	3881319.2429058305	120
508081.88387551403	3881319.331753608	120
508082.0205498325	3881319.420593281	120
508081.88387551403	3881319.331753608	120
508082.0205498325	3881319.420593281	120
508082.16634102777	3881319.509441063	120
508082.16634102777	3881319.509441063	120
508082.3030153408	3881319.598280742	120
508082.3030153408	3881319.598280742	120
508082.4305727719	3881319.6871123146	120
508082.5672569402	3881319.764862236	120
508082.4305727719	3881319.6871123146	120
508082.5672569402	3881319.764862236	120
508082.70394110616	3881319.8426121594	120
508082.70394110616	3881319.8426121594	120
508082.8406252698	3881319.920362084	120
508082.8406252698	3881319.920362084	120
508082.9864263148	3881319.9981201175	120
508082.9864263148	3881319.9981201175	120
508083.1231104737	3881320.0758700483	120
508083.2597946303	3881320.15361998	120
508083.2597946303	3881320.15361998	120
508083.2597946303	3881320.15361998	120
508083.4055956633	3881320.2313780193	120
508083.4055956633	3881320.2313780193	120
508083.5422699557	3881320.3202177165	120
508083.5422699557	3881320.3202177165	120
508083.678954105	3881320.3979676547	120
508083.815638252	3881320.4757175944	120
508083.815638252	3881320.4757175944	120
508083.815638252	3881320.4757175944	120
508083.9523223967	3881320.553467537	120
508084.10724029574	3881320.6312336964	120
508084.10724029574	3881320.6312336964	120
508084.10724029574	3881320.6312336964	120
508084.2439343005	3881320.6978938803	120
508084.2439343005	3881320.6978938803	120
508084.38061844045	3881320.7756438297	120
508084.51730257575	3881320.85339378	120
508084.51730257575	3881320.85339378	120
508084.51730257575	3881320.85339378	120
508084.6539867087	3881320.931143733	120
508084.79067083943	3881321.008893688	120
508084.79067083943	3881321.008893688	120
508084.79067083943	3881321.008893688	120
508084.92735496775	3881321.0866436446	120
508085.0549123523	3881321.1754752547	120
508085.0549123523	3881321.1754752547	120
508085.2007133559	3881321.253233326	120
508085.2007133559	3881321.253233326	120
508085.34651435475	3881321.3309913976	120
508085.34651435475	3881321.3309913976	120
508085.48318860936	3881321.4198311237	120
508085.34651435475	3881321.3309913976	120
508085.62898960314	3881321.497589201	120
508085.62898960314	3881321.497589201	120
508085.62898960314	3881321.497589201	120
508085.7656638571	3881321.586428931	120
508085.91145498113	3881321.6752767726	120
508085.91145498113	3881321.6752767726	120
508085.91145498113	3881321.6752767726	120
508086.06636297726	3881321.764132728	120
508086.06636297726	3881321.764132728	120
508086.21216396516	3881321.841890814	120
508086.21216396516	3881321.841890814	120
508086.3670818207	3881321.919657012	120
508086.3670818207	3881321.919657012	120
508086.5311264206	3881321.9863415626	120
508086.5311264206	3881321.9863415626	120
508086.68605414114	3881322.053018005	120
508086.68605414114	3881322.053018005	120
508086.84097199136	3881322.130784212	120
508086.99588984123	3881322.208550421	120
508086.99588984123	3881322.208550421	120
508086.99588984123	3881322.208550421	120
508087.14169080945	3881322.286308523	120
508087.14169080945	3881322.286308523	120
508087.2966086541	3881322.3640747373	120
508087.2966086541	3881322.3640747373	120
508087.44239975075	3881322.452922603	120
508087.44239975075	3881322.452922603	120
508087.5882105779	3881322.519590951	120
508087.5882105779	3881322.519590951	120
508087.7340115383	3881322.5973490616	120
508087.7340115383	3881322.5973490616	120
508087.8889293703	3881322.675115287	120
508087.8889293703	3881322.675115287	120
508088.04384720203	3881322.7528815134	120
508088.04384720203	3881322.7528815134	120
508088.1896382828	3881322.8417293928	120
508088.1896382828	3881322.8417293928	120
508088.33543923066	3881322.9194875136	120
508088.33543923066	3881322.9194875136	120
508088.48125004844	3881322.986155876	120
508088.62704112125	3881323.0750037604	120
508088.48125004844	3881322.986155876	120
508088.62704112125	3881323.0750037604	120
508088.75459844415	3881323.1638354245	120
508088.8912825062	3881323.2415854414	120
508088.75459844415	3881323.1638354245	120
508088.8912825062	3881323.2415854414	120
508089.03707357554	3881323.3304333333	120
508089.18288437696	3881323.3971017073	120
508089.03707357554	3881323.3304333333	120
508089.18288437696	3881323.3971017073	120
508089.337802183	3881323.474867956	120
508089.4744763688	3881323.563707743	120
508089.4744763688	3881323.563707743	120
508089.4744763688	3881323.563707743	120
508089.6111604187	3881323.64145777	120
508089.6111604187	3881323.64145777	120
508089.7569514723	3881323.7303056745	120
508089.7569514723	3881323.7303056745	120
508089.90274252306	3881323.8191535813	120
508089.90274252306	3881323.8191535813	120
508090.0394265655	3881323.8969036145	120
508090.0394265655	3881323.8969036145	120
508090.176110608	3881323.9746536515	120
508090.176110608	3881323.9746536515	120
508090.3219213907	3881324.0413220422	120
508090.4768490486	3881324.107998551	120
508090.4768490486	3881324.107998551	120
508090.4768490486	3881324.107998551	120
508090.63177670183	3881324.17467506	120
508090.63177670183	3881324.17467506	120
508090.7684607327	3881324.2524251067	120
508090.7684607327	3881324.2524251067	120
508090.91427150904	3881324.3190935072	120
508090.91427150904	3881324.3190935072	120
508091.0600822809	3881324.38576191	120
508091.0600822809	3881324.38576191	120
508091.2058733084	3881324.4746098383	120
508091.2058733084	3881324.4746098383	120
508091.33344045776	3881324.552351776	120
508091.47013434843	3881324.6190120704	120
508091.47013434843	3881324.6190120704	120
508091.47013434843	3881324.6190120704	120
508091.60681836546	3881324.6967621283	120
508091.60681836546	3881324.6967621283	120
508091.76174600277	3881324.763438658	120
508091.89842014323	3881324.852278482	120
508091.76174600277	3881324.763438658	120
508091.89842014323	3881324.852278482	120
508092.03510415315	3881324.930028546	120
508092.03510415315	3881324.930028546	120
508092.1808951647	3881325.01887649	120
508092.32669604366	3881325.0966346744	120
508092.1808951647	3881325.01887649	120
508092.32669604366	3881325.0966346744	120
508092.47248704743	3881325.1854826226	120
508092.47248704743	3881325.1854826226	120
508092.6091513018	3881325.285412218	120
508092.6091513018	3881325.285412218	120
508092.74582542846	3881325.3742520534	120
508092.74582542846	3881325.3742520534	120
508092.8824995501	3881325.463091892	120
508092.8824995501	3881325.463091892	120
508093.0283004159	3881325.540850089	120
508093.0283004159	3881325.540850089	120
508093.1832082814	3881325.629706164	120
508093.1832082814	3881325.629706164	120
508093.319882395	3881325.718546009	120
508093.47480012616	3881325.7963123294	120
508093.319882395	3881325.718546009	120
508093.47480012616	3881325.7963123294	120
508093.629717857	3881325.8740786547	120
508093.629717857	3881325.8740786547	120
508093.793742584	3881325.9629428573	120
508093.793742584	3881325.9629428573	120
508093.9486504325	3881326.051798947	120
508093.9486504325	3881326.051798947	120
508094.1126850279	3881326.1295733964	120
508094.1126850279	3881326.1295733964	120
508094.2767196181	3881326.207347848	120
508094.2767196181	3881326.207347848	120
508094.4498710806	3881326.2851304216	120
508094.4498710806	3881326.2851304216	120
508094.6139056651	3881326.3629048793	120
508094.76882337657	3881326.440671222	120
508094.76882337657	3881326.440671222	120
508094.9237410808	3881326.5184375676	120
508094.9237410808	3881326.5184375676	120
508094.9237410808	3881326.5184375676	120
508095.08776578354	3881326.607301795	120
508095.24266373477	3881326.7072476684	120
508095.24266373477	3881326.7072476684	120
508095.24266373477	3881326.7072476684	120
508095.3884645605	3881326.785005903	120
508095.3884645605	3881326.785005903	120
508095.54337238177	3881326.8738620183	120
508095.54337238177	3881326.8738620183	120
508095.7073970698	3881326.962726258	120
508095.7073970698	3881326.962726258	120
508095.87143163366	3881327.0405007396	120
508095.87143163366	3881327.0405007396	120
508096.0081155768	3881327.1182508636	120
508096.0081155768	3881327.1182508636	120
508096.1630332635	3881327.19601723	120
508096.2997073245	3881327.2848571194	120
508096.2997073245	3881327.2848571194	120
508096.2997073245	3881327.2848571194	120
508096.44549825444	3881327.373705132	120
508096.44549825444	3881327.373705132	120
508096.5912891838	3881327.462553147	120
508096.5912891838	3881327.462553147	120
508096.7279632366	3881327.5513930437	120
508096.7279632366	3881327.5513930437	120
508096.88287102943	3881327.640249183	120
508097.0377788216	3881327.7291053245	120
508097.0377788216	3881327.7291053245	120
508097.0377788216	3881327.7291053245	120
508097.1926964845	3881327.8068717094	120
508097.3476042708	3881327.895727857	120
508097.3476042708	3881327.895727857	120
508097.4934050595	3881327.9734861255	120
508097.4934050595	3881327.9734861255	120
508097.4934050595	3881327.9734861255	120
508097.64831284	3881328.062342279	120
508097.64831284	3881328.062342279	120
508097.81232760916	3881328.162296317	120
508097.81232760916	3881328.162296317	120
508097.9581185103	3881328.251144354	120
508097.9581185103	3881328.251144354	120
508098.113016402	3881328.3510902766	120
508098.113016402	3881328.3510902766	120
508098.27703115856	3881328.4510443234	120
508098.27703115856	3881328.4510443234	120
508098.44105579145	3881328.539908612	120
508098.44105579145	3881328.539908612	120
508098.60508042347	3881328.6287729037	120
508098.7599782993	3881328.7287188377	120
508098.7599782993	3881328.7287188377	120
508098.9239930443	3881328.8286728957	120
508098.7599782993	3881328.7287188377	120
508098.9239930443	3881328.8286728957	120
508099.0789007963	3881328.9175290735	120
508099.0789007963	3881328.9175290735	120
508099.242915532	3881329.017483138	120
508099.242915532	3881329.017483138	120
508099.3886965267	3881329.117420959	120
508099.3886965267	3881329.117420959	120
508099.53447751584	3881329.2173587824	120
508099.53447751584	3881329.2173587824	120
508099.69849224115	3881329.317312854	120
508099.69849224115	3881329.317312854	120
508099.86251684686	3881329.40617717	120
508100.0174146957	3881329.506123125	120
508099.86251684686	3881329.40617717	120
508100.17231254344	3881329.6060690824	120
508100.17231254344	3881329.6060690824	120
508100.3272202677	3881329.6949252803	120
508100.3272202677	3881329.6949252803	120
508100.3272202677	3881329.6949252803	120
508100.4821181088	3881329.794871244	120
508100.4821181088	3881329.794871244	120
508100.6278990751	3881329.894809085	120
508100.6278990751	3881329.894809085	120
508100.7736800405	3881329.9947469286	120
508100.7736800405	3881329.9947469286	120
508100.9194708833	3881330.0835950114	120
508100.9194708833	3881330.0835950114	120
508101.0743785898	3881330.172451224	120
508101.2292862979	3881330.261307439	120
508101.0743785898	3881330.172451224	120
508101.2292862979	3881330.261307439	120
508101.37506724853	3881330.3612452904	120
508101.37506724853	3881330.3612452904	120
508101.520858082	3881330.4500933858	120
508101.520858082	3881330.4500933858	120
508101.6666489102	3881330.538941484	120
508101.6666489102	3881330.538941484	120
508101.82154672226	3881330.6388874687	120
508101.82154672226	3881330.6388874687	120
508101.9673276603	3881330.738825332	120
508101.9673276603	3881330.738825332	120
508102.11310859513	3881330.838763196	120
508102.2588994137	3881330.9276113026	120
508102.2588994137	3881330.9276113026	120
508102.2588994137	3881330.9276113026	120
508102.40469022706	3881331.0164594115	120
508102.5687147758	3881331.1053237747	120
508102.40469022706	3881331.0164594115	120
508102.71451546845	3881331.1830821275	120
508102.71451546845	3881331.1830821275	120
508102.71451546845	3881331.1830821275	120
508102.8603062733	3881331.2719302443	120
508103.0060970776	3881331.3607783616	120
508102.8603062733	3881331.2719302443	120
508103.0060970776	3881331.3607783616	120
508103.16100474435	3881331.449634609	120
508103.16100474435	3881331.449634609	120
508103.2976786731	3881331.538474606	120
508103.2976786731	3881331.538474606	120
508103.44347935496	3881331.6162329693	120
508103.44347935496	3881331.6162329693	120
508103.58928003197	3881331.693991337	120
508103.58928003197	3881331.693991337	120
508103.74420746247	3881331.760668071	120
508103.74420746247	3881331.760668071	120
508103.90824186895	3881331.838442698	120
508103.90824186895	3881331.838442698	120
508104.0540425408	3881331.9162010713	120
508104.0540425408	3881331.9162010713	120
508104.2089600748	3881331.9939675764	120
508104.2089600748	3881331.9939675764	120
508104.35477062874	3881332.060636194	120
508104.51879513497	3881332.149500592	120
508104.51879513497	3881332.149500592	120
508104.51879513497	3881332.149500592	120
508104.6645957989	3881332.227258977	120
508104.81040634343	3881332.2939276015	120
508104.6645957989	3881332.227258977	120
508104.96531397663	3881332.38278388	120
508104.96531397663	3881332.38278388	120
508104.96531397663	3881332.38278388	120
508105.1293483615	3881332.4605585285	120
508105.3024996124	3881332.53834131	120
508105.3024996124	3881332.53834131	120
508105.3024996124	3881332.53834131	120
508105.4574171275	3881332.6161078364	120
508105.4574171275	3881332.6161078364	120
508105.62145150395	3881332.6938824947	120
508105.62145150395	3881332.6938824947	120
508105.7854858776	3881332.771657155	120
508105.7854858776	3881332.771657155	120
508105.9495202508	3881332.8494318184	120
508105.9495202508	3881332.8494318184	120
508106.10442786576	3881332.938288117	120
508106.10442786576	3881332.938288117	120
508106.25935525435	3881333.0049648946	120
508106.25935525435	3881333.0049648946	120
508106.4233896193	3881333.0827395674	120
508106.4233896193	3881333.0827395674	120
508106.5874239791	3881333.160514243	120
508106.5874239791	3881333.160514243	120
508106.7514583384	3881333.2382889222	120
508106.7514583384	3881333.2382889222	120
508106.9063758269	3881333.3160554715	120
508106.9063758269	3881333.3160554715	120
508107.0521764472	3881333.393813894	120
508107.0521764472	3881333.393813894	120
508107.20708404214	3881333.4826702117	120
508107.20708404214	3881333.4826702117	120
508107.36199163407	3881333.5715265307	120
508107.36199163407	3881333.5715265307	120
508107.49868527194	3881333.6381870685	120
508107.65360274725	3881333.715953632	120
508107.49868527194	3881333.6381870685	120
508107.65360274725	3881333.715953632	120
508107.799403357	3881333.7937120656	120
508107.799403357	3881333.7937120656	120
508107.96343769	3881333.8714867653	120
508107.96343769	3881333.8714867653	120
508108.1092382969	3881333.949245205	120
508108.2550290025	3881334.0380934086	120
508108.1092382969	3881333.949245205	120
508108.2550290025	3881334.0380934086	120
508108.40083949175	3881334.1047620918	120
508108.40083949175	3881334.1047620918	120
508108.55574706144	3881334.193618431	120
508108.55574706144	3881334.193618431	120
508108.71065462584	3881334.282474774	120
508108.71065462584	3881334.282474774	120
508108.85646511015	3881334.349143464	120
508108.85646511015	3881334.349143464	120
508109.0022656972	3881334.426901918	120
508109.0022656972	3881334.426901918	120
508109.1571831486	3881334.5046685077	120
508109.1571831486	3881334.5046685077	120
508109.32122735266	3881334.571353471	120
508109.32122735266	3881334.571353471	120
508109.4852616632	3881334.6491281986	120
508109.4852616632	3881334.6491281986	120
508109.63106224244	3881334.726886663	120
508109.7859895748	3881334.7935635024	120
508109.63106224244	3881334.726886663	120
508109.94090701325	3881334.871330105	120
508109.7859895748	3881334.7935635024	120
508109.94090701325	3881334.871330105	120
508110.08670758037	3881334.949088575	120
508110.22339128563	3881335.0268389145	120
508110.08670758037	3881334.949088575	120
508110.22339128563	3881335.0268389145	120
508110.3600848807	3881335.0934994947	120
508110.3600848807	3881335.0934994947	120
508110.50588544534	3881335.171257973	120
508110.50588544534	3881335.171257973	120
508110.66081276373	3881335.237934826	120
508110.66081276373	3881335.237934826	120
508110.7975063525	3881335.3045954136	120
508110.9250731804	3881335.3823376293	120
508110.7975063525	3881335.3045954136	120
