166030.9431793313	4.0	120
507415.8991135555	3881195.889360088	120
507415.8991135555	3881195.889360088	120
507415.8991135555	3881195.889360088	120
507415.8991135555	3881195.889360088	120
507415.8991135555	3881195.889360088	120
507415.8991135555	3881195.889360088	120
507415.8991045203	3881195.9004498473	120
507415.8991045203	3881195.9004498473	120
507415.8991045203	3881195.9004498473	120
507415.8991045203	3881195.9004498473	120
507415.90822152654	3881195.900457275	120
507415.90822152654	3881195.900457275	120
507415.9082124913	3881195.911547033	120
507415.91732046	3881195.92264422	120
507415.91732046	3881195.92264422	120
507415.94466244587	3881195.933756263	120
507415.94466244587	3881195.933756263	120
507415.94466244587	3881195.933756263	120
507415.9719953941	3881195.955958061	120
507416.0175623545	3881195.9781747176	120
507416.0175623545	3881195.9781747176	120
507416.0175623545	3881195.9781747176	120
507416.07223728776	3881196.0114885606	120
507416.1451462307	3881196.044817261	120
507416.1451462307	3881196.044817261	120
507416.1451462307	3881196.044817261	120
507416.2089381692	3881196.0781385326	120
507416.2089381692	3881196.0781385326	120
507416.27272107167	3881196.1225495646	120
507416.27272107167	3881196.1225495646	120
507416.3547289474	3881196.178065212	120
507416.3547289474	3881196.178065212	120
507416.4458628663	3881196.2224985287	120
507416.4458628663	3881196.2224985287	120
507416.5369967843	3881196.2669318463	120
507416.6281216653	3881196.322454924	120
507416.5369967843	3881196.2669318463	120
507416.72837258736	3881196.366895673	120
507416.72837258736	3881196.366895673	120
507416.72837258736	3881196.366895673	120
507416.83773147775	3881196.4224336096	120
507416.83773147775	3881196.4224336096	120
507417.0290982376	3881196.5334872	120
507417.0290982376	3881196.5334872	120
507417.18401504174	3881196.6223315615	120
507417.18401504174	3881196.6223315615	120
507417.32982387446	3881196.70007874	120
507417.32982387446	3881196.70007874	120
507417.4665157015	3881196.777818488	120
507417.4665157015	3881196.777818488	120
507417.60320752393	3881196.85555824	120
507417.60320752393	3881196.85555824	120
507417.7307913786	3881196.922200804	120
507417.7307913786	3881196.922200804	120
507417.858375229	3881196.988843373	120
507417.858375229	3881196.988843373	120
507417.9859590753	3881197.055485942	120
507417.9859590753	3881197.055485942	120
507418.113533884	3881197.133218272	120
507418.113533884	3881197.133218272	120
507418.2320007261	3881197.1998534137	120
507418.2320007261	3881197.1998534137	120
507418.3595845689	3881197.2664959887	120
507418.3595845689	3881197.2664959887	120
507418.4780514074	3881197.333131135	120
507418.4780514074	3881197.333131135	120
507418.60563524655	3881197.3997737113	120
507418.60563524655	3881197.3997737113	120
507418.7149850721	3881197.4664014303	120
507418.7149850721	3881197.4664014303	120
507418.83345190535	3881197.53303658	120
507418.9519187346	3881197.599671732	120
507418.83345190535	3881197.53303658	120
507418.9519187346	3881197.599671732	120
507419.07950256654	3881197.666314316	120
507419.2070863944	3881197.732956902	120
507419.2070863944	3881197.732956902	120
507419.2070863944	3881197.732956902	120
507419.3255532206	3881197.799592058	120
507419.4440200427	3881197.8662272175	120
507419.4440200427	3881197.8662272175	120
507419.4440200427	3881197.8662272175	120
507419.5533698588	3881197.932854946	120
507419.5533698588	3881197.932854946	120
507419.67183667753	3881197.9994901065	120
507419.67183667753	3881197.9994901065	120
507419.7811955327	3881198.055028079	120
507419.7811955327	3881198.055028079	120
507419.8996623459	3881198.121663244	120
507419.8996623459	3881198.121663244	120
507420.0090121579	3881198.188290977	120
507420.0090121579	3881198.188290977	120
507420.1274880104	3881198.2438363866	120
507420.1274880104	3881198.2438363866	120
507420.24595481856	3881198.310471554	120
507420.24595481856	3881198.310471554	120
507420.35531366646	3881198.366009535	120
507420.35531366646	3881198.366009535	120
507420.4737804737	3881198.432644706	120
507420.5831302755	3881198.499272448	120
507420.4737804737	3881198.432644706	120
507420.7015970793	3881198.5659076218	120
507420.5831302755	3881198.499272448	120
507420.7015970793	3881198.5659076218	120
507420.9294136782	3881198.699170543	120
507421.0387544296	3881198.776888048	120
507421.0387544296	3881198.776888048	120
507421.1572212288	3881198.843523229	120
507421.1572212288	3881198.843523229	120
507421.2665710206	3881198.910150977	120
507421.1572212288	3881198.843523229	120
507421.2665710206	3881198.910150977	120
507421.37592081085	3881198.976778727	120
507421.37592081085	3881198.976778727	120
507421.4852615574	3881199.054496238	120
507421.4852615574	3881199.054496238	120
507421.6037283474	3881199.121131424	120
507421.7130781326	3881199.187759178	120
507421.6037283474	3881199.121131424	120
507421.7130781326	3881199.187759178	120
507421.8224279162	3881199.254386936	120
507421.8224279162	3881199.254386936	120
507421.93176865566	3881199.33210445	120
507421.93176865566	3881199.33210445	120
507422.0502354411	3881199.398739641	120
507422.15958521736	3881199.4653674015	120
507422.15958521736	3881199.4653674015	120
507422.15958521736	3881199.4653674015	120
507422.2689349968	3881199.531995163	120
507422.2689349968	3881199.531995163	120
507422.3874017724	3881199.59863036	120
507422.3874017724	3881199.59863036	120
507422.49675154855	3881199.665258124	120
507422.49675154855	3881199.665258124	120
507422.7154510912	3881199.798513656	120
507422.7154510912	3881199.798513656	120
507422.8339178625	3881199.8651488577	120
507422.96150163433	3881199.931791498	120
507422.96150163433	3881199.931791498	120
507422.96150163433	3881199.931791498	120
507423.0799684021	3881199.998426703	120
507423.0799684021	3881199.998426703	120
507423.189318166	3881200.0650544753	120
507423.307784928	3881200.131689684	120
507423.189318166	3881200.0650544753	120
507423.307784928	3881200.131689684	120
507423.417134691	3881200.1983174593	120
507423.5356104965	3881200.253862913	120
507423.5356104965	3881200.253862913	120
507423.5356104965	3881200.253862913	120
507423.6540772559	3881200.320498127	120
507423.6540772559	3881200.320498127	120
507423.76342701167	3881200.3871259056	120
507423.88189377	3881200.453761123	120
507423.76342701167	3881200.3871259056	120
507424.0094775258	3881200.520403776	120
507424.0094775258	3881200.520403776	120
507424.0094775258	3881200.520403776	120
507424.12795332127	3881200.575949238	120
507424.12795332127	3881200.575949238	120
507424.2464200744	3881200.642584459	120
507424.2464200744	3881200.642584459	120
507424.3648958691	3881200.698129925	120
507424.3648958691	3881200.698129925	120
507424.6018293624	3881200.8314003744	120
507424.6018293624	3881200.8314003744	120
507424.7294131077	3881200.898043039	120
507424.7294131077	3881200.898043039	120
507424.8478798523	3881200.964678269	120
507424.8478798523	3881200.964678269	120
507424.9663465904	3881201.031313498	120
507424.9663465904	3881201.031313498	120
507425.0939303304	3881201.097956169	120
507425.0939303304	3881201.097956169	120
507425.212388023	3881201.17568116	120
507425.3308547581	3881201.242316395	120
507425.212388023	3881201.17568116	120
507425.4493214914	3881201.308951633	120
507425.4493214914	3881201.308951633	120
507425.4493214914	3881201.308951633	120
507425.5768961769	3881201.3866840666	120
507425.5768961769	3881201.3866840666	120
507425.6953629065	3881201.453319308	120
507425.6953629065	3881201.453319308	120
507425.8138205871	3881201.531044308	120
507425.9322873154	3881201.5976795503	120
507425.9322873154	3881201.5976795503	120
507425.9322873154	3881201.5976795503	120
507426.0598619927	3881201.675411992	120
507426.0598619927	3881201.675411992	120
507426.1874457132	3881201.742054678	120
507426.1874457132	3881201.742054678	120
507426.3059033881	3881201.8197796834	120
507426.3059033881	3881201.8197796834	120
507426.4243701068	3881201.8864149335	120
507426.4243701068	3881201.8864149335	120
507426.5428368238	3881201.953050185	120
507426.5428368238	3881201.953050185	120
507426.6704114931	3881202.0307826335	120
507426.6704114931	3881202.0307826335	120
507426.78887820407	3881202.097417889	120
507426.78887820407	3881202.097417889	120
507426.9164619157	3881202.164060584	120
507426.9164619157	3881202.164060584	120
507427.0349286277	3881202.2306958414	120
507427.0349286277	3881202.2306958414	120
507427.1625123357	3881202.297338541	120
507427.1625123357	3881202.297338541	120
507427.2900960417	3881202.363981242	120
507427.2900960417	3881202.363981242	120
507427.4085627438	3881202.430616504	120
507427.52702039934	3881202.508341527	120
507427.4085627438	3881202.430616504	120
507427.52702039934	3881202.508341527	120
507427.6454871002	3881202.574976793	120
507427.6454871002	3881202.574976793	120
507427.7639447518	3881202.652701819	120
507427.88241144666	3881202.719337088	120
507427.7639447518	3881202.652701819	120
507428.0008781421	3881202.785972357	120
507427.88241144666	3881202.719337088	120
507428.0008781421	3881202.785972357	120
507428.1193448381	3881202.85260763	120
507428.1193448381	3881202.85260763	120
507428.2378115278	3881202.919242903	120
507428.2378115278	3881202.919242903	120
507428.3562691699	3881202.996967937	120
507428.3562691699	3881202.996967937	120
507428.48385285743	3881203.0636106543	120
507428.48385285743	3881203.0636106543	120
507428.6023104932	3881203.141335691	120
507428.6023104932	3881203.141335691	120
507428.7207771802	3881203.207970971	120
507428.8392348098	3881203.285696012	120
507428.8392348098	3881203.285696012	120
507428.8392348098	3881203.285696012	120
507428.95769243967	3881203.363421053	120
507428.95769243967	3881203.363421053	120
507429.0761591212	3881203.430056337	120
507429.0761591212	3881203.430056337	120
507429.1946167448	3881203.507781381	120
507429.3130743711	3881203.585506426	120
507429.1946167448	3881203.507781381	120
507429.431531993	3881203.6632314753	120
507429.3130743711	3881203.585506426	120
507429.55910661136	3881203.7409639657	120
507429.431531993	3881203.6632314753	120
507429.677555177	3881203.829778775	120
507429.55910661136	3881203.7409639657	120
507429.677555177	3881203.829778775	120
507429.7960127927	3881203.907503828	120
507429.7960127927	3881203.907503828	120
507429.9144704063	3881203.98522888	120
507429.9144704063	3881203.98522888	120
507430.0329280202	3881204.062953937	120
507430.0329280202	3881204.062953937	120
507430.16050262784	3881204.140686436	120
507430.2789692858	3881204.207321736	120
507430.2789692858	3881204.207321736	120
507430.2789692858	3881204.207321736	120
507430.3974268936	3881204.285046797	120
507430.3974268936	3881204.285046797	120
507430.525001495	3881204.362779302	120
507430.525001495	3881204.362779302	120
507430.65258514753	3881204.42942205	120
507430.65258514753	3881204.42942205	120
507430.7710427493	3881204.507147114	120
507430.7710427493	3881204.507147114	120
507430.8986263957	3881204.5737898657	120
507430.8986263957	3881204.5737898657	120
507431.0170930449	3881204.640425176	120
507431.0170930449	3881204.640425176	120
507431.1446676384	3881204.7181576886	120
507431.2631342839	3881204.784793002	120
507431.2631342839	3881204.784793002	120
507431.2631342839	3881204.784793002	120
507431.390717925	3881204.851435761	120
507431.390717925	3881204.851435761	120
507431.51829251	3881204.9291682784	120
507431.51829251	3881204.9291682784	120
507431.6458670952	3881205.0069008	120
507431.6458670952	3881205.0069008	120
507431.7734507304	3881205.0735435626	120
507431.7734507304	3881205.0735435626	120
507431.90102530667	3881205.151276088	120
507431.90102530667	3881205.151276088	120
507432.028608938	3881205.217918854	120
507432.1561835147	3881205.295651382	120
507432.028608938	3881205.217918854	120
507432.1561835147	3881205.295651382	120
507432.292884139	3881205.362301597	120
507432.292884139	3881205.362301597	120
507432.4204587091	3881205.4400341297	120
507432.548033277	3881205.5177666615	120
507432.4204587091	3881205.4400341297	120
507432.6847338951	3881205.584416883	120
507432.6847338951	3881205.584416883	120
507432.8123084611	3881205.662149418	120
507432.8123084611	3881205.662149418	120
507432.8123084611	3881205.662149418	120
507432.9398920786	3881205.7287922	120
507432.9398920786	3881205.7287922	120
507433.06746663805	3881205.80652474	120
507433.06746663805	3881205.80652474	120
507433.195050254	3881205.873167522	120
507433.195050254	3881205.873167522	120
507433.32263386576	3881205.93981031	120
507433.32263386576	3881205.93981031	120
507433.4593254152	3881206.017550301	120
507433.4593254152	3881206.017550301	120
507433.586909023	3881206.0841930895	120
507433.586909023	3881206.0841930895	120
507433.7053665782	3881206.1619181945	120
507433.7053665782	3881206.1619181945	120
507433.8329501821	3881206.228560987	120
507433.8329501821	3881206.228560987	120
507433.96052472695	3881206.3062935374	120
507433.96052472695	3881206.3062935374	120
507434.0881083271	3881206.372936336	120
507434.0881083271	3881206.372936336	120
507434.2156919276	3881206.439579134	120
507434.2156919276	3881206.439579134	120
507434.3523834619	3881206.51731914	120
507434.3523834619	3881206.51731914	120
507434.4799670561	3881206.5839619422	120
507434.4799670561	3881206.5839619422	120
507434.616658586	3881206.661701951	120
507434.616658586	3881206.661701951	120
507434.7442421763	3881206.728344757	120
507434.8718167087	3881206.806077322	120
507434.8718167087	3881206.806077322	120
507434.8718167087	3881206.806077322	120
507434.9993912341	3881206.883809889	120
507434.9993912341	3881206.883809889	120
507435.1269748185	3881206.9504527	120
507435.2454323493	3881207.028177824	120
507435.2454323493	3881207.028177824	120
507435.2454323493	3881207.028177824	120
507435.382132925	3881207.0948280864	120
507435.382132925	3881207.0948280864	120
507435.5097165036	3881207.161470904	120
507435.5097165036	3881207.161470904	120
507435.637291021	3881207.23920348	120
507435.7648745957	3881207.3058463	120
507435.7648745957	3881207.3058463	120
507435.7648745957	3881207.3058463	120
507435.89244911127	3881207.38357888	120
507436.02003268217	3881207.450221704	120
507435.89244911127	3881207.38357888	120
507436.02003268217	3881207.450221704	120
507436.1476071911	3881207.527954289	120
507436.2751907605	3881207.594597114	120
507436.2751907605	3881207.594597114	120
507436.4027743255	3881207.661239945	120
507436.4027743255	3881207.661239945	120
507436.5303397678	3881207.750062292	120
507436.5303397678	3881207.750062292	120
507436.65792332654	3881207.816705125	120
507436.65792332654	3881207.816705125	120
507436.78549782495	3881207.894437717	120
507436.78549782495	3881207.894437717	120
507436.91307232354	3881207.972170312	120
507436.91307232354	3881207.972170312	120
507437.0406468176	3881208.049902909	120
507437.0406468176	3881208.049902909	120
507437.1682303707	3881208.116545748	120
507437.1682303707	3881208.116545748	120
507437.2958139242	3881208.18318859	120
507437.2958139242	3881208.18318859	120
507437.4233884121	3881208.260921192	120
507437.4233884121	3881208.260921192	120
507437.5509719594	3881208.327564038	120
507437.5509719594	3881208.327564038	120
507437.6876724987	3881208.3942143335	120
507437.6876724987	3881208.3942143335	120
507437.824373036	3881208.460864633	120
507437.824373036	3881208.460864633	120
507437.824373036	3881208.460864633	120
507437.95194751775	3881208.5385972434	120
507438.0795310573	3881208.605240096	120
507438.0795310573	3881208.605240096	120
507438.0795310573	3881208.605240096	120
507438.21623158857	3881208.671890401	120
507438.3438151244	3881208.7385332566	120
507438.21623158857	3881208.671890401	120
507438.3438151244	3881208.7385332566	120
507438.4713895954	3881208.8162658745	120
507438.4713895954	3881208.8162658745	120
507438.608090123	3881208.882916185	120
507438.608090123	3881208.882916185	120
507438.744781583	3881208.960656257	120
507438.744781583	3881208.960656257	120
507438.8723651109	3881209.027299121	120
507438.8723651109	3881209.027299121	120
507438.9999486369	3881209.0939419866	120
507438.9999486369	3881209.0939419866	120
507439.1275230997	3881209.171674613	120
507439.1275230997	3881209.171674613	120
507439.264214551	3881209.249414691	120
507439.264214551	3881209.249414691	120
507439.39179807104	3881209.316057563	120
507439.528498582	3881209.382707887	120
507439.39179807104	3881209.316057563	120
507439.528498582	3881209.382707887	120
507439.6651900267	3881209.460447972	120
507439.80188147136	3881209.53818806	120
507439.80188147136	3881209.53818806	120
507439.80188147136	3881209.53818806	120
507439.9294559188	3881209.615920697	120
507439.9294559188	3881209.615920697	120
507440.0661473589	3881209.693660789	120
507440.19372180186	3881209.771393429	120
507440.0661473589	3881209.693660789	120
507440.19372180186	3881209.771393429	120
507440.3304132351	3881209.8491335246	120
507440.4579876736	3881209.92686617	120
507440.4579876736	3881209.92686617	120
507440.4579876736	3881209.92686617	120
507440.5855711777	3881209.9935090574	120
507440.7222626042	3881210.071249159	120
507440.7222626042	3881210.071249159	120
507440.849846102	3881210.13789205	120
507440.7222626042	3881210.071249159	120
507440.849846102	3881210.13789205	120
507440.9865375241	3881210.215632156	120
507440.9865375241	3881210.215632156	120
507441.114121018	3881210.282275052	120
507441.114121018	3881210.282275052	120
507441.2416954461	3881210.360007709	120
507441.2416954461	3881210.360007709	120
507441.36927893374	3881210.426650607	120
507441.36927893374	3881210.426650607	120
507441.4968533553	3881210.5043832655	120
507441.4968533553	3881210.5043832655	120
507441.6244277748	3881210.582115928	120
507441.6244277748	3881210.582115928	120
507441.7611191858	3881210.659856044	120
507441.7611191858	3881210.659856044	120
507441.8978196616	3881210.7265064046	120
507442.0253940744	3881210.804239072	120
507441.8978196616	3881210.7265064046	120
507442.0253940744	3881210.804239072	120
507442.1529684828	3881210.88197174	120
507442.2896598849	3881210.959711866	120
507442.2896598849	3881210.959711866	120
507442.2896598849	3881210.959711866	120
507442.4172342935	3881211.0374445375	120
507442.54481776303	3881211.1040874543	120
507442.4172342935	3881211.0374445375	120
507442.68150915846	3881211.181827585	120
507442.54481776303	3881211.1040874543	120
507442.81819148106	3881211.270657476	120
507442.81819148106	3881211.270657476	120
507442.81819148106	3881211.270657476	120
507442.95488286926	3881211.34839761	120
507443.0824572668	3881211.426130293	120
507443.0824572668	3881211.426130293	120
507443.0824572668	3881211.426130293	120
507443.2100316597	3881211.503862978	120
507443.2100316597	3881211.503862978	120
507443.3467139723	3881211.592692876	120
507443.3467139723	3881211.592692876	120
507443.4742883606	3881211.670425562	120
507443.6018627468	3881211.748158253	120
507443.6018627468	3881211.748158253	120
507443.6018627468	3881211.748158253	120
507443.7385541235	3881211.825898399	120
507443.8752454955	3881211.903638549	120
507443.8752454955	3881211.903638549	120
507443.8752454955	3881211.903638549	120
507444.0119368652	3881211.9813787006	120
507444.1486282326	3881212.059118853	120
507444.0119368652	3881211.9813787006	120
507444.1486282326	3881212.059118853	120
507444.2853195976	3881212.1368590086	120
507444.2853195976	3881212.1368590086	120
507444.4128939703	3881212.214591709	120
507444.4128939703	3881212.214591709	120
507444.558702323	3881212.292339325	120
507444.558702323	3881212.292339325	120
507444.6953936834	3881212.370079487	120
507444.8320941096	3881212.436729891	120
507444.8320941096	3881212.436729891	120
507444.9687854632	3881212.5144700576	120
507444.9687854632	3881212.5144700576	120
507444.9687854632	3881212.5144700576	120
507445.114593804	3881212.592217682	120
507445.2421681632	3881212.669950393	120
507445.114593804	3881212.592217682	120
507445.37886858097	3881212.736600807	120
507445.37886858097	3881212.736600807	120
507445.37886858097	3881212.736600807	120
507445.5155599277	3881212.8143409807	120
507445.5155599277	3881212.8143409807	120
507445.64313428034	3881212.8920736993	120
507445.64313428034	3881212.8920736993	120
507445.7798256225	3881212.969813877	120
507445.9073999707	3881213.047546598	120
507445.7798256225	3881212.969813877	120
507446.0440913058	3881213.12528678	120
507446.0440913058	3881213.12528678	120
507446.18079171097	3881213.191937207	120
507446.0440913058	3881213.12528678	120
507446.18079171097	3881213.191937207	120
507446.308366055	3881213.269669933	120
507446.4450573834	3881213.347410121	120
507446.4450573834	3881213.347410121	120
507446.4450573834	3881213.347410121	120
507446.5726317207	3881213.425142852	120
507446.5726317207	3881213.425142852	120
507446.7093321174	3881213.491793286	120
507446.7093321174	3881213.491793286	120
507446.846023439	3881213.56953348	120
507446.97360684304	3881213.6361764576	120
507446.846023439	3881213.56953348	120
507446.97360684304	3881213.6361764576	120
507447.1194151488	3881213.713924114	120
507447.1194151488	3881213.713924114	120
507447.2561155394	3881213.780574556	120
507447.2561155394	3881213.780574556	120
507447.39280685433	3881213.858314758	120
507447.39280685433	3881213.858314758	120
507447.5203811741	3881213.936047504	120
507447.64795549394	3881214.013780249	120
507447.64795549394	3881214.013780249	120
507447.7755298116	3881214.091512998	120
507447.7755298116	3881214.091512998	120
507447.7755298116	3881214.091512998	120
507447.9031041294	3881214.169245748	120
507447.9031041294	3881214.169245748	120
507448.0398045053	3881214.235896202	120
507448.0398045053	3881214.235896202	120
507448.1673697418	3881214.324718713	120
507448.29494405066	3881214.4024514696	120
507448.1673697418	3881214.324718713	120
507448.42252743465	3881214.4690944673	120
507448.29494405066	3881214.4024514696	120
507448.42252743465	3881214.4690944673	120
507448.54098475166	3881214.5468197656	120
507448.54098475166	3881214.5468197656	120
507448.6594420667	3881214.624545066	120
507448.6594420667	3881214.624545066	120
507448.7870163695	3881214.702277829	120
507448.7870163695	3881214.702277829	120
507448.905473678	3881214.7800031314	120
507449.0330570499	3881214.846646139	120
507449.0330570499	3881214.846646139	120
507449.1606313464	3881214.924378906	120
507449.1606313464	3881214.924378906	120
507449.2882056384	3881215.002111676	120
507449.2882056384	3881215.002111676	120
507449.2882056384	3881215.002111676	120
507449.4157799282	3881215.079844448	120
507449.4157799282	3881215.079844448	120
507449.5342372288	3881215.15756976	120
507449.5342372288	3881215.15756976	120
507449.6618115166	3881215.2353025344	120
507449.7893948743	3881215.301945551	120
507449.7893948743	3881215.301945551	120
507449.7893948743	3881215.301945551	120
507449.91696915566	3881215.37967833	120
507449.91696915566	3881215.37967833	120
507450.0354355273	3881215.4463138897	120
507450.0354355273	3881215.4463138897	120
507450.1721267912	3881215.524054134	120
507450.1721267912	3881215.524054134	120
507450.2997010661	3881215.601786918	120
507450.43639232544	3881215.679527166	120
507450.43639232544	3881215.679527166	120
507450.43639232544	3881215.679527166	120
507450.5639756735	3881215.746170194	120
507450.5639756735	3881215.746170194	120
507450.69154994434	3881215.823902984	120
507450.69154994434	3881215.823902984	120
507450.8191242106	3881215.901635775	120
507450.9466984748	3881215.979368568	120
507450.8191242106	3881215.901635775	120
507451.0742727367	3881216.057101364	120
507451.0742727367	3881216.057101364	120
507451.2018469988	3881216.13483416	120
507451.2018469988	3881216.13483416	120
507451.33853824233	3881216.212574421	120
507451.33853824233	3881216.212574421	120
507451.33853824233	3881216.212574421	120
507451.46611249767	3881216.2903072215	120
507451.46611249767	3881216.2903072215	120
507451.59368675086	3881216.368040025	120
507451.59368675086	3881216.368040025	120
507451.7212700831	3881216.434683071	120
507451.7212700831	3881216.434683071	120
507451.8579522386	3881216.523513099	120
507451.98552648514	3881216.601245905	120
507451.98552648514	3881216.601245905	120
507452.11310980894	3881216.667888956	120
507452.11310980894	3881216.667888956	120
507452.2406840536	3881216.745621768	120
507452.2406840536	3881216.745621768	120
507452.2406840536	3881216.745621768	120
507452.3773752792	3881216.823362045	120
507452.3773752792	3881216.823362045	120
507452.5140665024	3881216.901102325	120
507452.5140665024	3881216.901102325	120
507452.64164073794	3881216.978835141	120
507452.64164073794	3881216.978835141	120
507452.7783410369	3881217.0454856674	120
507452.7783410369	3881217.0454856674	120
507452.9059152682	3881217.123218488	120
507452.9059152682	3881217.123218488	120
507453.0334894997	3881217.20095131	120
507453.1610728075	3881217.2675943766	120
507453.0334894997	3881217.20095131	120
507453.1610728075	3881217.2675943766	120
507453.2977730982	3881217.334244908	120
507453.43446430593	3881217.411985202	120
507453.43446430593	3881217.411985202	120
507453.43446430593	3881217.411985202	120
507453.5711555113	3881217.4897254976	120
507453.5711555113	3881217.4897254976	120
507453.6987388133	3881217.5563685712	120
507453.6987388133	3881217.5563685712	120
507453.83543001424	3881217.634108871	120
507453.83543001424	3881217.634108871	120
507453.9630042283	3881217.711841707	120
507453.9630042283	3881217.711841707	120
507454.0996954246	3881217.7895820113	120
507454.0996954246	3881217.7895820113	120
507454.2363957007	3881217.856232557	120
507454.2363957007	3881217.856232557	120
507454.3639699082	3881217.9339654	120
507454.3639699082	3881217.9339654	120
507454.5006611001	3881218.011705708	120
507454.5006611001	3881218.011705708	120
507454.6373522896	3881218.08944602	120
507454.6373522896	3881218.08944602	120
507454.7740434745	3881218.167186335	120
507454.7740434745	3881218.167186335	120
507454.901626756	3881218.2338294247	120
507454.901626756	3881218.2338294247	120
507455.02920095256	3881218.3115622746	120
507455.1567751492	3881218.389295128	120
507455.1567751492	3881218.389295128	120
507455.1567751492	3881218.389295128	120
507455.2843493392	3881218.467027982	120
507455.2843493392	3881218.467027982	120
507455.4119326127	3881218.533671079	120
507455.4119326127	3881218.533671079	120
507455.5395068007	3881218.611403937	120
507455.5395068007	3881218.611403937	120
507455.6670809888	3881218.6891368	120
507455.6670809888	3881218.6891368	120
507455.7946642565	3881218.755779901	120
507455.7946642565	3881218.755779901	120
507455.9222384381	3881218.833512763	120
507455.9222384381	3881218.833512763	120
507456.0498217018	3881218.900155869	120
507456.0498217018	3881218.900155869	120
507456.1773958815	3881218.977888736	120
507456.1773958815	3881218.977888736	120
507456.3049791413	3881219.044531846	120
507456.3049791413	3881219.044531846	120
507456.43255331455	3881219.122264717	120
507456.43255331455	3881219.122264717	120
507456.5601365728	3881219.188907831	120
507456.5601365728	3881219.188907831	120
507456.6877107418	3881219.266640705	120
507456.6877107418	3881219.266640705	120
507456.8152939939	3881219.333283822	120
507456.8152939939	3881219.333283822	120
507456.94287724176	3881219.399926942	120
507456.94287724176	3881219.399926942	120
507457.0704514069	3881219.477659821	120
507457.1980346532	3881219.544302943	120
507457.0704514069	3881219.477659821	120
507457.1980346532	3881219.544302943	120
507457.32560881175	3881219.6220358266	120
507457.32560881175	3881219.6220358266	120
507457.4531920542	3881219.688678952	120
507457.4531920542	3881219.688678952	120
507457.580775297	3881219.7553220815	120
507457.7174664317	3881219.833062439	120
507457.580775297	3881219.7553220815	120
507457.84504966834	3881219.89970557	120
507457.7174664317	3881219.833062439	120
507457.84504966834	3881219.89970557	120
507457.9726419897	3881219.955258946	120
507457.9726419897	3881219.955258946	120
507458.1002252227	3881220.0219020816	120
507458.1002252227	3881220.0219020816	120
507458.2277993692	3881220.0996349766	120
507458.2277993692	3881220.0996349766	120
507458.3553825983	3881220.166278117	120
507458.3553825983	3881220.166278117	120
507458.4920828075	3881220.232928728	120
507458.4920828075	3881220.232928728	120
507458.6287830147	3881220.299579341	120
507458.6287830147	3881220.299579341	120
507458.7563571528	3881220.377312246	120
507458.8930664437	3881220.4328731033	120
507458.7563571528	3881220.377312246	120
507458.8930664437	3881220.4328731033	120
507459.029766645	3881220.499523723	120
507459.029766645	3881220.499523723	120
507459.1573498626	3881220.5661668736	120
507459.1573498626	3881220.5661668736	120
507459.29404097167	3881220.643907256	120
507459.29404097167	3881220.643907256	120
507459.4216241854	3881220.71055041	120
507459.4216241854	3881220.71055041	120
507459.55832438095	3881220.777201037	120
507459.55832438095	3881220.777201037	120
507459.6859075909	3881220.8438441935	120
507459.6859075909	3881220.8438441935	120
507459.8225986912	3881220.9215845848	120
507459.8225986912	3881220.9215845848	120
507459.9592988807	3881220.988235221	120
507459.9592988807	3881220.988235221	120
507460.0868729954	3881221.065968142	120
507460.0868729954	3881221.065968142	120
507460.2235731808	3881221.1326187793	120
507460.2235731808	3881221.1326187793	120
507460.3511472913	3881221.210351705	120
507460.3511472913	3881221.210351705	120
507460.4878383805	3881221.2880921056	120
507460.4878383805	3881221.2880921056	120
507460.6154124865	3881221.365825035	120
507460.6154124865	3881221.365825035	120
507460.7429775003	3881221.454647725	120
507460.7429775003	3881221.454647725	120
507460.87055160187	3881221.5323806577	120
507460.87055160187	3881221.5323806577	120
507461.00724268414	3881221.6101210658	120
507461.00724268414	3881221.6101210658	120
507461.1348167812	3881221.687854002	120
507461.1348167812	3881221.687854002	120
507461.2623908738	3881221.765586943	120
507461.2623908738	3881221.765586943	120
507461.3899649688	3881221.8433198817	120
507461.3899649688	3881221.8433198817	120
507461.5175390594	3881221.921052824	120
507461.5175390594	3881221.921052824	120
507461.6542210368	3881222.009883001	120
507461.6542210368	3881222.009883001	120
507461.7817951228	3881222.087615947	120
507461.7817951228	3881222.087615947	120
507461.9184861889	3881222.165356369	120
507462.0460511788	3881222.2541790768	120
507461.9184861889	3881222.165356369	120
507462.0460511788	3881222.2541790768	120
507462.1827422402	3881222.331919503	120
507462.1827422402	3881222.331919503	120
507462.3103163148	3881222.4096524566	120
507462.3103163148	3881222.4096524566	120
507462.4378903895	3881222.487385411	120
507462.4378903895	3881222.487385411	120
507462.5654644621	3881222.5651183696	120
507462.5654644621	3881222.5651183696	120
507462.6930294424	3881222.653941088	120
507462.6930294424	3881222.653941088	120
507462.8206035104	3881222.731674047	120
507462.9572945557	3881222.809414486	120
507462.9572945557	3881222.809414486	120
507462.9572945557	3881222.809414486	120
507463.0848686193	3881222.887147449	120
507463.0848686193	3881222.887147449	120
507463.2215596623	3881222.9648878914	120
507463.2215596623	3881222.9648878914	120
507463.3491337215	3881223.042620859	120
507463.4766986851	3881223.131443587	120
507463.4766986851	3881223.131443587	120
507463.4766986851	3881223.131443587	120
507463.6133897188	3881223.209184036	120
507463.6133897188	3881223.209184036	120
507463.7500716587	3881223.298014243	120
507463.8776457087	3881223.375747218	120
507463.7500716587	3881223.298014243	120
507463.8776457087	3881223.375747218	120
507464.0143367376	3881223.453487674	120
507464.1601356463	3881223.542325364	120
507464.1601356463	3881223.542325364	120
507464.1601356463	3881223.542325364	120
507464.29683576233	3881223.608976064	120
507464.29683576233	3881223.608976064	120
507464.4244007088	3881223.697798806	120
507464.4244007088	3881223.697798806	120
507464.5610917258	3881223.7755392673	120
507464.5610917258	3881223.7755392673	120
507464.6977827405	3881223.8532797312	120
507464.6977827405	3881223.8532797312	120
507464.8344737552	3881223.9310201984	120
507464.8344737552	3881223.9310201984	120
507464.9802817458	3881224.008768144	120
507464.9802817458	3881224.008768144	120
507465.1169818488	3881224.075418856	120
507465.1169818488	3881224.075418856	120
507465.2627898323	3881224.153166805	120
507465.2627898323	3881224.153166805	120
507465.3994899311	3881224.219817522	120
507465.54529791226	3881224.297565474	120
507465.3994899311	3881224.219817522	120
507465.54529791226	3881224.297565474	120
507465.6819980068	3881224.364216197	120
507465.6819980068	3881224.364216197	120
507465.9553799971	3881224.51969716	120
507465.9553799971	3881224.51969716	120
507466.1011879663	3881224.597445124	120
507466.1011879663	3881224.597445124	120
507466.2378789579	3881224.6751856105	120
507466.2378789579	3881224.6751856105	120
507466.3745699471	3881224.752926101	120
507466.5112609316	3881224.830666592	120
507466.3745699471	3881224.752926101	120
507466.5112609316	3881224.830666592	120
507466.6479519139	3881224.9084070856	120
507466.6479519139	3881224.9084070856	120
507466.77553501393	3881224.975050343	120
507466.77553501393	3881224.975050343	120
507466.90310901456	3881225.0527833607	120
507466.90310901456	3881225.0527833607	120
507467.0489169672	3881225.13053134	120
507467.0489169672	3881225.13053134	120
507467.1856079403	3881225.208271842	120
507467.1856079403	3881225.208271842	120
507467.32229891344	3881225.286012346	120
507467.32229891344	3881225.286012346	120
507467.4589898842	3881225.363752852	120
507467.5956808503	3881225.44149336	120
507467.4589898842	3881225.363752852	120
507467.5956808503	3881225.44149336	120
507467.7323809127	3881225.508144111	120
507467.7323809127	3881225.508144111	120
507467.8690718743	3881225.585884623	120
507467.8690718743	3881225.585884623	120
507467.99664585706	3881225.663617657	120
507467.99664585706	3881225.663617657	120
507468.1333368164	3881225.741358172	120
507468.2609107947	3881225.819091211	120
507468.2609107947	3881225.819091211	120
507468.2609107947	3881225.819091211	120
507468.3976017471	3881225.8968317294	120
507468.3976017471	3881225.8968317294	120
507468.5342926972	3881225.974572252	120
507468.5342926972	3881225.974572252	120
507468.6709927448	3881226.0412230175	120
507468.6709927448	3881226.0412230175	120
507468.8076836903	3881226.118963544	120
507468.93526676	3881226.185606833	120
507468.93526676	3881226.185606833	120
507468.93526676	3881226.185606833	120
507469.0628407251	3881226.263339881	120
507469.0628407251	3881226.263339881	120
507469.1995316641	3881226.341080414	120
507469.1995316641	3881226.341080414	120
507469.336222603	3881226.418820948	120
507469.4729135372	3881226.496561485	120
507469.4729135372	3881226.496561485	120
507469.4729135372	3881226.496561485	120
507469.6096044691	3881226.5743020223	120
507469.6096044691	3881226.5743020223	120
507469.7462953987	3881226.652042564	120
507469.7462953987	3881226.652042564	120
507469.8829863282	3881226.729783105	120
507469.8829863282	3881226.729783105	120
507470.0196863545	3881226.796433892	120
507470.0196863545	3881226.796433892	120
507470.1563681757	3881226.885264196	120
507470.1563681757	3881226.885264196	120
507470.2930499943	3881226.974094504	120
507470.2930499943	3881226.974094504	120
507470.4297318125	3881227.0629248135	120
507470.4297318125	3881227.0629248135	120
507470.56642272766	3881227.1406653663	120
507470.56642272766	3881227.1406653663	120
507470.7031045384	3881227.22949568	120
507470.7031045384	3881227.22949568	120
507470.8397954511	3881227.3072362375	120
507470.8397954511	3881227.3072362375	120
507470.9673602818	3881227.396059072	120
507471.0949342127	3881227.4737921497	120
507470.9673602818	3881227.396059072	120
507471.2316160132	3881227.5626224712	120
507471.2316160132	3881227.5626224712	120
507471.2316160132	3881227.5626224712	120
507471.3591808365	3881227.651445311	120
507471.3591808365	3881227.651445311	120
507471.4867547628	3881227.7291783937	120
507471.4867547628	3881227.7291783937	120
507471.6234365557	3881227.818008722	120
507471.7510104751	3881227.895741809	120
507471.6234365557	3881227.818008722	120
507471.7510104751	3881227.895741809	120
507471.8877013665	3881227.9734823806	120
507471.8877013665	3881227.9734823806	120
507472.0243831518	3881228.062312714	120
507472.0243831518	3881228.062312714	120
507472.1519570666	3881228.140045808	120
507472.1519570666	3881228.140045808	120
507472.288647951	3881228.2177863866	120
507472.288647951	3881228.2177863866	120
507472.42533883295	3881228.295526967	120
507472.42533883295	3881228.295526967	120
507472.5620297127	3881228.3732675496	120
507472.5620297127	3881228.3732675496	120
507472.6987296969	3881228.439918377	120
507472.6987296969	3881228.439918377	120
507472.8354205721	3881228.517658964	120
507472.8354205721	3881228.517658964	120
507472.9721114449	3881228.5953995534	120
507472.9721114449	3881228.5953995534	120
507473.1088114229	3881228.6620503855	120
507473.23638531775	3881228.739783494	120
507473.23638531775	3881228.739783494	120
507473.23638531775	3881228.739783494	120
507473.37307618384	3881228.8175240895	120
507473.50976704754	3881228.895264687	120
507473.37307618384	3881228.8175240895	120
507473.50976704754	3881228.895264687	120
507473.64646701474	3881228.961915527	120
507473.7740409008	3881229.039648642	120
507473.7740409008	3881229.039648642	120
507473.7740409008	3881229.039648642	120
507473.91073176014	3881229.117389246	120
507473.91073176014	3881229.117389246	120
507474.0474317234	3881229.184040093	120
507474.0474317234	3881229.184040093	120
507474.1841225759	3881229.261780701	120
507474.320813426	3881229.3395213103	120
507474.320813426	3881229.3395213103	120
507474.320813426	3881229.3395213103	120
507474.4575042738	3881229.417261922	120
507474.4575042738	3881229.417261922	120
507474.5941951192	3881229.4950025366	120
507474.5941951192	3881229.4950025366	120
507474.7308859624	3881229.572743152	120
507474.7308859624	3881229.572743152	120
507474.8675768055	3881229.65048377	120
507474.8675768055	3881229.65048377	120
507474.99515067146	3881229.728216901	120
507474.99515067146	3881229.728216901	120
507475.1318415077	3881229.805957524	120
507475.1318415077	3881229.805957524	120
507475.2594153693	3881229.883690661	120
507475.2594153693	3881229.883690661	120
507475.3869983365	3881229.95033404	120
507475.3869983365	3881229.95033404	120
507475.5145721962	3881230.028067181	120
507475.5145721962	3881230.028067181	120
507475.6512630234	3881230.105807809	120
507475.78794474	3881230.1946382	120
507475.6512630234	3881230.105807809	120
507475.78794474	3881230.1946382	120
507475.9155185905	3881230.2723713457	120
507475.9155185905	3881230.2723713457	120
507476.0522094106	3881230.3501119823	120
507476.179783259	3881230.427845132	120
507476.179783259	3881230.427845132	120
507476.179783259	3881230.427845132	120
507476.3164649679	3881230.5166755295	120
507476.3164649679	3881230.5166755295	120
507476.444038807	3881230.594408684	120
507476.5716126463	3881230.6721418384	120
507476.444038807	3881230.594408684	120
507476.5716126463	3881230.6721418384	120
507476.7082943476	3881230.760972243	120
507476.7082943476	3881230.760972243	120
507476.8358681823	3881230.8387054014	120
507476.9634420148	3881230.9164385614	120
507476.8358681823	3881230.8387054014	120
507477.1001237087	3881231.005268973	120
507476.9634420148	3881230.9164385614	120
507477.2276975343	3881231.083002137	120
507477.1001237087	3881231.005268973	120
507477.3643883357	3881231.160742794	120
507477.3643883357	3881231.160742794	120
507477.4919530464	3881231.24956572	120
507477.4919530464	3881231.24956572	120
507477.4919530464	3881231.24956572	120
507477.6286438407	3881231.327306378	120
507477.6286438407	3881231.327306378	120
507477.7653255196	3881231.4161368	120
507477.7653255196	3881231.4161368	120
507477.9020071958	3881231.504967223	120
507477.9020071958	3881231.504967223	120
507478.03869798046	3881231.582707888	120
507478.03869798046	3881231.582707888	120
507478.1753887629	3881231.660448556	120
507478.1753887629	3881231.660448556	120
507478.31207043136	3881231.7492789854	120
507478.31207043136	3881231.7492789854	120
507478.4487612112	3881231.827019658	120
507478.5854519887	3881231.9047603314	120
507478.5854519887	3881231.9047603314	120
507478.7221427615	3881231.982501009	120
507478.7221427615	3881231.982501009	120
507478.7221427615	3881231.982501009	120
507478.86794139	3881232.071338936	120
507479.013749128	3881232.149087108	120
507479.013749128	3881232.149087108	120
507479.013749128	3881232.149087108	120
507479.1504398958	3881232.226827792	120
507479.1504398958	3881232.226827792	120
507479.2962567416	3881232.2934862087	120
507479.2962567416	3881232.2934862087	120
507479.4329475025	3881232.371226896	120
507479.4329475025	3881232.371226896	120
507479.5787643439	3881232.437885317	120
507479.7063381306	3881232.5156185175	120
507479.7063381306	3881232.5156185175	120
507479.7063381306	3881232.5156185175	120
507479.8430380004	3881232.582269453	120
507479.9888457242	3881232.66001764	120
507479.9888457242	3881232.66001764	120
507479.9888457242	3881232.66001764	120
507480.1255364737	3881232.7377583375	120
507480.26222722087	3881232.815499035	120
507480.1255364737	3881232.7377583375	120
507480.4080349351	3881232.893247231	120
507480.4080349351	3881232.893247231	120
507480.5447256775	3881232.970987935	120
507480.5447256775	3881232.970987935	120
507480.5447256775	3881232.970987935	120
507480.69053338905	3881233.048736133	120
507480.69053338905	3881233.048736133	120
507480.8272241268	3881233.1264768415	120
507480.9639148621	3881233.2042175513	120
507480.9639148621	3881233.2042175513	120
507480.9639148621	3881233.2042175513	120
507481.10972256406	3881233.281965756	120
507481.10972256406	3881233.281965756	120
507481.2464224144	3881233.348616712	70
507481.2464224144	3881233.348616712	70
507481.3831131428	3881233.426357429	70
507481.5198038689	3881233.504098149	70
507481.3831131428	3881233.426357429	70
507481.5198038689	3881233.504098149	70
507481.6565037083	3881233.570749111	70
507481.6565037083	3881233.570749111	70
507481.7931944298	3881233.648489833	70
507481.7931944298	3881233.648489833	70
507481.92076818063	3881233.726223063	70
507481.92076818063	3881233.726223063	70
507482.0574588977	3881233.803963791	70
507482.1941587286	3881233.870614761	70
507482.1941587286	3881233.870614761	70
507482.3308494434	3881233.9483554913	70
507482.1941587286	3881233.870614761	70
507482.4675401559	3881234.026096224	70
507482.3308494434	3881233.9483554913	70
507482.4675401559	3881234.026096224	70
507482.6042308637	3881234.1038369583	70
507482.6042308637	3881234.1038369583	70
507482.75003853726	3881234.1815851913	70
507482.75003853726	3881234.1815851913	70
507482.8867292403	3881234.259325931	70
507482.8867292403	3881234.259325931	70
507483.0234199411	3881234.337066672	70
507483.0234199411	3881234.337066672	70
507483.1509936717	3881234.41479992	70
507483.2968104578	3881234.481458402	70
507483.1509936717	3881234.41479992	70
507483.2968104578	3881234.481458402	70
507483.4335011517	3881234.559199149	70
507483.4335011517	3881234.559199149	70
507483.5610748757	3881234.636932403	70
507483.5610748757	3881234.636932403	70
507483.697765565	3881234.7146731536	70
507483.697765565	3881234.7146731536	70
507483.8435732194	3881234.792421404	70
507483.8435732194	3881234.792421404	70
507483.980263904	3881234.87016216	70
507484.1078467376	3881234.936805663	70
507484.1078467376	3881234.936805663	70
507484.1078467376	3881234.936805663	70
507484.2445374177	3881235.014546423	70
507484.39034506725	3881235.092294682	70
507484.39034506725	3881235.092294682	70
507484.52704486175	3881235.158945686	70
507484.52704486175	3881235.158945686	70
507484.6728616213	3881235.225604191	70
507484.6728616213	3881235.225604191	70
507484.8186783785	3881235.2922626976	70
507484.8186783785	3881235.2922626976	70
507484.9645042557	3881235.347831448	70
507484.9645042557	3881235.347831448	70
507485.10120404215	3881235.4144824618	70
507485.10120404215	3881235.4144824618	70
507485.10120404215	3881235.4144824618	70
507485.2470299133	3881235.470051216	70
507485.2470299133	3881235.470051216	70
507485.392855785	3881235.525619972	70
507485.392855785	3881235.525619972	70
507485.5386907729	3881235.5700989743	70
507485.69363360544	3881235.6256752335	70
507485.69363360544	3881235.6256752335	70
507485.69363360544	3881235.6256752335	70
507485.8394685926	3881235.67015424	70
507485.8394685926	3881235.67015424	70
507485.9853035761	3881235.7146332455	70
507486.14026464784	3881235.748029996	70
507486.14026464784	3881235.748029996	70
507486.28609962855	3881235.792509008	70
507486.28609962855	3881235.792509008	70
507486.441060698	3881235.825905764	70
507486.441060698	3881235.825905764	70
507486.5869047976	3881235.859295021	70
507486.5869047976	3881235.859295021	70
507486.5869047976	3881235.859295021	70
507486.74186586245	3881235.892691782	70
507486.74186586245	3881235.892691782	70
507486.8968360481	3881235.9149987847	70
507486.8968360481	3881235.9149987847	70
507487.0517971132	3881235.9483955503	70
507487.0517971132	3881235.9483955503	70
507487.2067764196	3881235.9596128	70
507487.2067764196	3881235.9596128	70
507487.36174660537	3881235.981919812	70
507487.36174660537	3881235.981919812	70
507487.50760894455	3881235.9931295663	70
507487.6716960952	3881236.015444084	70
507487.50760894455	3881235.9931295663	70
507487.8266845228	3881236.015571586	70
507487.8266845228	3881236.015571586	70
507487.8266845228	3881236.015571586	70
507487.97255598655	3881236.0156915896	70
507487.97255598655	3881236.0156915896	70
507488.1275444118	3881236.015819097	70
507488.1275444118	3881236.015819097	70
507488.27342500153	3881236.004849346	70
507488.27342500153	3881236.004849346	70
507488.41930558695	3881235.9938795976	70
507488.41930558695	3881235.9938795976	70
507488.57432138704	3881235.960737836	70
507488.57432138704	3881235.960737836	70
507488.7202110978	3881235.938678336	70
507488.7202110978	3881235.938678336	70
507489.02110749	3881235.89456684	70
507489.1670154524	3881235.850327827	70
507489.1670154524	3881235.850327827	70
507489.1670154524	3881235.850327827	70
507489.3129325411	3881235.7949990574	70
507489.3129325411	3881235.7949990574	70
507489.458849634	3881235.739670292	70
507489.458849634	3881235.739670292	70
507489.6047667263	3881235.684341526	70
507489.6047667263	3881235.684341526	70
507489.75068382034	3881235.629012765	70
507489.75068382034	3881235.629012765	70
507489.8874748286	3881235.5847662617	70
507489.8874748286	3881235.5847662617	70
507490.033391926	3881235.5294375033	70
507490.033391926	3881235.5294375033	70
507490.1701920584	3881235.4741012463	70
507490.1701920584	3881235.4741012463	70
507490.2978843519	3881235.4076677295	70
507490.4255766472	3881235.341234214	70
507490.2978843519	3881235.4076677295	70
507490.4255766472	3881235.341234214	70
507490.5532780709	3881235.263710942	70
507490.5532780709	3881235.263710942	70
507490.671862532	3881235.186180168	70
507490.671862532	3881235.186180168	70
507490.7904561172	3881235.097559638	70
507490.9181666743	3881235.00894661	70
507490.7904561172	3881235.097559638	70
507490.9181666743	3881235.00894661	70
507491.0367511418	3881234.9314158414	70
507491.0367511418	3881234.9314158414	70
507491.1644617036	3881234.8428028193	70
507491.1644617036	3881234.8428028193	70
507491.2830461754	3881234.765272055	70
507491.2830461754	3881234.765272055	70
507491.4107658672	3881234.665569277	70
507491.4107658672	3881234.665569277	70
507491.5293594687	3881234.576948755	70
507491.6479530748	3881234.488328236	70
507491.6479530748	3881234.488328236	70
507491.6479530748	3881234.488328236	70
507491.76655580895	3881234.388617959	70
507491.76655580895	3881234.388617959	70
507491.8851494152	3881234.2999974415	70
507491.8851494152	3881234.2999974415	70
507491.9946351887	3881234.200279664	70
507491.9946351887	3881234.200279664	70
507492.1041209599	3881234.1005618856	70
507492.1041209599	3881234.1005618856	70
507492.20448976994	3881234.000836607	70
507492.20448976994	3881234.000836607	70
507492.2866429003	3881233.878916801	70
507492.2866429003	3881233.878916801	70
507492.377894744	3881233.779184018	70
507492.377894744	3881233.779184018	70
507492.4691557162	3881233.6683614776	70
507492.4691557162	3881233.6683614776	70
507492.5513088531	3881233.5464416738	70
507492.6334528609	3881233.435611628	70
507492.5513088531	3881233.5464416738	70
507492.6334528609	3881233.435611628	70
507492.7155968731	3881233.3247815855	70
507492.7155968731	3881233.3247815855	70
507492.7977408872	3881233.213951543	70
507492.7977408872	3881233.213951543	70
507492.8798940326	3881233.0920317415	70
507492.952930211	3881232.970104438	70
507492.8798940326	3881233.0920317415	70
507492.952930211	3881232.970104438	70
507493.0350833607	3881232.848184638	70
507493.0350833607	3881232.848184638	70
507493.1081104112	3881232.737347093	70
507493.1902635627	3881232.615427295	70
507493.1902635627	3881232.615427295	70
507493.1902635627	3881232.615427295	70
507493.26329974906	3881232.493499992	70
507493.3272189675	3881232.371565185	70
507493.26329974906	3881232.493499992	70
507493.3272189675	3881232.371565185	70
507493.39113818767	3881232.249630377	70
507493.46418350725	3881232.116613318	70
507493.39113818767	3881232.249630377	70
507493.46418350725	3881232.116613318	70
507493.5190040209	3881231.972491489	70
507493.5190040209	3881231.972491489	70
507493.5646984335	3881231.839451912	70
507493.5646984335	3881231.839451912	70
507493.6286267884	3881231.706427348	70
507493.6286267884	3881231.706427348	70
507493.6834381768	3881231.573395278	70
507493.7473574073	3881231.451460473	70
507493.7473574073	3881231.451460473	70
507493.7473574073	3881231.451460473	70
507493.8021687967	3881231.3184284046	70
507493.8021687967	3881231.3184284046	70
507493.86608803057	3881231.1964936014	70
507493.86608803057	3881231.1964936014	70
507493.9300163944	3881231.063469039	70
507493.9300163944	3881231.063469039	70
507493.9939356341	3881230.941534236	70
507494.06697184	3881230.81960694	70
507493.9939356341	3881230.941534236	70
507494.1308910832	3881230.6976721385	70
507494.06697184	3881230.81960694	70
507494.1308910832	3881230.6976721385	70
507494.2039272952	3881230.575744844	70
507494.2039272952	3881230.575744844	70
507494.2678465397	3881230.453810042	70
507494.2678465397	3881230.453810042	70
507494.34088275774	3881230.331882748	70
507494.34088275774	3881230.331882748	70
507494.4048020034	3881230.209947949	70
507494.4048020034	3881230.209947949	70
507494.4869460662	3881230.0991179226	70
507494.4869460662	3881230.0991179226	70
507494.5508744468	3881229.966093365	70
507494.5508744468	3881229.966093365	70
507494.623919804	3881229.833076315	70
507494.623919804	3881229.833076315	70
507494.6969560318	3881229.711149024	70
507494.6969560318	3881229.711149024	70
507494.7699922593	3881229.589221735	70
507494.8430376226	3881229.4562046863	70
507494.7699922593	3881229.589221735	70
507494.9251908293	3881229.334284904	70
507494.9251908293	3881229.334284904	70
507494.9251908293	3881229.334284904	70
507494.9982270652	3881229.212357616	70
507494.9982270652	3881229.212357616	70
507495.0712633007	3881229.090430328	70
507495.0712633007	3881229.090430328	70
507495.15341651376	3881228.9685105495	70
507495.15341651376	3881228.9685105495	70
507495.23556972895	3881228.8465907695	70
507495.23556972895	3881228.8465907695	70
507495.3177138119	3881228.735760751	70
507495.3177138119	3881228.735760751	70
507495.3907500601	3881228.613833468	70
507495.3907500601	3881228.613833468	70
507495.4729032771	3881228.4919136898	70
507495.4729032771	3881228.4919136898	70
507495.54593952704	3881228.3699864056	70
507495.6280927529	3881228.248066632	70
507495.54593952704	3881228.3699864056	70
507495.6280927529	3881228.248066632	70
507495.7011198742	3881228.137229108	70
507495.7650665518	3881227.9820250417	70
507495.7650665518	3881227.9820250417	70
507495.7650665518	3881227.9820250417	70
507495.82899497054	3881227.8490004935	70
507495.82899497054	3881227.8490004935	70
507495.9020494917	3881227.704893695	70
507495.9020494917	3881227.704893695	70
507495.9659779144	3881227.571869148	70
507496.02990633424	3881227.438844601	70
507496.02990633424	3881227.438844601	70
507496.02990633424	3881227.438844601	70
507496.1029517333	3881227.305827563	70
507496.1029517333	3881227.305827563	70
507496.166880157	3881227.172803017	70
507496.166880157	3881227.172803017	70
507496.2399255602	3881227.039785981	70
507496.2399255602	3881227.039785981	70
507496.3129709655	3881226.9067689446	70
507496.3129709655	3881226.9067689446	70
507496.38601637055	3881226.773751909	70
507496.4590526465	3881226.6518246345	70
507496.38601637055	3881226.773751909	70
507496.4590526465	3881226.6518246345	70
507496.5320889244	3881226.5298973583	70
507496.5320889244	3881226.5298973583	70
507496.60513433575	3881226.396880325	70
507496.6781706176	3881226.274953051	70
507496.6781706176	3881226.274953051	70
507496.6781706176	3881226.274953051	70
507496.75121603545	3881226.1419360186	70
507496.8333692976	3881226.0200162544	70
507496.8333692976	3881226.0200162544	70
507496.8333692976	3881226.0200162544	70
507496.9064147174	3881225.886999224	70
507496.9885771181	3881225.753989703	70
507496.9885771181	3881225.753989703	70
507496.9885771181	3881225.753989703	70
507497.0616134103	3881225.632062432	70
507497.0616134103	3881225.632062432	70
507497.14377581567	3881225.499052911	70
507497.14377581567	3881225.499052911	70
507497.22593822336	3881225.3660433926	70
507497.22593822336	3881225.3660433926	80
507497.2989836519	3881225.233026365	80
507497.3720290871	3881225.100009338	80
507497.2989836519	3881225.233026365	80
507497.4541823669	3881224.97808958	80
507497.3720290871	3881225.100009338	80
507497.5272278041	3881224.8450725535	80
507497.4541823669	3881224.97808958	80
507497.5272278041	3881224.8450725535	80
507497.6093810884	3881224.723152797	80
507497.6915435099	3881224.5901432815	80
507497.6093810884	3881224.723152797	80
507497.7645798208	3881224.468216018	80
507497.6915435099	3881224.5901432815	80
507497.7645798208	3881224.468216018	80
507497.83762526896	3881224.335198994	80
507497.83762526896	3881224.335198994	80
507497.9197785597	3881224.213279241	80
507497.9928148766	3881224.091351978	80
507497.9928148766	3881224.091351978	80
507497.9928148766	3881224.091351978	80
507498.0658511956	3881223.969424715	80
507498.0658511956	3881223.969424715	80
507498.1388966498	3881223.836407693	80
507498.1388966498	3881223.836407693	80
507498.2119421085	3881223.703390674	80
507498.2119421085	3881223.703390674	80
507498.2849784335	3881223.5814634142	80
507498.3580238941	3881223.4484463935	80
507498.2849784335	3881223.5814634142	80
507498.3580238941	3881223.4484463935	80
507498.4310602231	3881223.3265191335	80
507498.4310602231	3881223.3265191335	80
507498.5132226692	3881223.193509628	80
507498.5862681385	3881223.06049261	80
507498.5132226692	3881223.193509628	80
507498.65930447134	3881222.938565353	80
507498.65930447134	3881222.938565353	80
507498.65930447134	3881222.938565353	80
507498.7414577879	3881222.8166456064	80
507498.7414577879	3881222.8166456064	80
507498.8145032636	3881222.6836285912	80
507498.8145032636	3881222.6836285912	80
507498.8875487414	3881222.5506115775	80
507498.8875487414	3881222.5506115775	80
507498.9605850824	3881222.428684321	80
507498.9605850824	3881222.428684321	80
507499.03363056434	3881222.295667309	80
507499.03363056434	3881222.295667309	80
507499.1157838917	3881222.173747566	80
507499.1157838917	3881222.173747566	80
507499.19794635824	3881222.040738065	80
507499.19794635824	3881222.040738065	80
507499.2709827074	3881221.918810812	80
507499.2709827074	3881221.918810812	80
507499.3531360391	3881221.7968910737	80
507499.3531360391	3881221.7968910737	80
507499.43529851246	3881221.663881575	80
507499.43529851246	3881221.663881575	80
507499.5174518509	3881221.541961836	80
507499.5174518509	3881221.541961836	80
507499.5904882107	3881221.420034586	80
507499.5904882107	3881221.420034586	80
507499.67265069095	3881221.28702509	80
507499.75480403367	3881221.1651053526	80
507499.75480403367	3881221.1651053526	80
507499.8278495374	3881221.0320883454	80
507499.75480403367	3881221.1651053526	80
507499.8278495374	3881221.0320883454	80
507499.9100028868	3881220.9101686105	80
507499.9100028868	3881220.9101686105	80
507499.9921562384	3881220.788248877	80
507499.9921562384	3881220.788248877	80
507500.07430959225	3881220.666329143	80
507500.07430959225	3881220.666329143	80
507500.14734596416	3881220.5444018976	80
507500.14734596416	3881220.5444018976	80
507500.2295084605	3881220.411392407	80
507500.2295084605	3881220.411392407	80
507500.3116618185	3881220.289472675	80
507500.384698199	3881220.1675454304	80
507500.3116618185	3881220.289472675	80
507500.384698199	3881220.1675454304	80
507500.4577437176	3881220.03452843	80
507500.4577437176	3881220.03452843	80
507500.53989708447	3881219.912608701	80
507500.53989708447	3881219.912608701	80
507500.6220504535	3881219.790688973	80
507500.6220504535	3881219.790688973	80
507500.7042038248	3881219.668769244	80
507500.7042038248	3881219.668769244	80
507500.7863571981	3881219.5468495167	80
507500.7863571981	3881219.5468495167	80
507500.8593935909	3881219.4249222768	80
507500.8593935909	3881219.4249222768	80
507500.9415561077	3881219.2919127927	80
507500.9415561077	3881219.2919127927	80
507501.0146016415	3881219.158895796	80
507501.0146016415	3881219.158895796	80
507501.0876380404	3881219.03696856	80
507501.0876380404	3881219.03696856	80
507501.16980056406	3881218.903959077	80
507501.16980056406	3881218.903959077	80
507501.2428369648	3881218.78203184	80
507501.2428369648	3881218.78203184	80
507501.32499035343	3881218.660112119	80
507501.32499035343	3881218.660112119	80
507501.39802676055	3881218.538184882	80
507501.4801801535	3881218.416265161	80
507501.39802676055	3881218.538184882	80
507501.4801801535	3881218.416265161	80
507501.5532257044	3881218.283248169	80
507501.5532257044	3881218.283248169	80
507501.626262113	3881218.161320936	80
507501.626262113	3881218.161320936	80
507501.6993076704	3881218.028303946	80
507501.6993076704	3881218.028303946	80
507501.77235322766	3881217.8952869545	80
507501.8453987824	3881217.762269965	80
507501.77235322766	3881217.8952869545	80
507501.90933650185	3881217.618155704	80
507501.8453987824	3881217.762269965	80
507501.90933650185	3881217.618155704	80
507501.9823820631	3881217.485138714	80
507501.9823820631	3881217.485138714	80
507502.046310644	3881217.3521142113	80
507502.046310644	3881217.3521142113	80
507502.11935620935	3881217.219097224	80
507502.11935620935	3881217.219097224	80
507502.2015187644	3881217.086087751	80
507502.2015187644	3881217.086087751	80
507502.2745643366	3881216.953070765	80
507502.2745643366	3881216.953070765	80
507502.3476099109	3881216.820053779	80
507502.3476099109	3881216.820053779	80
507502.42065548495	3881216.687036794	80
507502.42065548495	3881216.687036794	80
507502.5028180492	3881216.554027325	80
507502.5028180492	3881216.554027325	80
507502.5849806136	3881216.421017856	80
507502.5849806136	3881216.421017856	80
507502.65802619664	3881216.288000872	80
507502.65802619664	3881216.288000872	80
507502.740188768	3881216.154991405	80
507502.8223513417	3881216.021981937	80
507502.740188768	3881216.154991405	80
507502.8223513417	3881216.021981937	80
507502.8953969291	3881215.888964957	80
507502.8953969291	3881215.888964957	80
507502.977550366	3881215.76704525	80
507502.977550366	3881215.76704525	80
507503.05059596006	3881215.634028269	80
507503.05059596006	3881215.634028269	80
507503.132758543	3881215.501018805	80
507503.132758543	3881215.501018805	80
507503.2058041392	3881215.3680018266	80
507503.2058041392	3881215.3680018266	80
507503.2879575849	3881215.246082124	80
507503.2879575849	3881215.246082124	80
507503.3610031876	3881215.1130651454	80
507503.3610031876	3881215.1130651454	80
507503.4340487925	3881214.980048169	80
507503.4340487925	3881214.980048169	80
507503.51620224246	3881214.858128469	80
507503.51620224246	3881214.858128469	80
507503.5892478517	3881214.725111493	80
507503.5892478517	3881214.725111493	80
507503.6714104507	3881214.5921020326	80
507503.6714104507	3881214.5921020326	80
507503.7535639097	3881214.470182335	80
507503.7535639097	3881214.470182335	80
507503.8357173685	3881214.348262636	80
507503.8357173685	3881214.348262636	80
507503.9178799745	3881214.215253179	80
507503.9178799745	3881214.215253179	80
507504.0000334402	3881214.093333481	80
507504.0000334402	3881214.093333481	80
507504.0821960486	3881213.960324026	80
507504.0821960486	3881213.960324026	80
507504.1643495188	3881213.838404331	80
507504.1643495188	3881213.838404331	80
507504.2465121342	3881213.705394877	80
507504.2465121342	3881213.705394877	80
507504.31954862014	3881213.583467667	80
507504.31954862014	3881213.583467667	80
507504.4017112401	3881213.450458215	80
507504.4017112401	3881213.450458215	80
507504.4838647192	3881213.328538522	80
507504.4838647192	3881213.328538522	80
507504.5660273392	3881213.195529072	80
507504.5660273392	3881213.195529072	80
507504.6481991099	3881213.051429863	80
507504.6481991099	3881213.051429863	80
507504.73036173946	3881212.9184204135	80
507504.73036173946	3881212.9184204135	80
507504.8125243715	3881212.7854109663	80
507504.8946870059	3881212.652401519	80
507504.8125243715	3881212.7854109663	80
507504.8946870059	3881212.652401519	80
507504.9768496427	3881212.5193920713	80
507504.9768496427	3881212.5193920713	80
507505.0590122819	3881212.386382626	80
507505.0590122819	3881212.386382626	80
507505.1320579311	3881212.2533656633	80
507505.1320579311	3881212.2533656633	80
507505.214220575	3881212.120356219	80
507505.214220575	3881212.120356219	80
507505.2963832189	3881211.987346775	80
507505.2963832189	3881211.987346775	80
507505.37855501205	3881211.8432475743	80
507505.37855501205	3881211.8432475743	80
507505.4516006726	3881211.710230615	80
507505.4516006726	3881211.710230615	80
507505.5337541814	3881211.588310931	80
507505.5337541814	3881211.588310931	80
507505.6159259796	3881211.444211732	80
507505.6159259796	3881211.444211732	80
507505.6980886378	3881211.311202292	80
507505.6980886378	3881211.311202292	80
507505.77113430726	3881211.178185335	80
507505.77113430726	3881211.178185335	80
507505.8532969701	3881211.045175896	80
507505.8532969701	3881211.045175896	80
507505.926342644	3881210.91215894	80
507505.926342644	3881210.91215894	80
507506.0085144545	3881210.7680597454	80
507506.0085144545	3881210.7680597454	80
507506.0815601329	3881210.63504279	80
507506.0815601329	3881210.63504279	80
507506.1546058134	3881210.502025836	80
507506.1546058134	3881210.502025836	80
507506.236768488	3881210.369016402	80
507506.236768488	3881210.369016402	80
507506.318931165	3881210.2360069673	80
507506.318931165	3881210.2360069673	80
507506.39196770417	3881210.114079773	80
507506.39196770417	3881210.114079773	80
507506.4741303834	3881209.9810703406	80
507506.55629306735	3881209.848060908	80
507506.4741303834	3881209.9810703406	80
507506.6293296152	3881209.726133717	80
507506.55629306735	3881209.848060908	80
507506.6293296152	3881209.726133717	80
507506.7023753086	3881209.5931167672	80
507506.7023753086	3881209.5931167672	80
507506.7845379994	3881209.460107337	80
507506.7845379994	3881209.460107337	80
507506.85757455335	3881209.338180149	80
507506.85757455335	3881209.338180149	80
507506.9306202556	3881209.2051632	80
507507.0127829509	3881209.072153772	80
507507.0127829509	3881209.072153772	80
507507.0127829509	3881209.072153772	80
507507.08581951103	3881208.950226584	80
507507.08581951103	3881208.950226584	80
507507.1679822132	3881208.8172171577	80
507507.1679822132	3881208.8172171577	80
507507.2410279242	3881208.684200213	80
507507.2410279242	3881208.684200213	80
507507.3140644881	3881208.562273027	80
507507.3140644881	3881208.562273027	80
507507.3962180502	3881208.440353361	80
507507.4874977556	3881208.3073514574	80
507507.4874977556	3881208.3073514574	80
507507.4874977556	3881208.3073514574	80
507507.57876831415	3881208.185439314	80
507507.660912736	3881208.07460941	80
507507.660912736	3881208.07460941	80
507507.660912736	3881208.07460941	80
507507.7521833015	3881207.9526972654	80
507507.8343277276	3881207.841867364	80
507507.7521833015	3881207.9526972654	80
507507.8343277276	3881207.841867364	80
507507.9255982977	3881207.719955224	80
507507.9255982977	3881207.719955224	80
507508.007742728	3881207.609125322	80
507508.007742728	3881207.609125322	80
507508.0990133005	3881207.487213183	80
507508.1902747299	3881207.376390802	80
507508.0990133005	3881207.487213183	80
507508.1902747299	3881207.376390802	80
507508.2815361616	3881207.265568425	80
507508.2815361616	3881207.265568425	80
507508.3727975978	3881207.154746048	80
507508.3727975978	3881207.154746048	80
507508.4640590315	3881207.043923671	80
507508.4640590315	3881207.043923671	80
507508.5553204698	3881206.933101295	80
507508.63747406326	3881206.81118164	80
507508.63747406326	3881206.81118164	80
507508.63747406326	3881206.81118164	80
507508.7196276589	3881206.689261987	80
507508.7196276589	3881206.689261987	80
507508.79265511007	3881206.578424573	80
507508.79265511007	3881206.578424573	80
507508.9478453159	3881206.334577746	80
507508.9478453159	3881206.334577746	80
507509.01176492544	3881206.212643054	80
507509.01176492544	3881206.212643054	80
507509.07568453904	3881206.090708361	80
507509.07568453904	3881206.090708361	80
507509.139604152	3881205.968773668	80
507509.139604152	3881205.968773668	80
507509.20353291807	3881205.835749218	80
507509.20353291807	3881205.835749218	80
507509.2765695312	3881205.713822049	80
507509.2765695312	3881205.713822049	80
507509.3404891518	3881205.591887357	80
507509.3404891518	3881205.591887357	80
507509.4044179211	3881205.458862908	80
507509.4044179211	3881205.458862908	80
507509.4774728434	3881205.314756225	80
507509.4774728434	3881205.314756225	80
507509.5413924672	3881205.1928215344	80
507509.5413924672	3881205.1928215344	80
507509.6144473915	3881205.048714852	80
507509.6144473915	3881205.048714852	80
507509.6783761687	3881204.915690405	80
507509.7514219475	3881204.78267348	80
507509.6783761687	3881204.915690405	80
507509.8153507309	3881204.649649034	80
507509.8153507309	3881204.649649034	80
507509.8792795137	3881204.516624589	80
507509.8792795137	3881204.516624589	80
507510.01624493545	3881204.2616729806	80
507510.01624493545	3881204.2616729806	80
507510.0801645761	3881204.139738295	80
507510.0801645761	3881204.139738295	80
507510.14409336646	3881204.0067138514	80
507510.14409336646	3881204.0067138514	80
507510.14409336646	3881204.0067138514	80
507510.2171300091	3881203.8847866897	80
507510.2810496551	3881203.762852006	80
507510.2810496551	3881203.762852006	80
507510.2810496551	3881203.762852006	80
507510.34497845336	3881203.6298275646	80
507510.34497845336	3881203.6298275646	80
507510.41801509936	3881203.5079004033	80
507510.4910517497	3881203.385973244	80
507510.41801509936	3881203.5079004033	80
507510.4910517497	3881203.385973244	80
507510.564088402	3881203.2640460846	80
507510.6280080546	3881203.1421114025	80
507510.564088402	3881203.2640460846	80
507510.70103555976	3881203.031274003	80
507510.70103555976	3881203.031274003	80
507510.7740813687	3881202.898257087	80
507510.70103555976	3881203.031274003	80
507510.7740813687	3881202.898257087	80
507510.8380010268	3881202.776322408	80
507510.8380010268	3881202.776322408	80
507510.9019115354	3881202.6654774873	80
507510.9019115354	3881202.6654774873	80
507510.9658311992	3881202.543542808	80
507510.9658311992	3881202.543542808	80
507511.10277837806	3881202.3107707337	80
507511.10277837806	3881202.3107707337	80
507511.1666980447	3881202.1888360553	80
507511.1666980447	3881202.1888360553	80
507511.2306085661	3881202.077991138	80
507511.2306085661	3881202.077991138	80
507511.2854112356	3881201.956048936	80
