166021.4431793313	0.0	120
507406.3991135555	3881191.8893600875	120
507406.3991135555	3881191.8893600875	120
507406.3991135555	3881191.8893600875	120
507406.3991135555	3881191.8893600875	120
507406.3991135555	3881191.8893600875	120
507406.3991135555	3881191.8893600875	120
507406.3991045203	3881191.9004498473	120
507406.3991045203	3881191.9004498473	120
507406.3991045203	3881191.9004498473	120
507406.3991045203	3881191.9004498473	120
507406.40822152654	3881191.900457275	120
507406.40822152654	3881191.900457275	120
507406.4082124913	3881191.911547033	120
507406.41732046	3881191.9226442203	120
507406.41732046	3881191.9226442203	120
507406.44466244587	3881191.9337562625	120
507406.44466244587	3881191.9337562625	120
507406.44466244587	3881191.9337562625	120
507406.47199539404	3881191.9559580614	120
507406.51756235445	3881191.9781747176	120
507406.51756235445	3881191.9781747176	120
507406.51756235445	3881191.9781747176	120
507406.57223728776	3881192.0114885606	120
507406.6451462307	3881192.0448172614	120
507406.6451462307	3881192.0448172614	120
507406.6451462307	3881192.0448172614	120
507406.70893816923	3881192.0781385326	120
507406.70893816923	3881192.0781385326	120
507406.77272107167	3881192.1225495646	120
507406.77272107167	3881192.1225495646	120
507406.8547289474	3881192.1780652115	120
507406.8547289474	3881192.1780652115	120
507406.9458628663	3881192.2224985287	120
507406.9458628663	3881192.2224985287	120
507407.0369967843	3881192.2669318463	120
507407.12812166533	3881192.322454924	120
507407.0369967843	3881192.2669318463	120
507407.22837258736	3881192.366895673	120
507407.22837258736	3881192.366895673	120
507407.22837258736	3881192.366895673	120
507407.33773147775	3881192.4224336096	120
507407.33773147775	3881192.4224336096	120
507407.5290982376	3881192.5334872003	120
507407.5290982376	3881192.5334872003	120
507407.68401504174	3881192.6223315615	120
507407.68401504174	3881192.6223315615	120
507407.82982387446	3881192.70007874	120
507407.82982387446	3881192.70007874	120
507407.9665157015	3881192.7778184875	120
507407.9665157015	3881192.7778184875	120
507408.10320752393	3881192.8555582394	120
507408.10320752393	3881192.8555582394	120
507408.2307913786	3881192.922200804	120
507408.2307913786	3881192.922200804	120
507408.358375229	3881192.9888433726	120
507408.358375229	3881192.9888433726	120
507408.4859590753	3881193.055485942	120
507408.4859590753	3881193.055485942	120
507408.613533884	3881193.1332182717	120
507408.613533884	3881193.1332182717	120
507408.73200072604	3881193.1998534137	120
507408.73200072604	3881193.1998534137	120
507408.8595845689	3881193.2664959887	120
507408.8595845689	3881193.2664959887	120
507408.9780514074	3881193.333131135	120
507408.9780514074	3881193.333131135	120
507409.10563524655	3881193.3997737113	120
507409.10563524655	3881193.3997737113	120
507409.2149850721	3881193.4664014303	120
507409.2149850721	3881193.4664014303	120
507409.33345190535	3881193.5330365803	120
507409.4519187346	3881193.5996717317	120
507409.33345190535	3881193.5330365803	120
507409.4519187346	3881193.5996717317	120
507409.57950256654	3881193.6663143155	120
507409.70708639437	3881193.732956902	120
507409.70708639437	3881193.732956902	120
507409.70708639437	3881193.732956902	120
507409.8255532206	3881193.7995920586	120
507409.9440200427	3881193.8662272175	120
507409.9440200427	3881193.8662272175	120
507409.9440200427	3881193.8662272175	120
507410.0533698588	3881193.932854946	120
507410.0533698588	3881193.932854946	120
507410.17183667753	3881193.9994901065	120
507410.17183667753	3881193.9994901065	120
507410.2811955327	3881194.0550280786	120
507410.2811955327	3881194.0550280786	120
507410.3996623459	3881194.121663244	120
507410.3996623459	3881194.121663244	120
507410.5090121579	3881194.188290977	120
507410.5090121579	3881194.188290977	120
507410.6274880104	3881194.2438363866	120
507410.6274880104	3881194.2438363866	120
507410.74595481856	3881194.3104715548	120
507410.74595481856	3881194.3104715548	120
507410.85531366646	3881194.366009535	120
507410.85531366646	3881194.366009535	120
507410.9737804737	3881194.4326447067	120
507411.0831302755	3881194.4992724475	120
507410.9737804737	3881194.4326447067	120
507411.2015970793	3881194.5659076218	120
507411.0831302755	3881194.4992724475	120
507411.2015970793	3881194.5659076218	120
507411.4294136782	3881194.699170543	120
507411.5387544296	3881194.7768880483	120
507411.5387544296	3881194.7768880483	120
507411.65722122876	3881194.8435232285	120
507411.65722122876	3881194.8435232285	120
507411.7665710206	3881194.910150977	120
507411.65722122876	3881194.8435232285	120
507411.7665710206	3881194.910150977	120
507411.87592081085	3881194.976778727	120
507411.87592081085	3881194.976778727	120
507411.9852615574	3881195.054496238	120
507411.9852615574	3881195.054496238	120
507412.1037283474	3881195.121131424	120
507412.2130781326	3881195.187759178	120
507412.1037283474	3881195.121131424	120
507412.2130781326	3881195.187759178	120
507412.3224279162	3881195.2543869345	120
507412.3224279162	3881195.2543869345	120
507412.43176865566	3881195.33210445	120
507412.43176865566	3881195.33210445	120
507412.5502354411	3881195.398739641	120
507412.65958521736	3881195.4653674015	120
507412.65958521736	3881195.4653674015	120
507412.65958521736	3881195.4653674015	120
507412.76893499674	3881195.531995163	120
507412.76893499674	3881195.531995163	120
507412.88740177243	3881195.5986303594	120
507412.88740177243	3881195.5986303594	120
507412.99675154855	3881195.6652581235	120
507412.99675154855	3881195.6652581235	120
507413.21545109124	3881195.7985136556	120
507413.21545109124	3881195.7985136556	120
507413.3339178625	3881195.8651488577	120
507413.46150163433	3881195.931791498	120
507413.46150163433	3881195.931791498	120
507413.46150163433	3881195.931791498	120
507413.5799684021	3881195.998426703	120
507413.5799684021	3881195.998426703	120
507413.689318166	3881196.0650544753	120
507413.807784928	3881196.131689684	120
507413.689318166	3881196.0650544753	120
507413.807784928	3881196.131689684	120
507413.917134691	3881196.1983174593	120
507414.0356104965	3881196.253862913	120
507414.0356104965	3881196.253862913	120
507414.0356104965	3881196.253862913	120
507414.15407725587	3881196.320498127	120
507414.15407725587	3881196.320498127	120
507414.26342701167	3881196.3871259056	120
507414.38189376995	3881196.453761123	120
507414.26342701167	3881196.3871259056	120
507414.50947752583	3881196.5204037763	120
507414.50947752583	3881196.5204037763	120
507414.50947752583	3881196.5204037763	120
507414.62795332127	3881196.575949238	120
507414.62795332127	3881196.575949238	120
507414.74642007437	3881196.642584459	120
507414.74642007437	3881196.642584459	120
507414.8648958691	3881196.6981299245	120
507414.8648958691	3881196.6981299245	120
507415.1018293624	3881196.8314003744	120
507415.1018293624	3881196.8314003744	120
507415.22941310774	3881196.898043039	120
507415.22941310774	3881196.898043039	120
507415.3478798523	3881196.9646782684	120
507415.3478798523	3881196.9646782684	120
507415.46634659043	3881197.031313498	120
507415.46634659043	3881197.031313498	120
507415.59393033036	3881197.0979561685	120
507415.59393033036	3881197.0979561685	120
507415.712388023	3881197.1756811603	120
507415.8308547581	3881197.242316395	120
507415.712388023	3881197.1756811603	120
507415.94932149147	3881197.308951633	120
507415.94932149147	3881197.308951633	120
507415.94932149147	3881197.308951633	120
507416.07689617685	3881197.3866840666	120
507416.07689617685	3881197.3866840666	120
507416.1953629065	3881197.4533193083	120
507416.1953629065	3881197.4533193083	120
507416.31382058706	3881197.5310443076	120
507416.43228731543	3881197.5976795503	120
507416.43228731543	3881197.5976795503	120
507416.43228731543	3881197.5976795503	120
507416.55986199266	3881197.6754119922	120
507416.55986199266	3881197.6754119922	120
507416.6874457132	3881197.742054678	120
507416.6874457132	3881197.742054678	120
507416.8059033881	3881197.8197796834	120
507416.8059033881	3881197.8197796834	120
507416.92437010683	3881197.8864149335	120
507416.92437010683	3881197.8864149335	120
507417.0428368238	3881197.9530501845	120
507417.0428368238	3881197.9530501845	120
507417.1704114931	3881198.0307826344	120
507417.1704114931	3881198.0307826344	120
507417.28887820407	3881198.097417889	120
507417.28887820407	3881198.097417889	120
507417.41646191565	3881198.1640605843	120
507417.41646191565	3881198.1640605843	120
507417.5349286277	3881198.2306958423	120
507417.5349286277	3881198.2306958423	120
507417.66251233564	3881198.297338541	120
507417.66251233564	3881198.297338541	120
507417.7900960417	3881198.3639812414	120
507417.7900960417	3881198.3639812414	120
507417.9085627438	3881198.4306165036	120
507418.02702039934	3881198.5083415266	120
507417.9085627438	3881198.4306165036	120
507418.02702039934	3881198.5083415266	120
507418.1454871002	3881198.5749767926	120
507418.1454871002	3881198.5749767926	120
507418.2639447518	3881198.652701819	120
507418.38241144666	3881198.719337088	120
507418.2639447518	3881198.652701819	120
507418.5008781421	3881198.7859723573	120
507418.38241144666	3881198.719337088	120
507418.5008781421	3881198.7859723573	120
507418.61934483814	3881198.85260763	120
507418.61934483814	3881198.85260763	120
507418.7378115278	3881198.919242903	120
507418.7378115278	3881198.919242903	120
507418.8562691699	3881198.9969679373	120
507418.8562691699	3881198.9969679373	120
507418.98385285743	3881199.0636106543	120
507418.98385285743	3881199.0636106543	120
507419.1023104932	3881199.141335691	120
507419.1023104932	3881199.141335691	120
507419.2207771802	3881199.207970971	120
507419.3392348098	3881199.285696012	120
507419.3392348098	3881199.285696012	120
507419.3392348098	3881199.285696012	120
507419.45769243967	3881199.363421053	120
507419.45769243967	3881199.363421053	120
507419.5761591212	3881199.4300563373	120
507419.5761591212	3881199.4300563373	120
507419.6946167448	3881199.5077813813	120
507419.8130743711	3881199.5855064266	120
507419.6946167448	3881199.5077813813	120
507419.93153199303	3881199.6632314753	120
507419.8130743711	3881199.5855064266	120
507420.05910661136	3881199.7409639657	120
507419.93153199303	3881199.6632314753	120
507420.17755517707	3881199.829778775	120
507420.05910661136	3881199.7409639657	120
507420.17755517707	3881199.829778775	120
507420.2960127927	3881199.9075038275	120
507420.2960127927	3881199.9075038275	120
507420.4144704063	3881199.9852288803	120
507420.4144704063	3881199.9852288803	120
507420.5329280202	3881200.062953937	120
507420.5329280202	3881200.062953937	120
507420.66050262784	3881200.1406864356	120
507420.7789692858	3881200.207321736	120
507420.7789692858	3881200.207321736	120
507420.7789692858	3881200.207321736	120
507420.89742689364	3881200.285046797	120
507420.89742689364	3881200.285046797	120
507421.025001495	3881200.362779302	120
507421.025001495	3881200.362779302	120
507421.15258514753	3881200.42942205	120
507421.15258514753	3881200.42942205	120
507421.27104274934	3881200.507147114	120
507421.27104274934	3881200.507147114	120
507421.3986263957	3881200.5737898657	120
507421.3986263957	3881200.5737898657	120
507421.5170930449	3881200.6404251745	120
507421.5170930449	3881200.6404251745	120
507421.64466763835	3881200.7181576886	120
507421.7631342839	3881200.784793002	120
507421.7631342839	3881200.784793002	120
507421.7631342839	3881200.784793002	120
507421.89071792504	3881200.8514357605	120
507421.89071792504	3881200.8514357605	120
507422.01829251	3881200.9291682784	120
507422.01829251	3881200.9291682784	120
507422.14586709515	3881201.0069007995	120
507422.14586709515	3881201.0069007995	120
507422.27345073037	3881201.0735435626	120
507422.27345073037	3881201.0735435626	120
507422.40102530667	3881201.1512760865	120
507422.40102530667	3881201.1512760865	120
507422.528608938	3881201.217918854	120
507422.6561835147	3881201.295651382	120
507422.528608938	3881201.217918854	120
507422.6561835147	3881201.295651382	120
507422.792884139	3881201.362301597	120
507422.792884139	3881201.362301597	120
507422.9204587091	3881201.4400341297	120
507423.04803327704	3881201.5177666615	120
507422.9204587091	3881201.4400341297	120
507423.1847338951	3881201.584416883	120
507423.1847338951	3881201.584416883	120
507423.3123084611	3881201.662149418	120
507423.3123084611	3881201.662149418	120
507423.3123084611	3881201.662149418	120
507423.43989207863	3881201.7287921994	120
507423.43989207863	3881201.7287921994	120
507423.56746663805	3881201.80652474	120
507423.56746663805	3881201.80652474	120
507423.695050254	3881201.8731675227	120
507423.695050254	3881201.8731675227	120
507423.82263386576	3881201.93981031	120
507423.82263386576	3881201.93981031	120
507423.9593254152	3881202.017550301	120
507423.9593254152	3881202.017550301	120
507424.086909023	3881202.0841930904	120
507424.086909023	3881202.0841930904	120
507424.2053665782	3881202.1619181945	120
507424.2053665782	3881202.1619181945	120
507424.33295018214	3881202.228560987	120
507424.33295018214	3881202.228560987	120
507424.46052472695	3881202.3062935383	120
507424.46052472695	3881202.3062935383	120
507424.58810832707	3881202.3729363363	120
507424.58810832707	3881202.3729363363	120
507424.7156919276	3881202.439579134	120
507424.7156919276	3881202.439579134	120
507424.8523834619	3881202.5173191396	120
507424.8523834619	3881202.5173191396	120
507424.97996705613	3881202.5839619422	120
507424.97996705613	3881202.5839619422	120
507425.11665858596	3881202.661701951	120
507425.11665858596	3881202.661701951	120
507425.2442421763	3881202.728344757	120
507425.37181670865	3881202.806077322	120
507425.37181670865	3881202.806077322	120
507425.37181670865	3881202.806077322	120
507425.49939123413	3881202.883809889	120
507425.49939123413	3881202.883809889	120
507425.62697481853	3881202.9504527	120
507425.74543234933	3881203.028177824	120
507425.74543234933	3881203.028177824	120
507425.74543234933	3881203.028177824	120
507425.882132925	3881203.0948280864	120
507425.882132925	3881203.0948280864	120
507426.0097165036	3881203.1614709035	120
507426.0097165036	3881203.1614709035	120
507426.137291021	3881203.23920348	120
507426.26487459574	3881203.3058463	120
507426.26487459574	3881203.3058463	120
507426.26487459574	3881203.3058463	120
507426.39244911127	3881203.38357888	120
507426.52003268217	3881203.4502217034	120
507426.39244911127	3881203.38357888	120
507426.52003268217	3881203.4502217034	120
507426.6476071911	3881203.527954289	120
507426.77519076044	3881203.5945971147	120
507426.77519076044	3881203.5945971147	120
507426.9027743255	3881203.661239945	120
507426.9027743255	3881203.661239945	120
507427.0303397678	3881203.750062292	120
507427.0303397678	3881203.750062292	120
507427.15792332654	3881203.816705125	120
507427.15792332654	3881203.816705125	120
507427.28549782495	3881203.8944377173	120
507427.28549782495	3881203.8944377173	120
507427.41307232354	3881203.972170312	120
507427.41307232354	3881203.972170312	120
507427.5406468176	3881204.0499029085	120
507427.5406468176	3881204.0499029085	120
507427.6682303707	3881204.1165457475	120
507427.6682303707	3881204.1165457475	120
507427.7958139242	3881204.18318859	120
507427.7958139242	3881204.18318859	120
507427.92338841205	3881204.2609211924	120
507427.92338841205	3881204.2609211924	120
507428.0509719594	3881204.327564038	120
507428.0509719594	3881204.327564038	120
507428.1876724987	3881204.3942143335	120
507428.1876724987	3881204.3942143335	120
507428.324373036	3881204.4608646333	120
507428.324373036	3881204.4608646333	120
507428.324373036	3881204.4608646333	120
507428.45194751775	3881204.5385972434	120
507428.57953105733	3881204.6052400954	120
507428.57953105733	3881204.6052400954	120
507428.57953105733	3881204.6052400954	120
507428.71623158857	3881204.671890401	120
507428.84381512436	3881204.7385332566	120
507428.71623158857	3881204.671890401	120
507428.84381512436	3881204.7385332566	120
507428.9713895954	3881204.8162658745	120
507428.9713895954	3881204.8162658745	120
507429.108090123	3881204.882916185	120
507429.108090123	3881204.882916185	120
507429.244781583	3881204.960656257	120
507429.244781583	3881204.960656257	120
507429.3723651109	3881205.027299121	120
507429.3723651109	3881205.027299121	120
507429.4999486369	3881205.0939419866	120
507429.4999486369	3881205.0939419866	120
507429.6275230997	3881205.1716746124	120
507429.6275230997	3881205.1716746124	120
507429.764214551	3881205.249414691	120
507429.764214551	3881205.249414691	120
507429.89179807104	3881205.316057563	120
507430.028498582	3881205.382707887	120
507429.89179807104	3881205.316057563	120
507430.028498582	3881205.382707887	120
507430.1651900267	3881205.460447972	120
507430.30188147136	3881205.53818806	120
507430.30188147136	3881205.53818806	120
507430.30188147136	3881205.53818806	120
507430.4294559188	3881205.6159206973	120
507430.4294559188	3881205.6159206973	120
507430.5661473589	3881205.693660789	120
507430.69372180186	3881205.771393429	120
507430.5661473589	3881205.693660789	120
507430.69372180186	3881205.771393429	120
507430.83041323506	3881205.8491335246	120
507430.9579876736	3881205.92686617	120
507430.9579876736	3881205.92686617	120
507430.9579876736	3881205.92686617	120
507431.0855711777	3881205.9935090574	120
507431.2222626042	3881206.071249159	120
507431.2222626042	3881206.071249159	120
507431.349846102	3881206.1378920507	120
507431.2222626042	3881206.071249159	120
507431.349846102	3881206.1378920507	120
507431.4865375241	3881206.215632156	120
507431.4865375241	3881206.215632156	120
507431.614121018	3881206.282275052	120
507431.614121018	3881206.282275052	120
507431.7416954461	3881206.3600077084	120
507431.7416954461	3881206.3600077084	120
507431.86927893374	3881206.4266506066	120
507431.86927893374	3881206.4266506066	120
507431.9968533553	3881206.5043832664	120
507431.9968533553	3881206.5043832664	120
507432.12442777475	3881206.5821159277	120
507432.12442777475	3881206.5821159277	120
507432.26111918583	3881206.659856044	120
507432.26111918583	3881206.659856044	120
507432.3978196616	3881206.7265064046	120
507432.52539407444	3881206.8042390724	120
507432.3978196616	3881206.7265064046	120
507432.52539407444	3881206.8042390724	120
507432.6529684828	3881206.88197174	120
507432.78965988493	3881206.959711866	120
507432.78965988493	3881206.959711866	120
507432.78965988493	3881206.959711866	120
507432.9172342935	3881207.0374445384	120
507433.04481776303	3881207.1040874543	120
507432.9172342935	3881207.0374445384	120
507433.18150915846	3881207.181827585	120
507433.04481776303	3881207.1040874543	120
507433.31819148106	3881207.270657476	120
507433.31819148106	3881207.270657476	120
507433.31819148106	3881207.270657476	120
507433.45488286926	3881207.3483976107	120
507433.58245726675	3881207.4261302925	120
507433.58245726675	3881207.4261302925	120
507433.58245726675	3881207.4261302925	120
507433.7100316597	3881207.503862978	120
507433.7100316597	3881207.503862978	120
507433.8467139723	3881207.592692876	120
507433.8467139723	3881207.592692876	120
507433.9742883606	3881207.6704255627	120
507434.1018627468	3881207.7481582533	120
507434.1018627468	3881207.7481582533	120
507434.1018627468	3881207.7481582533	120
507434.2385541235	3881207.825898399	120
507434.3752454955	3881207.903638549	120
507434.3752454955	3881207.903638549	120
507434.3752454955	3881207.903638549	120
507434.5119368652	3881207.9813787006	120
507434.6486282326	3881208.0591188534	120
507434.5119368652	3881207.9813787006	120
507434.6486282326	3881208.0591188534	120
507434.78531959763	3881208.1368590086	120
507434.78531959763	3881208.1368590086	120
507434.9128939703	3881208.2145917085	120
507434.9128939703	3881208.2145917085	120
507435.058702323	3881208.292339325	120
507435.058702323	3881208.292339325	120
507435.1953936834	3881208.3700794866	120
507435.3320941096	3881208.436729891	120
507435.3320941096	3881208.436729891	120
507435.4687854632	3881208.5144700576	120
507435.4687854632	3881208.5144700576	120
507435.4687854632	3881208.5144700576	120
507435.614593804	3881208.592217682	120
507435.74216816324	3881208.669950393	120
507435.614593804	3881208.592217682	120
507435.87886858097	3881208.736600807	120
507435.87886858097	3881208.736600807	120
507435.87886858097	3881208.736600807	120
507436.0155599277	3881208.8143409807	120
507436.0155599277	3881208.8143409807	120
507436.14313428034	3881208.8920736993	120
507436.14313428034	3881208.8920736993	120
507436.27982562245	3881208.969813877	120
507436.4073999707	3881209.047546598	120
507436.27982562245	3881208.969813877	120
507436.54409130587	3881209.1252867803	120
507436.54409130587	3881209.1252867803	120
507436.68079171097	3881209.191937207	120
507436.54409130587	3881209.1252867803	120
507436.68079171097	3881209.191937207	120
507436.808366055	3881209.269669933	120
507436.9450573834	3881209.3474101205	120
507436.9450573834	3881209.3474101205	120
507436.9450573834	3881209.3474101205	120
507437.0726317207	3881209.425142852	120
507437.0726317207	3881209.425142852	120
507437.2093321174	3881209.491793286	120
507437.2093321174	3881209.491793286	120
507437.346023439	3881209.5695334794	120
507437.47360684304	3881209.6361764576	120
507437.346023439	3881209.5695334794	120
507437.47360684304	3881209.6361764576	120
507437.61941514874	3881209.713924114	120
507437.61941514874	3881209.713924114	120
507437.7561155394	3881209.780574556	120
507437.7561155394	3881209.780574556	120
507437.89280685433	3881209.858314758	120
507437.89280685433	3881209.858314758	120
507438.02038117405	3881209.936047504	120
507438.14795549394	3881210.0137802493	120
507438.14795549394	3881210.0137802493	120
507438.2755298116	3881210.091512998	120
507438.2755298116	3881210.091512998	120
507438.2755298116	3881210.091512998	120
507438.4031041294	3881210.169245748	120
507438.4031041294	3881210.169245748	120
507438.53980450524	3881210.235896202	120
507438.53980450524	3881210.235896202	120
507438.6673697418	3881210.324718713	120
507438.79494405066	3881210.4024514696	120
507438.6673697418	3881210.324718713	120
507438.92252743465	3881210.4690944673	120
507438.79494405066	3881210.4024514696	120
507438.92252743465	3881210.4690944673	120
507439.04098475166	3881210.5468197656	120
507439.04098475166	3881210.5468197656	120
507439.1594420667	3881210.624545066	120
507439.1594420667	3881210.624545066	120
507439.28701636946	3881210.7022778285	120
507439.28701636946	3881210.7022778285	120
507439.405473678	3881210.7800031314	120
507439.5330570499	3881210.846646139	120
507439.5330570499	3881210.846646139	120
507439.6606313464	3881210.924378906	120
507439.6606313464	3881210.924378906	120
507439.7882056384	3881211.002111676	120
507439.7882056384	3881211.002111676	120
507439.7882056384	3881211.002111676	120
507439.9157799282	3881211.0798444482	120
507439.9157799282	3881211.0798444482	120
507440.0342372288	3881211.15756976	120
507440.0342372288	3881211.15756976	120
507440.1618115166	3881211.2353025344	120
507440.2893948743	3881211.301945551	120
507440.2893948743	3881211.301945551	120
507440.2893948743	3881211.301945551	120
507440.41696915566	3881211.37967833	120
507440.41696915566	3881211.37967833	120
507440.53543552733	3881211.4463138897	120
507440.53543552733	3881211.4463138897	120
507440.6721267912	3881211.524054134	120
507440.6721267912	3881211.524054134	120
507440.7997010661	3881211.601786918	120
507440.93639232544	3881211.679527166	120
507440.93639232544	3881211.679527166	120
507440.93639232544	3881211.679527166	120
507441.0639756735	3881211.746170194	120
507441.0639756735	3881211.746170194	120
507441.19154994434	3881211.823902984	120
507441.19154994434	3881211.823902984	120
507441.3191242106	3881211.901635775	120
507441.44669847476	3881211.9793685684	120
507441.3191242106	3881211.901635775	120
507441.5742727367	3881212.0571013642	120
507441.5742727367	3881212.0571013642	120
507441.70184699877	3881212.1348341596	120
507441.70184699877	3881212.1348341596	120
507441.83853824233	3881212.2125744205	120
507441.83853824233	3881212.2125744205	120
507441.83853824233	3881212.2125744205	120
507441.96611249767	3881212.2903072215	120
507441.96611249767	3881212.2903072215	120
507442.09368675086	3881212.368040025	120
507442.09368675086	3881212.368040025	120
507442.2212700831	3881212.4346830705	120
507442.2212700831	3881212.4346830705	120
507442.3579522386	3881212.523513099	120
507442.48552648514	3881212.6012459053	120
507442.48552648514	3881212.6012459053	120
507442.61310980894	3881212.667888956	120
507442.61310980894	3881212.667888956	120
507442.7406840536	3881212.745621768	120
507442.7406840536	3881212.745621768	120
507442.7406840536	3881212.745621768	120
507442.87737527915	3881212.8233620445	120
507442.87737527915	3881212.8233620445	120
507443.01406650234	3881212.9011023254	120
507443.01406650234	3881212.9011023254	120
507443.14164073794	3881212.9788351413	120
507443.14164073794	3881212.9788351413	120
507443.2783410369	3881213.0454856674	120
507443.2783410369	3881213.0454856674	120
507443.40591526823	3881213.123218488	120
507443.40591526823	3881213.123218488	120
507443.5334894997	3881213.20095131	120
507443.6610728075	3881213.2675943766	120
507443.5334894997	3881213.20095131	120
507443.6610728075	3881213.2675943766	120
507443.7977730982	3881213.3342449083	120
507443.93446430593	3881213.4119852027	120
507443.93446430593	3881213.4119852027	120
507443.93446430593	3881213.4119852027	120
507444.07115551125	3881213.4897254976	120
507444.07115551125	3881213.4897254976	120
507444.19873881334	3881213.5563685712	120
507444.19873881334	3881213.5563685712	120
507444.33543001424	3881213.6341088708	120
507444.33543001424	3881213.6341088708	120
507444.4630042283	3881213.711841707	120
507444.4630042283	3881213.711841707	120
507444.5996954246	3881213.7895820113	120
507444.5996954246	3881213.7895820113	120
507444.73639570066	3881213.856232557	120
507444.73639570066	3881213.856232557	120
507444.8639699082	3881213.9339653994	120
507444.8639699082	3881213.9339653994	120
507445.0006611001	3881214.011705708	120
507445.0006611001	3881214.011705708	120
507445.13735228963	3881214.08944602	120
507445.13735228963	3881214.08944602	120
507445.2740434745	3881214.1671863347	120
507445.2740434745	3881214.1671863347	120
507445.401626756	3881214.2338294247	120
507445.401626756	3881214.2338294247	120
507445.52920095256	3881214.3115622746	120
507445.6567751492	3881214.3892951277	120
507445.6567751492	3881214.3892951277	120
507445.6567751492	3881214.3892951277	120
507445.78434933914	3881214.467027982	120
507445.78434933914	3881214.467027982	120
507445.91193261265	3881214.5336710787	120
507445.91193261265	3881214.5336710787	120
507446.03950680065	3881214.6114039365	120
507446.03950680065	3881214.6114039365	120
507446.1670809888	3881214.6891367985	120
507446.1670809888	3881214.6891367985	120
507446.29466425645	3881214.755779901	120
507446.29466425645	3881214.755779901	120
507446.42223843804	3881214.833512763	120
507446.42223843804	3881214.833512763	120
507446.5498217018	3881214.9001558684	120
507446.5498217018	3881214.9001558684	120
507446.6773958815	3881214.9778887364	120
507446.6773958815	3881214.9778887364	120
507446.80497914134	3881215.044531846	120
507446.80497914134	3881215.044531846	120
507446.93255331455	3881215.1222647172	120
507446.93255331455	3881215.1222647172	120
507447.0601365728	3881215.188907831	120
507447.0601365728	3881215.188907831	120
507447.1877107418	3881215.266640705	120
507447.1877107418	3881215.266640705	120
507447.3152939939	3881215.333283822	120
507447.3152939939	3881215.333283822	120
507447.44287724176	3881215.399926942	120
507447.44287724176	3881215.399926942	120
507447.5704514069	3881215.477659821	120
507447.69803465315	3881215.544302943	120
507447.5704514069	3881215.477659821	120
507447.69803465315	3881215.544302943	120
507447.82560881175	3881215.6220358266	120
507447.82560881175	3881215.6220358266	120
507447.9531920542	3881215.6886789524	120
507447.9531920542	3881215.6886789524	120
507448.080775297	3881215.7553220815	120
507448.2174664317	3881215.833062439	120
507448.080775297	3881215.7553220815	120
507448.34504966834	3881215.89970557	120
507448.2174664317	3881215.833062439	120
507448.34504966834	3881215.89970557	120
507448.4726419897	3881215.955258946	120
507448.4726419897	3881215.955258946	120
507448.6002252227	3881216.0219020816	120
507448.6002252227	3881216.0219020816	120
507448.7277993692	3881216.0996349766	120
507448.7277993692	3881216.0996349766	120
507448.8553825983	3881216.1662781164	120
507448.8553825983	3881216.1662781164	120
507448.9920828075	3881216.2329287278	120
507448.9920828075	3881216.2329287278	120
507449.1287830147	3881216.2995793405	120
507449.1287830147	3881216.2995793405	120
507449.25635715283	3881216.377312246	120
507449.3930664437	3881216.4328731033	120
507449.25635715283	3881216.377312246	120
507449.3930664437	3881216.4328731033	120
507449.529766645	3881216.499523723	120
507449.529766645	3881216.499523723	120
507449.6573498626	3881216.5661668736	120
507449.6573498626	3881216.5661668736	120
507449.79404097167	3881216.643907256	120
507449.79404097167	3881216.643907256	120
507449.9216241854	3881216.71055041	120
507449.9216241854	3881216.71055041	120
507450.05832438095	3881216.777201037	120
507450.05832438095	3881216.777201037	120
507450.18590759084	3881216.8438441944	120
507450.18590759084	3881216.8438441944	120
507450.3225986912	3881216.9215845848	120
507450.3225986912	3881216.9215845848	120
507450.45929888065	3881216.9882352212	120
507450.45929888065	3881216.9882352212	120
507450.5868729954	3881217.065968142	120
507450.5868729954	3881217.065968142	120
507450.7235731808	3881217.1326187793	120
507450.7235731808	3881217.1326187793	120
507450.85114729125	3881217.210351705	120
507450.85114729125	3881217.210351705	120
507450.98783838045	3881217.2880921056	120
507450.98783838045	3881217.2880921056	120
507451.1154124865	3881217.365825035	120
507451.1154124865	3881217.365825035	120
507451.2429775003	3881217.4546477245	120
507451.2429775003	3881217.4546477245	120
507451.37055160187	3881217.5323806577	120
507451.37055160187	3881217.5323806577	120
507451.50724268414	3881217.6101210658	120
507451.50724268414	3881217.6101210658	120
507451.6348167812	3881217.687854002	120
507451.6348167812	3881217.687854002	120
507451.7623908738	3881217.765586943	120
507451.7623908738	3881217.765586943	120
507451.88996496884	3881217.8433198817	80
507451.88996496884	3881217.8433198817	80
507452.0175390594	3881217.9210528242	80
507452.0175390594	3881217.9210528242	80
507452.1542210368	3881218.0098830005	80
507452.1542210368	3881218.0098830005	80
507452.2817951228	3881218.087615947	80
507452.2817951228	3881218.087615947	80
507452.4184861889	3881218.165356369	80
507452.5460511788	3881218.2541790768	80
507452.4184861889	3881218.165356369	80
507452.5460511788	3881218.2541790768	80
507452.6827422402	3881218.331919503	80
507452.6827422402	3881218.331919503	80
507452.8103163148	3881218.4096524566	80
507452.8103163148	3881218.4096524566	80
507452.9378903895	3881218.487385411	80
507452.9378903895	3881218.487385411	80
507453.0654644621	3881218.5651183696	80
507453.0654644621	3881218.5651183696	80
507453.1930294424	3881218.6539410865	80
507453.1930294424	3881218.6539410865	80
507453.3206035104	3881218.731674047	80
507453.45729455573	3881218.809414486	80
507453.45729455573	3881218.809414486	80
507453.45729455573	3881218.809414486	80
507453.58486861933	3881218.887147449	80
507453.58486861933	3881218.887147449	80
507453.7215596623	3881218.9648878914	80
507453.7215596623	3881218.9648878914	80
507453.8491337215	3881219.042620859	80
507453.9766986851	3881219.131443587	80
507453.9766986851	3881219.131443587	80
507453.9766986851	3881219.131443587	80
507454.11338971875	3881219.209184036	80
507454.11338971875	3881219.209184036	80
507454.2500716587	3881219.298014243	80
507454.3776457087	3881219.3757472187	80
507454.2500716587	3881219.298014243	80
507454.3776457087	3881219.3757472187	80
507454.5143367376	3881219.4534876742	80
507454.6601356463	3881219.542325364	80
507454.6601356463	3881219.542325364	80
507454.6601356463	3881219.542325364	80
507454.79683576233	3881219.608976064	80
507454.79683576233	3881219.608976064	80
507454.92440070875	3881219.697798806	80
507454.92440070875	3881219.697798806	80
507455.06109172583	3881219.7755392673	80
507455.06109172583	3881219.7755392673	80
507455.1977827405	3881219.8532797312	80
507455.1977827405	3881219.8532797312	80
507455.3344737552	3881219.9310201984	80
507455.3344737552	3881219.9310201984	80
507455.4802817458	3881220.0087681436	80
507455.4802817458	3881220.0087681436	80
507455.61698184884	3881220.075418856	80
507455.61698184884	3881220.075418856	80
507455.7627898323	3881220.1531668054	80
507455.7627898323	3881220.1531668054	80
507455.8994899311	3881220.219817522	80
507456.04529791226	3881220.297565474	80
507455.8994899311	3881220.219817522	80
507456.04529791226	3881220.297565474	80
507456.18199800677	3881220.3642161964	80
507456.18199800677	3881220.3642161964	80
507456.4553799971	3881220.5196971595	80
507456.4553799971	3881220.5196971595	80
507456.6011879663	3881220.597445124	80
507456.6011879663	3881220.597445124	80
507456.7378789579	3881220.6751856105	80
507456.7378789579	3881220.6751856105	80
507456.8745699471	3881220.752926101	80
507457.0112609316	3881220.830666592	80
507456.8745699471	3881220.752926101	80
507457.0112609316	3881220.830666592	80
507457.1479519139	3881220.9084070856	80
507457.1479519139	3881220.9084070856	80
507457.27553501393	3881220.9750503427	80
507457.27553501393	3881220.9750503427	80
507457.40310901456	3881221.0527833607	80
507457.40310901456	3881221.0527833607	80
507457.5489169672	3881221.13053134	80
507457.5489169672	3881221.13053134	80
507457.6856079403	3881221.208271842	80
507457.6856079403	3881221.208271842	80
507457.82229891344	3881221.286012346	80
507457.82229891344	3881221.286012346	80
507457.9589898842	3881221.363752852	80
507458.0956808503	3881221.4414933594	80
507457.9589898842	3881221.363752852	80
507458.0956808503	3881221.4414933594	80
507458.2323809127	3881221.508144111	80
507458.2323809127	3881221.508144111	80
507458.3690718743	3881221.5858846228	80
507458.3690718743	3881221.5858846228	80
507458.49664585706	3881221.6636176566	80
507458.49664585706	3881221.6636176566	80
507458.6333368164	3881221.741358172	80
507458.7609107947	3881221.819091211	80
507458.7609107947	3881221.819091211	80
507458.7609107947	3881221.819091211	80
507458.8976017471	3881221.8968317304	80
507458.8976017471	3881221.8968317304	80
507459.0342926972	3881221.974572252	80
507459.0342926972	3881221.974572252	80
507459.17099274474	3881222.0412230184	80
507459.17099274474	3881222.0412230184	80
507459.3076836903	3881222.1189635443	80
507459.43526675995	3881222.185606833	80
507459.43526675995	3881222.185606833	80
507459.43526675995	3881222.185606833	80
507459.5628407251	3881222.2633398813	80
507459.5628407251	3881222.2633398813	80
507459.6995316641	3881222.341080414	80
507459.6995316641	3881222.341080414	80
507459.836222603	3881222.4188209483	80
507459.9729135372	3881222.496561485	80
507459.9729135372	3881222.496561485	80
507459.9729135372	3881222.496561485	80
507460.1096044691	3881222.5743020223	80
507460.1096044691	3881222.5743020223	80
507460.2462953987	3881222.6520425635	80
507460.2462953987	3881222.6520425635	80
507460.3829863282	3881222.729783105	80
507460.3829863282	3881222.729783105	80
507460.5196863545	3881222.7964338916	80
507460.5196863545	3881222.7964338916	80
507460.6563681757	3881222.885264196	80
507460.6563681757	3881222.885264196	80
507460.7930499943	3881222.9740945036	80
507460.7930499943	3881222.9740945036	80
507460.92973181244	3881223.0629248135	80
507460.92973181244	3881223.0629248135	80
507461.06642272766	3881223.1406653663	80
507461.06642272766	3881223.1406653663	80
507461.2031045384	3881223.22949568	80
507461.2031045384	3881223.22949568	80
507461.3397954511	3881223.3072362375	80
507461.3397954511	3881223.3072362375	80
507461.4673602818	3881223.3960590716	80
507461.5949342127	3881223.4737921497	80
507461.4673602818	3881223.3960590716	80
507461.7316160132	3881223.5626224712	80
507461.7316160132	3881223.5626224712	80
507461.7316160132	3881223.5626224712	80
507461.85918083653	3881223.6514453106	80
507461.85918083653	3881223.6514453106	80
507461.9867547628	3881223.7291783937	80
507461.9867547628	3881223.7291783937	80
507462.1234365557	3881223.818008722	80
507462.2510104751	3881223.895741809	80
507462.1234365557	3881223.818008722	80
507462.2510104751	3881223.895741809	80
507462.3877013665	3881223.9734823806	80
507462.3877013665	3881223.9734823806	80
507462.5243831518	3881224.0623127148	80
507462.5243831518	3881224.0623127148	80
507462.6519570666	3881224.140045808	80
507462.6519570666	3881224.140045808	80
507462.788647951	3881224.2177863866	80
507462.788647951	3881224.2177863866	80
507462.92533883295	3881224.295526967	80
507462.92533883295	3881224.295526967	80
507463.06202971266	3881224.3732675496	80
507463.06202971266	3881224.3732675496	80
507463.1987296969	3881224.439918377	80
507463.1987296969	3881224.439918377	80
507463.3354205721	3881224.517658964	80
507463.3354205721	3881224.517658964	80
507463.4721114449	3881224.5953995544	80
507463.4721114449	3881224.5953995544	80
507463.6088114229	3881224.6620503864	80
507463.73638531775	3881224.739783494	80
507463.73638531775	3881224.739783494	80
507463.73638531775	3881224.739783494	80
507463.87307618384	3881224.8175240895	80
507464.00976704754	3881224.895264687	80
507463.87307618384	3881224.8175240895	80
507464.00976704754	3881224.895264687	80
507464.14646701474	3881224.961915527	80
507464.2740409008	3881225.0396486423	80
507464.2740409008	3881225.0396486423	80
507464.2740409008	3881225.0396486423	80
507464.41073176014	3881225.117389246	80
507464.41073176014	3881225.117389246	80
507464.5474317234	3881225.184040093	80
507464.5474317234	3881225.184040093	80
507464.68412257585	3881225.261780701	80
507464.820813426	3881225.3395213103	80
507464.820813426	3881225.3395213103	80
507464.820813426	3881225.3395213103	80
507464.9575042738	3881225.4172619227	80
507464.9575042738	3881225.4172619227	80
507465.0941951192	3881225.4950025366	80
507465.0941951192	3881225.4950025366	80
507465.2308859624	3881225.5727431523	80
507465.2308859624	3881225.5727431523	80
507465.36757680547	3881225.6504837694	80
507465.36757680547	3881225.6504837694	80
507465.49515067146	3881225.7282169014	80
507465.49515067146	3881225.7282169014	80
507465.6318415077	3881225.8059575236	80
507465.6318415077	3881225.8059575236	80
507465.75941536925	3881225.8836906613	80
507465.75941536925	3881225.8836906613	80
507465.88699833653	3881225.9503340404	80
507465.88699833653	3881225.9503340404	80
507466.0145721962	3881226.0280671804	80
507466.0145721962	3881226.0280671804	80
507466.15126302344	3881226.105807809	80
507466.28794474	3881226.1946382	80
507466.15126302344	3881226.105807809	80
507466.28794474	3881226.1946382	80
507466.4155185905	3881226.2723713457	80
507466.4155185905	3881226.2723713457	80
507466.55220941064	3881226.3501119823	80
507466.679783259	3881226.4278451316	80
507466.679783259	3881226.4278451316	80
507466.679783259	3881226.4278451316	80
507466.81646496785	3881226.5166755295	80
507466.81646496785	3881226.5166755295	80
507466.944038807	3881226.594408684	80
507467.0716126463	3881226.6721418384	80
507466.944038807	3881226.594408684	80
507467.0716126463	3881226.6721418384	80
507467.2082943476	3881226.760972243	80
507467.2082943476	3881226.760972243	80
507467.3358681823	3881226.8387054014	80
507467.4634420148	3881226.9164385614	80
507467.3358681823	3881226.8387054014	80
507467.60012370866	3881227.005268973	80
507467.4634420148	3881226.9164385614	80
507467.72769753425	3881227.0830021366	80
507467.60012370866	3881227.005268973	80
507467.8643883357	3881227.160742794	80
507467.8643883357	3881227.160742794	80
507467.99195304635	3881227.2495657196	80
507467.99195304635	3881227.2495657196	80
507467.99195304635	3881227.2495657196	80
507468.1286438407	3881227.327306378	80
507468.1286438407	3881227.327306378	80
507468.2653255196	3881227.4161368003	80
507468.2653255196	3881227.4161368003	80
507468.4020071958	3881227.504967223	80
507468.4020071958	3881227.504967223	80
507468.53869798046	3881227.5827078884	80
507468.53869798046	3881227.5827078884	80
507468.67538876284	3881227.660448556	80
507468.67538876284	3881227.660448556	80
507468.81207043136	3881227.7492789854	80
507468.81207043136	3881227.7492789854	80
507468.9487612112	3881227.827019658	80
507469.0854519887	3881227.9047603314	80
507469.0854519887	3881227.9047603314	80
507469.2221427615	3881227.9825010085	80
507469.2221427615	3881227.9825010085	80
507469.2221427615	3881227.9825010085	80
507469.36794139	3881228.071338936	80
507469.513749128	3881228.149087108	80
507469.513749128	3881228.149087108	80
507469.513749128	3881228.149087108	80
507469.6504398958	3881228.2268277914	80
507469.6504398958	3881228.2268277914	80
507469.7962567416	3881228.2934862087	80
507469.7962567416	3881228.2934862087	80
507469.93294750253	3881228.3712268956	80
507469.93294750253	3881228.3712268956	80
507470.0787643439	3881228.437885317	80
507470.20633813064	3881228.5156185175	80
507470.20633813064	3881228.5156185175	80
507470.20633813064	3881228.5156185175	80
507470.3430380004	3881228.5822694525	80
507470.4888457242	3881228.6600176394	50
507470.4888457242	3881228.6600176394	50
507470.4888457242	3881228.6600176394	50
507470.6255364737	3881228.7377583375	50
507470.76222722087	3881228.815499035	50
507470.6255364737	3881228.7377583375	50
507470.90803493507	3881228.893247231	50
507470.90803493507	3881228.893247231	50
507471.04472567746	3881228.9709879346	50
507471.04472567746	3881228.9709879346	50
507471.04472567746	3881228.9709879346	50
507471.19053338905	3881229.048736133	50
507471.19053338905	3881229.048736133	50
507471.3272241268	3881229.1264768415	50
507471.46391486214	3881229.2042175513	50
507471.46391486214	3881229.2042175513	50
507471.46391486214	3881229.2042175513	50
507471.60972256406	3881229.2819657563	50
507471.60972256406	3881229.2819657563	50
507471.7464224144	3881229.3486167123	50
507471.7464224144	3881229.3486167123	50
507471.8831131428	3881229.426357429	50
507472.0198038689	3881229.5040981486	50
507471.8831131428	3881229.426357429	50
507472.0198038689	3881229.5040981486	50
507472.1565037083	3881229.5707491105	50
507472.1565037083	3881229.5707491105	50
507472.29319442983	3881229.648489833	50
507472.29319442983	3881229.648489833	50
507472.42076818063	3881229.7262230627	50
507472.42076818063	3881229.7262230627	50
507472.55745889765	3881229.8039637906	50
507472.6941587286	3881229.8706147606	50
507472.6941587286	3881229.8706147606	50
507472.8308494434	3881229.9483554913	50
507472.6941587286	3881229.8706147606	50
507472.96754015586	3881230.0260962234	50
507472.8308494434	3881229.9483554913	50
507472.96754015586	3881230.0260962234	50
507473.1042308637	3881230.1038369583	50
507473.1042308637	3881230.1038369583	50
507473.25003853726	3881230.1815851913	50
507473.25003853726	3881230.1815851913	50
507473.3867292403	3881230.259325931	50
507473.3867292403	3881230.259325931	50
507473.5234199411	3881230.337066672	50
507473.5234199411	3881230.337066672	50
507473.6509936717	3881230.4147999203	50
507473.7968104578	3881230.481458402	50
507473.6509936717	3881230.4147999203	50
507473.7968104578	3881230.481458402	50
507473.9335011517	3881230.559199149	50
507473.9335011517	3881230.559199149	50
507474.0610748757	3881230.636932403	50
507474.0610748757	3881230.636932403	50
507474.197765565	3881230.7146731536	50
507474.197765565	3881230.7146731536	50
507474.34357321943	3881230.792421404	50
507474.34357321943	3881230.792421404	50
507474.48026390397	3881230.8701621597	50
507474.60784673755	3881230.9368056627	50
507474.60784673755	3881230.9368056627	50
507474.60784673755	3881230.9368056627	50
507474.7445374177	3881231.014546423	50
507474.89034506725	3881231.0922946814	50
507474.89034506725	3881231.0922946814	50
507475.02704486175	3881231.158945686	50
507475.02704486175	3881231.158945686	50
507475.17286162125	3881231.225604191	50
507475.17286162125	3881231.225604191	50
507475.31867837853	3881231.2922626976	50
507475.31867837853	3881231.2922626976	50
507475.4645042557	3881231.3478314476	50
507475.4645042557	3881231.3478314476	50
507475.60120404215	3881231.4144824618	50
507475.60120404215	3881231.4144824618	50
507475.60120404215	3881231.4144824618	50
507475.7470299133	3881231.4700512155	50
507475.7470299133	3881231.4700512155	50
507475.892855785	3881231.5256199716	50
507475.892855785	3881231.5256199716	50
507476.0386907729	3881231.5700989743	50
507476.19363360544	3881231.6256752335	50
507476.19363360544	3881231.6256752335	50
507476.19363360544	3881231.6256752335	50
507476.3394685926	3881231.6701542395	50
507476.3394685926	3881231.6701542395	50
507476.48530357605	3881231.7146332455	50
507476.64026464784	3881231.7480299957	50
507476.64026464784	3881231.7480299957	50
507476.78609962855	3881231.792509008	50
507476.78609962855	3881231.792509008	50
507476.94106069795	3881231.8259057635	50
507476.94106069795	3881231.8259057635	50
507477.0869047976	3881231.859295021	50
507477.0869047976	3881231.859295021	50
507477.0869047976	3881231.859295021	50
507477.24186586245	3881231.892691782	50
507477.24186586245	3881231.892691782	50
507477.3968360481	3881231.9149987847	50
507477.3968360481	3881231.9149987847	50
507477.5517971132	3881231.9483955503	50
507477.5517971132	3881231.9483955503	50
507477.7067764196	3881231.9596128003	50
507477.7067764196	3881231.9596128003	50
507477.86174660537	3881231.981919812	50
507477.86174660537	3881231.981919812	50
507478.00760894455	3881231.9931295663	50
507478.1716960952	3881232.0154440836	50
507478.00760894455	3881231.9931295663	50
507478.3266845228	3881232.015571586	50
507478.3266845228	3881232.015571586	50
507478.3266845228	3881232.015571586	50
507478.47255598655	3881232.0156915896	50
507478.47255598655	3881232.0156915896	50
507478.6275444118	3881232.0158190965	50
507478.6275444118	3881232.0158190965	50
507478.77342500153	3881232.004849346	50
507478.77342500153	3881232.004849346	50
507478.91930558695	3881231.9938795976	50
507478.91930558695	3881231.9938795976	50
507479.07432138704	3881231.960737836	50
507479.07432138704	3881231.960737836	50
507479.2202110978	3881231.938678336	50
507479.2202110978	3881231.938678336	50
507479.52110749	3881231.89456684	50
507479.6670154524	3881231.850327827	50
507479.6670154524	3881231.850327827	50
507479.6670154524	3881231.850327827	50
507479.8129325411	3881231.7949990574	50
507479.8129325411	3881231.7949990574	50
507479.958849634	3881231.7396702915	50
507479.958849634	3881231.7396702915	50
507480.10476672626	3881231.684341526	50
507480.10476672626	3881231.684341526	50
507480.25068382034	3881231.6290127654	50
507480.25068382034	3881231.6290127654	50
507480.3874748286	3881231.5847662617	50
507480.3874748286	3881231.5847662617	50
507480.533391926	3881231.5294375033	50
507480.533391926	3881231.5294375033	50
507480.67019205843	3881231.4741012463	50
507480.67019205843	3881231.4741012463	50
507480.7978843519	3881231.4076677295	50
507480.9255766472	3881231.341234214	50
507480.7978843519	3881231.4076677295	50
507480.9255766472	3881231.341234214	50
507481.0532780709	3881231.263710942	50
507481.0532780709	3881231.263710942	50
507481.171862532	3881231.1861801683	50
507481.171862532	3881231.1861801683	50
507481.2904561172	3881231.097559638	50
507481.41816667427	3881231.00894661	50
507481.2904561172	3881231.097559638	50
507481.41816667427	3881231.00894661	50
507481.53675114183	3881230.9314158424	50
507481.53675114183	3881230.9314158424	50
507481.6644617036	3881230.8428028193	50
507481.6644617036	3881230.8428028193	50
507481.78304617543	3881230.765272055	50
507481.78304617543	3881230.765272055	50
507481.91076586716	3881230.665569277	50
507481.91076586716	3881230.665569277	50
507482.02935946867	3881230.576948755	50
507482.14795307483	3881230.4883282357	50
507482.14795307483	3881230.4883282357	50
507482.14795307483	3881230.4883282357	50
507482.26655580895	3881230.388617959	50
507482.26655580895	3881230.388617959	50
507482.38514941523	3881230.2999974415	50
507482.38514941523	3881230.2999974415	50
507482.49463518866	3881230.200279664	50
507482.49463518866	3881230.200279664	50
507482.6041209599	3881230.1005618856	50
507482.6041209599	3881230.1005618856	50
507482.70448976994	3881230.000836607	50
507482.70448976994	3881230.000836607	50
507482.7866429003	3881229.878916801	50
507482.7866429003	3881229.878916801	50
507482.877894744	3881229.7791840187	50
507482.877894744	3881229.7791840187	50
507482.9691557162	3881229.6683614776	50
507482.9691557162	3881229.6683614776	50
507483.0513088531	3881229.5464416738	50
507483.13345286093	3881229.435611628	50
507483.0513088531	3881229.5464416738	50
507483.13345286093	3881229.435611628	50
507483.2155968731	3881229.3247815855	50
507483.2155968731	3881229.3247815855	50
507483.2977408872	3881229.2139515425	50
507483.2977408872	3881229.2139515425	50
507483.3798940326	3881229.0920317415	50
507483.452930211	3881228.970104438	50
507483.3798940326	3881229.0920317415	50
507483.452930211	3881228.970104438	50
507483.5350833607	3881228.848184638	50
507483.5350833607	3881228.848184638	50
507483.6081104112	3881228.737347093	50
507483.6902635627	3881228.6154272947	50
507483.6902635627	3881228.6154272947	50
507483.6902635627	3881228.6154272947	50
507483.76329974906	3881228.4934999924	50
507483.8272189675	3881228.371565185	50
507483.76329974906	3881228.4934999924	50
507483.8272189675	3881228.371565185	50
507483.89113818767	3881228.249630377	50
507483.96418350725	3881228.116613318	50
507483.89113818767	3881228.249630377	50
507483.96418350725	3881228.116613318	50
507484.0190040209	3881227.972491489	50
507484.0190040209	3881227.972491489	50
507484.06469843345	3881227.8394519123	50
507484.06469843345	3881227.8394519123	50
507484.1286267884	3881227.7064273483	50
507484.1286267884	3881227.7064273483	50
507484.1834381768	3881227.573395278	50
507484.2473574073	3881227.4514604732	50
507484.2473574073	3881227.4514604732	50
507484.2473574073	3881227.4514604732	50
507484.3021687967	3881227.3184284046	50
507484.3021687967	3881227.3184284046	50
507484.36608803057	3881227.1964936014	50
507484.36608803057	3881227.1964936014	50
507484.4300163944	3881227.063469039	50
507484.4300163944	3881227.063469039	50
507484.4939356341	3881226.9415342356	50
507484.56697184	3881226.8196069403	50
507484.4939356341	3881226.9415342356	50
507484.6308910832	3881226.6976721385	50
507484.56697184	3881226.8196069403	50
507484.6308910832	3881226.6976721385	50
507484.70392729517	3881226.575744844	50
507484.70392729517	3881226.575744844	50
507484.7678465397	3881226.4538100422	50
507484.7678465397	3881226.4538100422	50
507484.84088275774	3881226.3318827483	50
507484.84088275774	3881226.3318827483	50
507484.9048020034	3881226.209947949	50
507484.9048020034	3881226.209947949	50
507484.9869460662	3881226.0991179226	50
507484.9869460662	3881226.0991179226	50
507485.0508744468	3881225.966093365	50
507485.0508744468	3881225.966093365	50
507485.123919804	3881225.833076315	50
507485.123919804	3881225.833076315	50
507485.1969560318	3881225.7111490243	50
507485.1969560318	3881225.7111490243	50
507485.2699922593	3881225.5892217346	50
507485.34303762263	3881225.4562046863	50
507485.2699922593	3881225.5892217346	50
507485.4251908293	3881225.3342849035	50
507485.4251908293	3881225.3342849035	50
507485.4251908293	3881225.3342849035	50
507485.4982270652	3881225.212357616	50
507485.4982270652	3881225.212357616	50
507485.57126330066	3881225.090430328	50
507485.57126330066	3881225.090430328	50
507485.65341651376	3881224.9685105495	50
507485.65341651376	3881224.9685105495	50
507485.73556972895	3881224.8465907704	50
507485.73556972895	3881224.8465907704	50
507485.8177138119	3881224.735760751	50
507485.8177138119	3881224.735760751	50
507485.8907500601	3881224.6138334675	50
507485.8907500601	3881224.6138334675	50
507485.9729032771	3881224.4919136898	50
507485.9729032771	3881224.4919136898	50
507486.04593952704	3881224.3699864056	50
507486.1280927529	3881224.248066632	50
507486.04593952704	3881224.3699864056	50
507486.1280927529	3881224.248066632	50
507486.2011198742	3881224.1372291083	50
507486.2650665518	3881223.9820250417	50
507486.2650665518	3881223.9820250417	50
507486.2650665518	3881223.9820250417	50
507486.32899497054	3881223.8490004935	50
507486.32899497054	3881223.8490004935	50
507486.40204949165	3881223.704893695	50
507486.40204949165	3881223.704893695	50
507486.46597791434	3881223.571869148	50
507486.52990633424	3881223.438844601	50
507486.52990633424	3881223.438844601	50
507486.52990633424	3881223.438844601	50
507486.6029517333	3881223.305827563	50
507486.6029517333	3881223.305827563	50
507486.666880157	3881223.1728030173	50
507486.666880157	3881223.1728030173	50
507486.7399255602	3881223.039785981	50
507486.7399255602	3881223.039785981	50
507486.81297096546	3881222.9067689446	50
507486.81297096546	3881222.9067689446	50
507486.88601637055	3881222.7737519094	50
507486.95905264653	3881222.6518246345	50
507486.88601637055	3881222.7737519094	50
507486.95905264653	3881222.6518246345	50
507487.0320889244	3881222.5298973583	50
507487.0320889244	3881222.5298973583	50
507487.10513433575	3881222.396880325	50
507487.1781706176	3881222.274953051	50
507487.1781706176	3881222.274953051	50
507487.1781706176	3881222.274953051	50
507487.25121603545	3881222.1419360186	50
507487.33336929756	3881222.0200162544	50
507487.33336929756	3881222.0200162544	50
507487.33336929756	3881222.0200162544	50
507487.4064147174	3881221.886999224	50
507487.48857711814	3881221.7539897026	50
507487.48857711814	3881221.7539897026	50
507487.48857711814	3881221.7539897026	50
507487.5616134103	3881221.6320624305	50
507487.5616134103	3881221.6320624305	50
507487.64377581567	3881221.499052911	50
507487.64377581567	3881221.499052911	50
507487.72593822336	3881221.3660433926	50
507487.72593822336	3881221.3660433926	50
507487.79898365185	3881221.2330263653	50
507487.8720290871	3881221.100009338	50
507487.79898365185	3881221.2330263653	50
507487.9541823669	3881220.9780895803	50
507487.8720290871	3881221.100009338	50
507488.0272278041	3881220.8450725544	50
507487.9541823669	3881220.9780895803	50
507488.0272278041	3881220.8450725544	50
507488.10938108835	3881220.723152797	50
507488.1915435099	3881220.5901432824	50
507488.10938108835	3881220.723152797	50
507488.2645798208	3881220.4682160183	50
507488.1915435099	3881220.5901432824	50
507488.2645798208	3881220.4682160183	50
507488.33762526896	3881220.3351989947	50
507488.33762526896	3881220.3351989947	50
507488.41977855965	3881220.213279241	50
507488.4928148766	3881220.091351978	50
507488.4928148766	3881220.091351978	50
507488.4928148766	3881220.091351978	50
507488.5658511956	3881219.969424715	50
507488.5658511956	3881219.969424715	50
507488.6388966498	3881219.836407693	50
507488.6388966498	3881219.836407693	50
507488.7119421085	3881219.703390674	50
507488.7119421085	3881219.703390674	50
507488.7849784335	3881219.5814634142	50
507488.8580238941	3881219.4484463935	50
507488.7849784335	3881219.5814634142	50
507488.8580238941	3881219.4484463935	50
507488.9310602231	3881219.3265191335	50
507488.9310602231	3881219.3265191335	50
507489.0132226692	3881219.1935096276	50
507489.0862681385	3881219.06049261	50
507489.0132226692	3881219.1935096276	50
507489.15930447134	3881218.938565353	50
507489.15930447134	3881218.938565353	50
507489.15930447134	3881218.938565353	50
507489.2414577879	3881218.8166456064	50
507489.2414577879	3881218.8166456064	50
507489.31450326357	3881218.6836285912	50
507489.31450326357	3881218.6836285912	50
507489.3875487414	3881218.5506115775	50
507489.3875487414	3881218.5506115775	50
507489.46058508236	3881218.428684321	50
507489.46058508236	3881218.428684321	50
507489.53363056434	3881218.295667309	50
507489.53363056434	3881218.295667309	50
507489.6157838917	3881218.173747566	50
507489.6157838917	3881218.173747566	50
507489.69794635824	3881218.0407380653	50
507489.69794635824	3881218.0407380653	50
507489.77098270744	3881217.918810812	50
507489.77098270744	3881217.918810812	50
507489.8531360391	3881217.7968910737	50
507489.8531360391	3881217.7968910737	50
507489.93529851246	3881217.6638815748	50
507489.93529851246	3881217.6638815748	50
507490.01745185093	3881217.5419618357	50
507490.01745185093	3881217.5419618357	50
507490.0904882107	3881217.420034586	50
507490.0904882107	3881217.420034586	50
507490.17265069095	3881217.28702509	50
507490.25480403367	3881217.1651053526	50
507490.25480403367	3881217.1651053526	50
507490.3278495374	3881217.0320883454	50
507490.25480403367	3881217.1651053526	50
507490.3278495374	3881217.0320883454	50
507490.4100028868	3881216.9101686105	50
507490.4100028868	3881216.9101686105	50
507490.4921562384	3881216.788248877	50
507490.4921562384	3881216.788248877	50
507490.57430959225	3881216.6663291426	50
507490.57430959225	3881216.6663291426	50
507490.64734596416	3881216.5444018976	50
507490.64734596416	3881216.5444018976	50
507490.72950846044	3881216.411392407	120
507490.72950846044	3881216.411392407	120
507490.81166181853	3881216.289472675	120
507490.884698199	3881216.1675454304	120
507490.81166181853	3881216.289472675	120
507490.884698199	3881216.1675454304	120
507490.9577437176	3881216.03452843	120
507490.9577437176	3881216.03452843	120
507491.03989708447	3881215.912608701	120
507491.03989708447	3881215.912608701	120
507491.1220504535	3881215.7906889725	120
507491.1220504535	3881215.7906889725	120
507491.20420382475	3881215.668769244	120
507491.20420382475	3881215.668769244	120
507491.28635719814	3881215.5468495167	120
507491.28635719814	3881215.5468495167	120
507491.35939359094	3881215.4249222768	120
507491.35939359094	3881215.4249222768	120
507491.4415561077	3881215.2919127927	120
507491.4415561077	3881215.2919127927	120
507491.51460164145	3881215.158895796	120
507491.51460164145	3881215.158895796	120
507491.5876380404	3881215.0369685595	120
507491.5876380404	3881215.0369685595	120
507491.66980056406	3881214.903959077	120
507491.66980056406	3881214.903959077	120
507491.7428369648	3881214.78203184	120
507491.7428369648	3881214.78203184	120
507491.82499035343	3881214.660112119	120
507491.82499035343	3881214.660112119	120
507491.89802676055	3881214.538184882	120
507491.9801801535	3881214.416265161	120
507491.89802676055	3881214.538184882	120
507491.9801801535	3881214.416265161	120
507492.0532257044	3881214.2832481693	120
507492.0532257044	3881214.2832481693	120
507492.126262113	3881214.1613209364	120
507492.126262113	3881214.1613209364	120
507492.1993076704	3881214.028303946	120
507492.1993076704	3881214.028303946	120
507492.27235322766	3881213.8952869545	120
507492.3453987824	3881213.762269965	120
507492.27235322766	3881213.8952869545	120
507492.40933650185	3881213.6181557025	120
507492.3453987824	3881213.762269965	120
507492.40933650185	3881213.6181557025	120
507492.4823820631	3881213.485138714	120
507492.4823820631	3881213.485138714	120
507492.54631064396	3881213.3521142113	120
507492.54631064396	3881213.3521142113	120
507492.61935620935	3881213.2190972236	120
507492.61935620935	3881213.2190972236	120
507492.7015187644	3881213.086087751	120
507492.7015187644	3881213.086087751	120
507492.7745643366	3881212.953070765	120
507492.7745643366	3881212.953070765	120
507492.8476099109	3881212.820053779	120
507492.8476099109	3881212.820053779	120
507492.92065548495	3881212.687036794	120
507492.92065548495	3881212.687036794	120
507493.0028180492	3881212.5540273245	120
507493.0028180492	3881212.5540273245	120
507493.08498061355	3881212.4210178554	120
507493.08498061355	3881212.4210178554	120
507493.15802619664	3881212.2880008724	120
507493.15802619664	3881212.2880008724	120
507493.24018876796	3881212.154991405	120
507493.3223513417	3881212.0219819373	120
507493.24018876796	3881212.154991405	120
507493.3223513417	3881212.0219819373	120
507493.3953969291	3881211.888964957	120
507493.3953969291	3881211.888964957	120
507493.477550366	3881211.76704525	120
507493.477550366	3881211.76704525	120
507493.55059596006	3881211.6340282694	120
507493.55059596006	3881211.6340282694	120
507493.632758543	3881211.5010188054	120
507493.632758543	3881211.5010188054	120
507493.70580413914	3881211.3680018266	120
507493.70580413914	3881211.3680018266	120
507493.7879575849	3881211.2460821243	120
507493.7879575849	3881211.2460821243	120
507493.8610031876	3881211.1130651464	120
507493.8610031876	3881211.1130651464	120
507493.9340487925	3881210.9800481685	120
507493.9340487925	3881210.9800481685	120
507494.01620224246	3881210.8581284685	120
507494.01620224246	3881210.8581284685	120
507494.0892478517	3881210.725111493	120
507494.0892478517	3881210.725111493	120
507494.1714104507	3881210.5921020326	120
507494.1714104507	3881210.5921020326	120
507494.2535639097	3881210.4701823345	120
507494.2535639097	3881210.4701823345	120
507494.3357173685	3881210.348262636	120
507494.3357173685	3881210.348262636	120
507494.4178799745	3881210.215253179	120
507494.4178799745	3881210.215253179	120
507494.5000334402	3881210.0933334813	120
507494.5000334402	3881210.0933334813	120
507494.5821960486	3881209.960324026	120
507494.5821960486	3881209.960324026	120
507494.6643495188	3881209.838404331	120
507494.6643495188	3881209.838404331	120
507494.7465121342	3881209.705394877	120
507494.7465121342	3881209.705394877	120
507494.81954862014	3881209.583467667	120
507494.81954862014	3881209.583467667	120
507494.9017112401	3881209.450458215	120
507494.9017112401	3881209.450458215	120
507494.98386471916	3881209.328538522	120
507494.98386471916	3881209.328538522	120
507495.0660273392	3881209.1955290716	120
507495.0660273392	3881209.1955290716	120
507495.1481991099	3881209.051429863	120
507495.1481991099	3881209.051429863	120
507495.23036173946	3881208.9184204135	120
507495.23036173946	3881208.9184204135	120
507495.3125243715	3881208.7854109663	120
507495.3946870059	3881208.6524015185	120
507495.3125243715	3881208.7854109663	120
507495.3946870059	3881208.6524015185	120
507495.4768496427	3881208.5193920713	120
507495.4768496427	3881208.5193920713	120
507495.5590122819	3881208.386382626	120
507495.5590122819	3881208.386382626	120
507495.6320579311	3881208.2533656633	120
507495.6320579311	3881208.2533656633	120
507495.714220575	3881208.120356219	120
507495.714220575	3881208.120356219	120
507495.7963832189	3881207.987346775	120
507495.7963832189	3881207.987346775	120
507495.87855501205	3881207.8432475743	120
507495.87855501205	3881207.8432475743	120
507495.9516006726	3881207.7102306145	120
507495.9516006726	3881207.7102306145	120
507496.0337541814	3881207.588310931	120
507496.0337541814	3881207.588310931	120
507496.11592597957	3881207.4442117317	120
507496.11592597957	3881207.4442117317	120
507496.1980886378	3881207.311202292	120
507496.1980886378	3881207.311202292	120
507496.27113430726	3881207.178185335	120
507496.27113430726	3881207.178185335	120
507496.35329697013	3881207.045175896	120
507496.35329697013	3881207.045175896	120
507496.42634264403	3881206.91215894	120
507496.42634264403	3881206.91215894	120
507496.50851445453	3881206.7680597454	120
507496.50851445453	3881206.7680597454	120
507496.5815601329	3881206.63504279	120
507496.5815601329	3881206.63504279	120
507496.6546058134	3881206.502025836	120
507496.6546058134	3881206.502025836	120
507496.736768488	3881206.369016402	120
507496.736768488	3881206.369016402	120
507496.818931165	3881206.2360069673	120
507496.818931165	3881206.2360069673	120
507496.89196770417	3881206.1140797734	120
507496.89196770417	3881206.1140797734	120
507496.9741303834	3881205.9810703406	120
507497.05629306735	3881205.8480609083	120
507496.9741303834	3881205.9810703406	120
507497.12932961516	3881205.726133717	120
507497.05629306735	3881205.8480609083	120
507497.12932961516	3881205.726133717	120
507497.2023753086	3881205.5931167672	120
507497.2023753086	3881205.5931167672	120
507497.2845379994	3881205.460107337	120
507497.2845379994	3881205.460107337	120
507497.35757455335	3881205.338180149	120
507497.35757455335	3881205.338180149	120
507497.4306202556	3881205.2051632	120
507497.5127829509	3881205.072153772	120
507497.5127829509	3881205.072153772	120
507497.5127829509	3881205.072153772	120
507497.58581951103	3881204.9502265844	120
507497.58581951103	3881204.9502265844	120
507497.6679822132	3881204.8172171577	120
507497.6679822132	3881204.8172171577	120
507497.7410279242	3881204.684200213	120
507497.7410279242	3881204.684200213	120
507497.8140644881	3881204.562273027	120
507497.8140644881	3881204.562273027	120
507497.8962180502	3881204.4403533605	120
507497.98749775556	3881204.3073514584	120
507497.98749775556	3881204.3073514584	120
507497.98749775556	3881204.3073514584	120
507498.07876831415	3881204.185439314	120
507498.16091273597	3881204.07460941	120
507498.16091273597	3881204.07460941	120
507498.16091273597	3881204.07460941	120
507498.2521833015	3881203.9526972664	120
507498.33432772756	3881203.8418673635	120
507498.2521833015	3881203.9526972664	120
507498.33432772756	3881203.8418673635	120
507498.42559829773	3881203.7199552236	120
507498.42559829773	3881203.7199552236	120
507498.507742728	3881203.609125322	120
507498.507742728	3881203.609125322	120
507498.5990133005	3881203.4872131827	120
507498.6902747299	3881203.3763908027	120
507498.5990133005	3881203.4872131827	120
507498.6902747299	3881203.3763908027	120
507498.78153616155	3881203.265568425	120
507498.78153616155	3881203.265568425	120
507498.8727975978	3881203.1547460477	120
507498.8727975978	3881203.1547460477	120
507498.9640590315	3881203.043923671	120
507498.9640590315	3881203.043923671	120
507499.05532046984	3881202.933101295	120
507499.13747406326	3881202.81118164	120
507499.13747406326	3881202.81118164	120
507499.13747406326	3881202.81118164	120
507499.2196276589	3881202.689261987	120
507499.2196276589	3881202.689261987	120
507499.29265511007	3881202.5784245725	120
507499.29265511007	3881202.5784245725	120
507499.4478453159	3881202.3345777467	120
507499.4478453159	3881202.3345777467	120
507499.51176492544	3881202.212643054	120
507499.51176492544	3881202.212643054	120
507499.57568453904	3881202.090708361	120
507499.57568453904	3881202.090708361	120
507499.639604152	3881201.968773668	120
507499.639604152	3881201.968773668	120
507499.70353291807	3881201.8357492187	120
507499.70353291807	3881201.8357492187	120
507499.7765695312	3881201.713822049	120
507499.7765695312	3881201.713822049	120
507499.8404891518	3881201.591887357	120
507499.8404891518	3881201.591887357	120
507499.9044179211	3881201.4588629077	120
507499.9044179211	3881201.4588629077	120
507499.9774728434	3881201.314756225	120
507499.9774728434	3881201.314756225	120
507500.0413924672	3881201.1928215344	120
507500.0413924672	3881201.1928215344	120
507500.1144473915	3881201.0487148515	120
507500.1144473915	3881201.0487148515	120
507500.17837616865	3881200.9156904044	120
507500.2514219475	3881200.78267348	120
507500.17837616865	3881200.9156904044	120
507500.31535073085	3881200.6496490343	120
507500.31535073085	3881200.6496490343	120
507500.3792795137	3881200.5166245885	120
507500.3792795137	3881200.5166245885	120
507500.51624493545	3881200.2616729806	120
507500.51624493545	3881200.2616729806	120
507500.5801645761	3881200.1397382948	120
507500.5801645761	3881200.1397382948	120
507500.64409336646	3881200.0067138514	120
507500.64409336646	3881200.0067138514	120
507500.64409336646	3881200.0067138514	120
507500.7171300091	3881199.8847866897	120
507500.7810496551	3881199.762852006	120
507500.7810496551	3881199.762852006	120
507500.7810496551	3881199.762852006	120
507500.84497845336	3881199.6298275646	120
507500.84497845336	3881199.6298275646	120
507500.91801509936	3881199.5079004033	120
507500.9910517497	3881199.3859732435	120
507500.91801509936	3881199.5079004033	120
507500.9910517497	3881199.3859732435	120
507501.06408840197	3881199.2640460846	120
507501.1280080546	3881199.1421114025	120
507501.06408840197	3881199.2640460846	120
507501.20103555976	3881199.0312740034	120
507501.20103555976	3881199.0312740034	120
507501.2740813687	3881198.898257087	120
507501.20103555976	3881199.0312740034	120
507501.2740813687	3881198.898257087	120
507501.3380010268	3881198.7763224076	120
507501.3380010268	3881198.7763224076	120
507501.4019115354	3881198.6654774873	120
507501.4019115354	3881198.6654774873	120
507501.46583119914	3881198.5435428075	120
507501.46583119914	3881198.5435428075	120
507501.60277837806	3881198.3107707337	120
507501.60277837806	3881198.3107707337	120
507501.6666980447	3881198.1888360553	120
507501.6666980447	3881198.1888360553	120
507501.7306085661	3881198.077991138	120
507501.7306085661	3881198.077991138	120
507501.7854112356	3881197.956048936	120
