166030.8431793313	4.6	120
507415.7991135555	3881196.489360088	120
507415.7991135555	3881196.489360088	120
507415.7991135555	3881196.489360088	120
507415.7991135555	3881196.489360088	120
507415.7991135555	3881196.489360088	120
507415.7991135555	3881196.489360088	120
507415.7991045203	3881196.500449848	120
507415.7991045203	3881196.500449848	120
507415.7991045203	3881196.500449848	120
507415.7991045203	3881196.500449848	120
507415.80822152656	3881196.500457275	120
507415.80822152656	3881196.500457275	120
507415.8082124913	3881196.511547033	120
507415.8173204601	3881196.52264422	120
507415.8173204601	3881196.52264422	120
507415.8446624459	3881196.533756263	120
507415.8446624459	3881196.533756263	120
507415.8446624459	3881196.533756263	120
507415.8719953941	3881196.555958061	120
507415.9175623545	3881196.5781747177	120
507415.9175623545	3881196.5781747177	120
507415.9175623545	3881196.5781747177	120
507415.9722372878	3881196.6114885607	120
507416.0451462307	3881196.644817261	120
507416.0451462307	3881196.644817261	120
507416.0451462307	3881196.644817261	120
507416.1089381692	3881196.6781385327	120
507416.1089381692	3881196.6781385327	120
507416.1727210717	3881196.7225495647	120
507416.1727210717	3881196.7225495647	120
507416.2547289474	3881196.778065212	120
507416.2547289474	3881196.778065212	120
507416.3458628663	3881196.8224985288	120
507416.3458628663	3881196.8224985288	120
507416.4369967844	3881196.8669318464	120
507416.5281216653	3881196.922454924	120
507416.4369967844	3881196.8669318464	120
507416.6283725874	3881196.966895673	120
507416.6283725874	3881196.966895673	120
507416.6283725874	3881196.966895673	120
507416.73773147777	3881197.0224336097	120
507416.73773147777	3881197.0224336097	120
507416.9290982376	3881197.1334872	120
507416.9290982376	3881197.1334872	120
507417.08401504176	3881197.2223315616	120
507417.08401504176	3881197.2223315616	120
507417.2298238745	3881197.30007874	120
507417.2298238745	3881197.30007874	120
507417.3665157015	3881197.377818488	120
507417.3665157015	3881197.377818488	120
507417.503207524	3881197.45555824	120
507417.503207524	3881197.45555824	120
507417.6307913786	3881197.522200804	120
507417.6307913786	3881197.522200804	120
507417.758375229	3881197.588843373	120
507417.758375229	3881197.588843373	120
507417.8859590753	3881197.655485942	120
507417.8859590753	3881197.655485942	120
507418.013533884	3881197.733218272	120
507418.013533884	3881197.733218272	120
507418.1320007261	3881197.799853414	120
507418.1320007261	3881197.799853414	120
507418.2595845689	3881197.866495989	120
507418.2595845689	3881197.866495989	120
507418.3780514074	3881197.933131135	120
507418.3780514074	3881197.933131135	120
507418.5056352466	3881197.999773712	120
507418.5056352466	3881197.999773712	120
507418.6149850721	3881198.0664014304	120
507418.6149850721	3881198.0664014304	120
507418.73345190537	3881198.13303658	120
507418.8519187346	3881198.199671732	120
507418.73345190537	3881198.13303658	120
507418.8519187346	3881198.199671732	120
507418.97950256657	3881198.266314316	120
507419.1070863945	3881198.332956902	120
507419.1070863945	3881198.332956902	120
507419.1070863945	3881198.332956902	120
507419.2255532206	3881198.399592058	120
507419.34402004274	3881198.4662272176	120
507419.34402004274	3881198.4662272176	120
507419.34402004274	3881198.4662272176	120
507419.4533698589	3881198.532854946	120
507419.4533698589	3881198.532854946	120
507419.5718366776	3881198.5994901066	120
507419.5718366776	3881198.5994901066	120
507419.6811955327	3881198.655028079	120
507419.6811955327	3881198.655028079	120
507419.7996623459	3881198.721663244	120
507419.7996623459	3881198.721663244	120
507419.90901215794	3881198.788290977	120
507419.90901215794	3881198.788290977	120
507420.0274880104	3881198.843836386	120
507420.0274880104	3881198.843836386	120
507420.1459548186	3881198.9104715534	120
507420.1459548186	3881198.9104715534	120
507420.2553136665	3881198.966009535	120
507420.2553136665	3881198.966009535	120
507420.3737804737	3881199.0326447054	120
507420.4831302755	3881199.099272448	120
507420.3737804737	3881199.0326447054	120
507420.6015970793	3881199.165907622	120
507420.4831302755	3881199.099272448	120
507420.6015970793	3881199.165907622	120
507420.8294136782	3881199.299170543	120
507420.9387544296	3881199.376888048	120
507420.9387544296	3881199.376888048	120
507421.0572212288	3881199.443523229	120
507421.0572212288	3881199.443523229	120
507421.1665710206	3881199.510150977	120
507421.0572212288	3881199.443523229	120
507421.1665710206	3881199.510150977	120
507421.2759208109	3881199.576778727	120
507421.2759208109	3881199.576778727	120
507421.3852615574	3881199.654496238	120
507421.3852615574	3881199.654496238	120
507421.5037283474	3881199.721131424	120
507421.6130781326	3881199.7877591774	120
507421.5037283474	3881199.721131424	120
507421.6130781326	3881199.7877591774	120
507421.72242791625	3881199.854386936	120
507421.72242791625	3881199.854386936	120
507421.8317686557	3881199.93210445	120
507421.8317686557	3881199.93210445	120
507421.9502354411	3881199.998739641	120
507422.0595852174	3881200.0653674016	120
507422.0595852174	3881200.0653674016	120
507422.0595852174	3881200.0653674016	120
507422.1689349968	3881200.131995163	120
507422.1689349968	3881200.131995163	120
507422.2874017724	3881200.19863036	120
507422.2874017724	3881200.19863036	120
507422.3967515486	3881200.265258124	120
507422.3967515486	3881200.265258124	120
507422.6154510912	3881200.398513656	120
507422.6154510912	3881200.398513656	120
507422.7339178625	3881200.465148858	120
507422.8615016344	3881200.531791498	120
507422.8615016344	3881200.531791498	120
507422.8615016344	3881200.531791498	120
507422.9799684021	3881200.598426703	120
507422.9799684021	3881200.598426703	120
507423.089318166	3881200.6650544754	120
507423.207784928	3881200.731689684	120
507423.089318166	3881200.6650544754	120
507423.207784928	3881200.731689684	120
507423.317134691	3881200.7983174594	120
507423.4356104965	3881200.853862913	120
507423.4356104965	3881200.853862913	120
507423.4356104965	3881200.853862913	120
507423.554077256	3881200.920498127	120
507423.554077256	3881200.920498127	120
507423.6634270117	3881200.9871259057	120
507423.7818937701	3881201.053761123	120
507423.6634270117	3881200.9871259057	120
507423.9094775258	3881201.120403776	120
507423.9094775258	3881201.120403776	120
507423.9094775258	3881201.120403776	120
507424.0279533213	3881201.1759492382	120
507424.0279533213	3881201.1759492382	120
507424.14642007445	3881201.242584459	120
507424.14642007445	3881201.242584459	120
507424.2648958691	3881201.298129925	120
507424.2648958691	3881201.298129925	120
507424.5018293624	3881201.431400375	120
507424.5018293624	3881201.431400375	120
507424.6294131077	3881201.498043039	120
507424.6294131077	3881201.498043039	120
507424.7478798523	3881201.564678269	120
507424.7478798523	3881201.564678269	120
507424.8663465904	3881201.631313498	120
507424.8663465904	3881201.631313498	120
507424.9939303304	3881201.697956169	120
507424.9939303304	3881201.697956169	120
507425.112388023	3881201.77568116	120
507425.2308547581	3881201.842316395	120
507425.112388023	3881201.77568116	120
507425.3493214914	3881201.908951633	120
507425.3493214914	3881201.908951633	120
507425.3493214914	3881201.908951633	120
507425.4768961769	3881201.9866840662	120
507425.4768961769	3881201.9866840662	120
507425.5953629065	3881202.053319308	120
507425.5953629065	3881202.053319308	120
507425.7138205872	3881202.131044308	120
507425.8322873154	3881202.1976795504	120
507425.8322873154	3881202.1976795504	120
507425.8322873154	3881202.1976795504	120
507425.9598619928	3881202.275411992	120
507425.9598619928	3881202.275411992	120
507426.0874457132	3881202.342054678	120
507426.0874457132	3881202.342054678	120
507426.20590338815	3881202.419779684	120
507426.20590338815	3881202.419779684	120
507426.3243701068	3881202.4864149336	120
507426.3243701068	3881202.4864149336	120
507426.4428368238	3881202.553050185	120
507426.4428368238	3881202.553050185	120
507426.5704114931	3881202.6307826336	120
507426.5704114931	3881202.6307826336	120
507426.6888782041	3881202.697417889	120
507426.6888782041	3881202.697417889	120
507426.8164619157	3881202.764060584	120
507426.8164619157	3881202.764060584	120
507426.9349286277	3881202.8306958415	120
507426.9349286277	3881202.8306958415	120
507427.0625123357	3881202.897338541	120
507427.0625123357	3881202.897338541	120
507427.1900960417	3881202.963981242	120
507427.1900960417	3881202.963981242	120
507427.3085627438	3881203.030616504	120
507427.42702039937	3881203.108341527	120
507427.3085627438	3881203.030616504	120
507427.42702039937	3881203.108341527	120
507427.5454871002	3881203.174976793	120
507427.5454871002	3881203.174976793	120
507427.66394475184	3881203.252701819	120
507427.7824114467	3881203.319337088	120
507427.66394475184	3881203.252701819	120
507427.9008781421	3881203.385972357	120
507427.7824114467	3881203.319337088	120
507427.9008781421	3881203.385972357	120
507428.0193448381	3881203.4526076303	120
507428.0193448381	3881203.4526076303	120
507428.1378115278	3881203.519242903	120
507428.1378115278	3881203.519242903	120
507428.2562691699	3881203.596967937	120
507428.2562691699	3881203.596967937	120
507428.3838528575	3881203.6636106544	120
507428.3838528575	3881203.6636106544	120
507428.5023104932	3881203.741335691	120
507428.5023104932	3881203.741335691	120
507428.6207771802	3881203.807970971	120
507428.7392348098	3881203.885696012	120
507428.7392348098	3881203.885696012	120
507428.7392348098	3881203.885696012	120
507428.8576924397	3881203.963421053	120
507428.8576924397	3881203.963421053	120
507428.9761591212	3881204.030056337	120
507428.9761591212	3881204.030056337	120
507429.0946167448	3881204.107781381	120
507429.2130743711	3881204.185506426	120
507429.0946167448	3881204.107781381	120
507429.331531993	3881204.2632314754	120
507429.2130743711	3881204.185506426	120
507429.4591066114	3881204.3409639657	120
507429.331531993	3881204.2632314754	120
507429.577555177	3881204.429778775	120
507429.4591066114	3881204.3409639657	120
507429.577555177	3881204.429778775	120
507429.6960127927	3881204.507503828	120
507429.6960127927	3881204.507503828	120
507429.81447040633	3881204.58522888	120
507429.81447040633	3881204.58522888	120
507429.93292802025	3881204.662953937	120
507429.93292802025	3881204.662953937	120
507430.0605026279	3881204.740686436	120
507430.1789692858	3881204.807321736	120
507430.1789692858	3881204.807321736	120
507430.1789692858	3881204.807321736	120
507430.2974268936	3881204.885046797	120
507430.2974268936	3881204.885046797	120
507430.4250014951	3881204.962779302	120
507430.4250014951	3881204.962779302	120
507430.5525851476	3881205.02942205	120
507430.5525851476	3881205.02942205	120
507430.6710427493	3881205.107147114	120
507430.6710427493	3881205.107147114	120
507430.7986263957	3881205.173789866	120
507430.7986263957	3881205.173789866	120
507430.9170930449	3881205.240425176	120
507430.9170930449	3881205.240425176	120
507431.0446676384	3881205.3181576887	120
507431.1631342839	3881205.384793002	120
507431.1631342839	3881205.384793002	120
507431.1631342839	3881205.384793002	120
507431.290717925	3881205.451435761	120
507431.290717925	3881205.451435761	120
507431.41829251	3881205.5291682784	120
507431.41829251	3881205.5291682784	120
507431.5458670952	3881205.6069008	120
507431.5458670952	3881205.6069008	120
507431.6734507305	3881205.673543562	120
507431.6734507305	3881205.673543562	120
507431.8010253067	3881205.751276088	120
507431.8010253067	3881205.751276088	120
507431.928608938	3881205.8179188543	120
507432.0561835147	3881205.895651382	120
507431.928608938	3881205.8179188543	120
507432.0561835147	3881205.895651382	120
507432.192884139	3881205.962301597	120
507432.192884139	3881205.962301597	120
507432.3204587092	3881206.0400341297	120
507432.448033277	3881206.1177666616	120
507432.3204587092	3881206.0400341297	120
507432.5847338952	3881206.184416883	120
507432.5847338952	3881206.184416883	120
507432.71230846114	3881206.262149418	120
507432.71230846114	3881206.262149418	120
507432.71230846114	3881206.262149418	120
507432.8398920786	3881206.3287922	120
507432.8398920786	3881206.3287922	120
507432.9674666381	3881206.40652474	120
507432.9674666381	3881206.40652474	120
507433.095050254	3881206.4731675214	120
507433.095050254	3881206.4731675214	120
507433.2226338658	3881206.53981031	120
507433.2226338658	3881206.53981031	120
507433.3593254152	3881206.617550301	120
507433.3593254152	3881206.617550301	120
507433.486909023	3881206.6841930896	120
507433.486909023	3881206.6841930896	120
507433.6053665782	3881206.7619181946	120
507433.6053665782	3881206.7619181946	120
507433.7329501821	3881206.828560987	120
507433.7329501821	3881206.828560987	120
507433.860524727	3881206.9062935375	120
507433.860524727	3881206.9062935375	120
507433.9881083272	3881206.972936336	120
507433.9881083272	3881206.972936336	120
507434.1156919276	3881207.039579134	120
507434.1156919276	3881207.039579134	120
507434.2523834619	3881207.11731914	120
507434.2523834619	3881207.11731914	120
507434.3799670561	3881207.1839619423	120
507434.3799670561	3881207.1839619423	120
507434.5166585861	3881207.2617019513	120
507434.5166585861	3881207.2617019513	120
507434.6442421763	3881207.328344757	120
507434.77181670873	3881207.406077322	120
507434.77181670873	3881207.406077322	120
507434.77181670873	3881207.406077322	120
507434.8993912341	3881207.483809889	120
507434.8993912341	3881207.483809889	120
507435.0269748185	3881207.5504527	120
507435.1454323493	3881207.628177824	120
507435.1454323493	3881207.628177824	120
507435.1454323493	3881207.628177824	120
507435.282132925	3881207.694828087	120
507435.282132925	3881207.694828087	120
507435.4097165037	3881207.761470904	120
507435.4097165037	3881207.761470904	120
507435.537291021	3881207.83920348	120
507435.6648745957	3881207.9058463	120
507435.6648745957	3881207.9058463	120
507435.6648745957	3881207.9058463	120
507435.7924491113	3881207.98357888	120
507435.9200326822	3881208.050221704	120
507435.7924491113	3881207.98357888	120
507435.9200326822	3881208.050221704	120
507436.0476071912	3881208.127954289	120
507436.1751907605	3881208.1945971134	120
507436.1751907605	3881208.1945971134	120
507436.3027743256	3881208.261239945	120
507436.3027743256	3881208.261239945	120
507436.43033976783	3881208.350062292	120
507436.43033976783	3881208.350062292	120
507436.55792332656	3881208.416705125	120
507436.55792332656	3881208.416705125	120
507436.685497825	3881208.494437717	120
507436.685497825	3881208.494437717	120
507436.8130723236	3881208.572170312	120
507436.8130723236	3881208.572170312	120
507436.9406468176	3881208.649902909	120
507436.9406468176	3881208.649902909	120
507437.0682303707	3881208.716545748	120
507437.0682303707	3881208.716545748	120
507437.19581392425	3881208.7831885903	120
507437.19581392425	3881208.7831885903	120
507437.3233884121	3881208.860921192	120
507437.3233884121	3881208.860921192	120
507437.45097195945	3881208.927564038	120
507437.45097195945	3881208.927564038	120
507437.5876724987	3881208.9942143336	120
507437.5876724987	3881208.9942143336	120
507437.724373036	3881209.060864633	120
507437.724373036	3881209.060864633	120
507437.724373036	3881209.060864633	120
507437.8519475178	3881209.138597244	120
507437.9795310573	3881209.205240096	120
507437.9795310573	3881209.205240096	120
507437.9795310573	3881209.205240096	120
507438.1162315886	3881209.271890401	120
507438.2438151245	3881209.3385332567	120
507438.1162315886	3881209.271890401	120
507438.2438151245	3881209.3385332567	120
507438.3713895954	3881209.416265874	120
507438.3713895954	3881209.416265874	120
507438.508090123	3881209.482916185	120
507438.508090123	3881209.482916185	120
507438.6447815831	3881209.560656257	120
507438.6447815831	3881209.560656257	120
507438.7723651109	3881209.627299121	120
507438.7723651109	3881209.627299121	120
507438.89994863694	3881209.693941986	120
507438.89994863694	3881209.693941986	120
507439.0275230997	3881209.771674613	120
507439.0275230997	3881209.771674613	120
507439.16421455104	3881209.849414691	120
507439.16421455104	3881209.849414691	120
507439.2917980711	3881209.916057563	120
507439.4284985821	3881209.982707887	120
507439.2917980711	3881209.916057563	120
507439.4284985821	3881209.982707887	120
507439.5651900267	3881210.060447972	120
507439.7018814714	3881210.13818806	120
507439.7018814714	3881210.13818806	120
507439.7018814714	3881210.13818806	120
507439.8294559188	3881210.215920697	120
507439.8294559188	3881210.215920697	120
507439.9661473589	3881210.293660789	120
507440.0937218019	3881210.371393429	120
507439.9661473589	3881210.293660789	120
507440.0937218019	3881210.371393429	120
507440.2304132352	3881210.4491335247	120
507440.3579876736	3881210.52686617	120
507440.3579876736	3881210.52686617	120
507440.3579876736	3881210.52686617	120
507440.4855711777	3881210.5935090575	120
507440.6222626042	3881210.671249159	120
507440.6222626042	3881210.671249159	120
507440.749846102	3881210.73789205	120
507440.6222626042	3881210.671249159	120
507440.749846102	3881210.73789205	120
507440.8865375241	3881210.815632156	120
507440.8865375241	3881210.815632156	120
507441.014121018	3881210.882275052	120
507441.014121018	3881210.882275052	120
507441.1416954461	3881210.960007709	120
507441.1416954461	3881210.960007709	120
507441.26927893376	3881211.026650607	120
507441.26927893376	3881211.026650607	120
507441.39685335534	3881211.1043832656	120
507441.39685335534	3881211.1043832656	120
507441.5244277748	3881211.182115928	120
507441.5244277748	3881211.182115928	120
507441.6611191858	3881211.259856044	120
507441.6611191858	3881211.259856044	120
507441.7978196616	3881211.3265064047	120
507441.9253940744	3881211.404239072	120
507441.7978196616	3881211.3265064047	120
507441.9253940744	3881211.404239072	120
507442.0529684829	3881211.48197174	120
507442.1896598849	3881211.559711866	120
507442.1896598849	3881211.559711866	120
507442.1896598849	3881211.559711866	120
507442.3172342935	3881211.6374445376	120
507442.4448177631	3881211.7040874544	120
507442.3172342935	3881211.6374445376	120
507442.5815091585	3881211.781827585	120
507442.4448177631	3881211.7040874544	120
507442.7181914811	3881211.870657476	120
507442.7181914811	3881211.870657476	120
507442.7181914811	3881211.870657476	120
507442.8548828693	3881211.9483976094	120
507442.9824572668	3881212.026130293	120
507442.9824572668	3881212.026130293	120
507442.9824572668	3881212.026130293	120
507443.1100316597	3881212.103862978	120
507443.1100316597	3881212.103862978	120
507443.2467139723	3881212.192692876	120
507443.2467139723	3881212.192692876	120
507443.3742883607	3881212.270425562	120
507443.5018627469	3881212.348158253	120
507443.5018627469	3881212.348158253	120
507443.5018627469	3881212.348158253	120
507443.6385541235	3881212.425898399	120
507443.7752454956	3881212.503638549	120
507443.7752454956	3881212.503638549	120
507443.7752454956	3881212.503638549	120
507443.9119368653	3881212.5813787007	120
507444.0486282326	3881212.659118853	120
507443.9119368653	3881212.5813787007	120
507444.0486282326	3881212.659118853	120
507444.1853195976	3881212.7368590087	120
507444.1853195976	3881212.7368590087	120
507444.3128939704	3881212.814591709	120
507444.3128939704	3881212.814591709	120
507444.458702323	3881212.892339325	120
507444.458702323	3881212.892339325	120
507444.5953936834	3881212.970079487	120
507444.7320941096	3881213.0367298913	120
507444.7320941096	3881213.0367298913	120
507444.8687854632	3881213.1144700577	120
507444.8687854632	3881213.1144700577	120
507444.8687854632	3881213.1144700577	120
507445.014593804	3881213.192217682	120
507445.1421681632	3881213.269950393	120
507445.014593804	3881213.192217682	120
507445.278868581	3881213.336600807	120
507445.278868581	3881213.336600807	120
507445.278868581	3881213.336600807	120
507445.4155599277	3881213.414340981	120
507445.4155599277	3881213.414340981	120
507445.5431342804	3881213.4920736994	120
507445.5431342804	3881213.4920736994	120
507445.6798256225	3881213.569813877	120
507445.8073999707	3881213.647546598	120
507445.6798256225	3881213.569813877	120
507445.9440913058	3881213.72528678	120
507445.9440913058	3881213.72528678	120
507446.080791711	3881213.791937207	120
507445.9440913058	3881213.72528678	120
507446.080791711	3881213.791937207	120
507446.20836605504	3881213.869669933	120
507446.3450573834	3881213.947410121	120
507446.3450573834	3881213.947410121	120
507446.3450573834	3881213.947410121	120
507446.4726317207	3881214.025142852	120
507446.4726317207	3881214.025142852	120
507446.6093321174	3881214.091793286	120
507446.6093321174	3881214.091793286	120
507446.7460234391	3881214.16953348	120
507446.8736068431	3881214.2361764577	120
507446.7460234391	3881214.16953348	120
507446.8736068431	3881214.2361764577	120
507447.0194151488	3881214.313924114	120
507447.0194151488	3881214.313924114	120
507447.1561155394	3881214.380574556	120
507447.1561155394	3881214.380574556	120
507447.2928068544	3881214.4583147583	120
507447.2928068544	3881214.4583147583	120
507447.4203811741	3881214.536047504	120
507447.547955494	3881214.613780249	120
507447.547955494	3881214.613780249	120
507447.6755298117	3881214.691512998	120
507447.6755298117	3881214.691512998	120
507447.6755298117	3881214.691512998	120
507447.8031041295	3881214.769245748	120
507447.8031041295	3881214.769245748	120
507447.9398045053	3881214.835896202	120
507447.9398045053	3881214.835896202	120
507448.0673697418	3881214.924718713	120
507448.1949440507	3881215.0024514697	120
507448.0673697418	3881214.924718713	120
507448.3225274347	3881215.069094467	120
507448.1949440507	3881215.0024514697	120
507448.3225274347	3881215.069094467	120
507448.4409847517	3881215.1468197657	120
507448.4409847517	3881215.1468197657	120
507448.5594420667	3881215.224545066	120
507448.5594420667	3881215.224545066	120
507448.6870163696	3881215.302277829	120
507448.6870163696	3881215.302277829	120
507448.8054736781	3881215.380003132	120
507448.93305704993	3881215.446646139	120
507448.93305704993	3881215.446646139	120
507449.0606313464	3881215.524378906	120
507449.0606313464	3881215.524378906	120
507449.1882056384	3881215.602111676	120
507449.1882056384	3881215.602111676	120
507449.1882056384	3881215.602111676	120
507449.3157799282	3881215.679844448	120
507449.3157799282	3881215.679844448	120
507449.4342372288	3881215.75756976	120
507449.4342372288	3881215.75756976	120
507449.56181151664	3881215.835302535	120
507449.6893948743	3881215.901945551	120
507449.6893948743	3881215.901945551	120
507449.6893948743	3881215.901945551	120
507449.8169691557	3881215.97967833	120
507449.8169691557	3881215.97967833	120
507449.9354355273	3881216.04631389	120
507449.9354355273	3881216.04631389	120
507450.0721267912	3881216.124054134	120
507450.0721267912	3881216.124054134	120
507450.1997010661	3881216.201786918	120
507450.3363923255	3881216.279527166	120
507450.3363923255	3881216.279527166	120
507450.3363923255	3881216.279527166	120
507450.4639756736	3881216.346170194	120
507450.4639756736	3881216.346170194	120
507450.5915499444	3881216.423902984	120
507450.5915499444	3881216.423902984	120
507450.71912421065	3881216.501635775	120
507450.8466984749	3881216.579368568	120
507450.71912421065	3881216.501635775	120
507450.9742727367	3881216.657101364	120
507450.9742727367	3881216.657101364	120
507451.1018469989	3881216.73483416	120
507451.1018469989	3881216.73483416	120
507451.2385382424	3881216.812574421	120
507451.2385382424	3881216.812574421	120
507451.2385382424	3881216.812574421	120
507451.3661124977	3881216.8903072216	120
507451.3661124977	3881216.8903072216	120
507451.4936867509	3881216.968040025	120
507451.4936867509	3881216.968040025	120
507451.6212700831	3881217.034683071	120
507451.6212700831	3881217.034683071	120
507451.7579522386	3881217.1235130993	120
507451.8855264852	3881217.201245905	120
507451.8855264852	3881217.201245905	120
507452.01310980896	3881217.267888956	120
507452.01310980896	3881217.267888956	120
507452.14068405365	3881217.345621768	120
507452.14068405365	3881217.345621768	120
507452.14068405365	3881217.345621768	120
507452.2773752792	3881217.423362045	120
507452.2773752792	3881217.423362045	120
507452.4140665024	3881217.501102325	120
507452.4140665024	3881217.501102325	120
507452.541640738	3881217.578835141	120
507452.541640738	3881217.578835141	120
507452.6783410369	3881217.645485668	120
507452.6783410369	3881217.645485668	120
507452.8059152682	3881217.723218488	120
507452.8059152682	3881217.723218488	120
507452.9334894997	3881217.80095131	120
507453.0610728075	3881217.8675943767	120
507452.9334894997	3881217.80095131	120
507453.0610728075	3881217.8675943767	120
507453.1977730983	3881217.934244908	120
507453.334464306	3881218.0119852014	120
507453.334464306	3881218.0119852014	120
507453.334464306	3881218.0119852014	120
507453.4711555113	3881218.0897254976	120
507453.4711555113	3881218.0897254976	120
507453.5987388133	3881218.1563685713	120
507453.5987388133	3881218.1563685713	120
507453.7354300143	3881218.2341088713	120
507453.7354300143	3881218.2341088713	120
507453.86300422833	3881218.311841707	120
507453.86300422833	3881218.311841707	120
507453.99969542463	3881218.3895820114	120
507453.99969542463	3881218.3895820114	120
507454.1363957008	3881218.456232557	120
507454.1363957008	3881218.456232557	120
507454.2639699082	3881218.5339654	120
507454.2639699082	3881218.5339654	120
507454.4006611001	3881218.611705708	120
507454.4006611001	3881218.611705708	120
507454.5373522896	3881218.68944602	120
507454.5373522896	3881218.68944602	120
507454.67404347454	3881218.7671863353	120
507454.67404347454	3881218.7671863353	120
507454.801626756	3881218.833829425	120
507454.801626756	3881218.833829425	120
507454.9292009526	3881218.911562274	120
507455.0567751493	3881218.989295128	120
507455.0567751493	3881218.989295128	120
507455.0567751493	3881218.989295128	120
507455.1843493392	3881219.0670279823	120
507455.1843493392	3881219.0670279823	120
507455.31193261273	3881219.1336710793	120
507455.31193261273	3881219.1336710793	120
507455.4395068007	3881219.211403937	120
507455.4395068007	3881219.211403937	120
507455.5670809888	3881219.2891368	120
507455.5670809888	3881219.2891368	120
507455.6946642565	3881219.355779901	120
507455.6946642565	3881219.355779901	120
507455.8222384381	3881219.433512763	120
507455.8222384381	3881219.433512763	120
507455.9498217018	3881219.500155869	120
507455.9498217018	3881219.500155869	120
507456.0773958815	3881219.577888736	120
507456.0773958815	3881219.577888736	120
507456.2049791413	3881219.644531846	120
507456.2049791413	3881219.644531846	120
507456.33255331457	3881219.722264717	120
507456.33255331457	3881219.722264717	120
507456.4601365728	3881219.788907831	120
507456.4601365728	3881219.788907831	120
507456.58771074185	3881219.866640705	120
507456.58771074185	3881219.866640705	120
507456.71529399394	3881219.933283822	120
507456.71529399394	3881219.933283822	120
507456.8428772418	3881219.999926942	120
507456.8428772418	3881219.999926942	120
507456.9704514069	3881220.077659821	120
507457.0980346532	3881220.1443029433	120
507456.9704514069	3881220.077659821	120
507457.0980346532	3881220.1443029433	120
507457.2256088118	3881220.222035826	120
507457.2256088118	3881220.222035826	120
507457.3531920542	3881220.288678952	120
507457.3531920542	3881220.288678952	120
507457.480775297	3881220.3553220816	120
507457.61746643175	3881220.4330624393	120
507457.480775297	3881220.3553220816	120
507457.7450496684	3881220.49970557	120
507457.61746643175	3881220.4330624393	120
507457.7450496684	3881220.49970557	120
507457.8726419897	3881220.555258946	120
507457.8726419897	3881220.555258946	120
507458.0002252227	3881220.6219020816	120
507458.0002252227	3881220.6219020816	120
507458.1277993692	3881220.6996349767	120
507458.1277993692	3881220.6996349767	120
507458.2553825983	3881220.766278117	120
507458.2553825983	3881220.766278117	120
507458.3920828076	3881220.832928728	120
507458.3920828076	3881220.832928728	120
507458.52878301474	3881220.899579341	120
507458.52878301474	3881220.899579341	120
507458.6563571528	3881220.977312246	120
507458.7930664437	3881221.032873104	120
507458.6563571528	3881220.977312246	120
507458.7930664437	3881221.032873104	120
507458.929766645	3881221.099523723	120
507458.929766645	3881221.099523723	120
507459.05734986265	3881221.1661668736	120
507459.05734986265	3881221.1661668736	120
507459.1940409717	3881221.243907256	120
507459.1940409717	3881221.243907256	120
507459.3216241854	3881221.3105504094	120
507459.3216241854	3881221.3105504094	120
507459.458324381	3881221.377201037	120
507459.458324381	3881221.377201037	120
507459.5859075909	3881221.4438441936	120
507459.5859075909	3881221.4438441936	120
507459.7225986912	3881221.521584585	120
507459.7225986912	3881221.521584585	120
507459.8592988808	3881221.588235221	120
507459.8592988808	3881221.588235221	120
507459.98687299545	3881221.665968142	120
507459.98687299545	3881221.665968142	120
507460.1235731808	3881221.7326187794	120
507460.1235731808	3881221.7326187794	120
507460.2511472913	3881221.810351705	120
507460.2511472913	3881221.810351705	120
507460.3878383805	3881221.8880921057	120
507460.3878383805	3881221.8880921057	120
507460.5154124865	3881221.9658250352	120
507460.5154124865	3881221.9658250352	120
507460.64297750033	3881222.054647725	120
507460.64297750033	3881222.054647725	120
507460.7705516019	3881222.132380658	120
507460.7705516019	3881222.132380658	120
507460.90724268416	3881222.210121066	120
507460.90724268416	3881222.210121066	120
507461.0348167812	3881222.2878540014	120
507461.0348167812	3881222.2878540014	120
507461.1623908738	3881222.365586943	120
507461.1623908738	3881222.365586943	120
507461.2899649688	3881222.443319882	120
507461.2899649688	3881222.443319882	120
507461.4175390594	3881222.521052824	120
507461.4175390594	3881222.521052824	120
507461.5542210368	3881222.609883001	120
507461.5542210368	3881222.609883001	120
507461.6817951228	3881222.687615947	120
507461.6817951228	3881222.687615947	120
507461.81848618895	3881222.765356369	120
507461.9460511789	3881222.854179077	120
507461.81848618895	3881222.765356369	120
507461.9460511789	3881222.854179077	120
507462.0827422402	3881222.931919503	120
507462.0827422402	3881222.931919503	120
507462.2103163148	3881223.0096524567	120
507462.2103163148	3881223.0096524567	120
507462.3378903896	3881223.087385411	120
507462.3378903896	3881223.087385411	120
507462.4654644621	3881223.1651183697	120
507462.4654644621	3881223.1651183697	120
507462.5930294424	3881223.253941088	120
507462.5930294424	3881223.253941088	120
507462.7206035105	3881223.3316740473	120
507462.8572945557	3881223.409414486	120
507462.8572945557	3881223.409414486	120
507462.8572945557	3881223.409414486	120
507462.9848686193	3881223.487147449	120
507462.9848686193	3881223.487147449	120
507463.1215596624	3881223.564887892	120
507463.1215596624	3881223.564887892	120
507463.2491337215	3881223.642620859	120
507463.3766986851	3881223.731443587	120
507463.3766986851	3881223.731443587	120
507463.3766986851	3881223.731443587	120
507463.5133897189	3881223.809184036	120
507463.5133897189	3881223.809184036	120
507463.6500716587	3881223.898014243	120
507463.7776457087	3881223.9757472174	120
507463.6500716587	3881223.898014243	120
507463.7776457087	3881223.9757472174	120
507463.9143367376	3881224.053487674	120
507464.0601356463	3881224.142325364	120
507464.0601356463	3881224.142325364	120
507464.0601356463	3881224.142325364	120
507464.1968357624	3881224.208976064	120
507464.1968357624	3881224.208976064	120
507464.3244007088	3881224.297798806	120
507464.3244007088	3881224.297798806	120
507464.4610917258	3881224.375539267	120
507464.4610917258	3881224.375539267	120
507464.5977827405	3881224.4532797313	120
507464.5977827405	3881224.4532797313	120
507464.7344737552	3881224.5310201994	120
507464.7344737552	3881224.5310201994	120
507464.8802817458	3881224.608768144	120
507464.8802817458	3881224.608768144	120
507465.0169818488	3881224.675418856	120
507465.0169818488	3881224.675418856	120
507465.16278983233	3881224.753166805	120
507465.16278983233	3881224.753166805	120
507465.2994899312	3881224.819817522	120
507465.4452979123	3881224.897565474	120
507465.2994899312	3881224.819817522	120
507465.4452979123	3881224.897565474	120
507465.5819980069	3881224.964216197	120
507465.5819980069	3881224.964216197	120
507465.8553799971	3881225.11969716	120
507465.8553799971	3881225.11969716	120
507466.0011879663	3881225.197445124	120
507466.0011879663	3881225.197445124	120
507466.1378789579	3881225.27518561	120
507466.1378789579	3881225.27518561	120
507466.2745699471	3881225.352926101	120
507466.4112609317	3881225.430666592	80
507466.2745699471	3881225.352926101	80
507466.4112609317	3881225.430666592	80
507466.5479519139	3881225.5084070857	80
507466.5479519139	3881225.5084070857	80
507466.675535014	3881225.5750503433	80
507466.675535014	3881225.5750503433	80
507466.8031090146	3881225.652783361	80
507466.8031090146	3881225.652783361	80
507466.9489169672	3881225.73053134	80
507466.9489169672	3881225.73053134	80
507467.08560794033	3881225.808271842	80
507467.08560794033	3881225.808271842	80
507467.2222989135	3881225.886012346	80
507467.2222989135	3881225.886012346	80
507467.3589898842	3881225.963752852	80
507467.4956808504	3881226.04149336	80
507467.3589898842	3881225.963752852	80
507467.4956808504	3881226.04149336	80
507467.6323809127	3881226.108144111	80
507467.6323809127	3881226.108144111	80
507467.7690718743	3881226.1858846233	80
507467.7690718743	3881226.1858846233	80
507467.8966458571	3881226.263617657	80
507467.8966458571	3881226.263617657	80
507468.0333368164	3881226.341358172	80
507468.16091079474	3881226.419091211	80
507468.16091079474	3881226.419091211	80
507468.16091079474	3881226.419091211	80
507468.2976017472	3881226.4968317295	80
507468.2976017472	3881226.4968317295	80
507468.4342926972	3881226.574572252	80
507468.4342926972	3881226.574572252	80
507468.5709927448	3881226.6412230176	80
507468.5709927448	3881226.6412230176	80
507468.7076836903	3881226.718963544	80
507468.83526676	3881226.785606833	80
507468.83526676	3881226.785606833	80
507468.83526676	3881226.785606833	80
507468.96284072514	3881226.863339881	80
507468.96284072514	3881226.863339881	80
507469.0995316641	3881226.941080414	80
507469.0995316641	3881226.941080414	80
507469.236222603	3881227.018820948	80
507469.3729135372	3881227.096561485	80
507469.3729135372	3881227.096561485	80
507469.3729135372	3881227.096561485	80
507469.5096044691	3881227.1743020224	80
507469.5096044691	3881227.1743020224	80
507469.6462953987	3881227.252042564	80
507469.6462953987	3881227.252042564	80
507469.7829863282	3881227.329783105	80
507469.7829863282	3881227.329783105	80
507469.9196863545	3881227.396433892	80
507469.9196863545	3881227.396433892	80
507470.0563681757	3881227.485264196	80
507470.0563681757	3881227.485264196	80
507470.1930499943	3881227.574094504	80
507470.1930499943	3881227.574094504	80
507470.3297318125	3881227.6629248136	80
507470.3297318125	3881227.6629248136	80
507470.4664227277	3881227.7406653664	80
507470.4664227277	3881227.7406653664	80
507470.6031045384	3881227.82949568	80
507470.6031045384	3881227.82949568	80
507470.7397954511	3881227.9072362375	80
507470.7397954511	3881227.9072362375	80
507470.8673602818	3881227.996059072	80
507470.9949342127	3881228.07379215	80
507470.8673602818	3881227.996059072	80
507471.1316160133	3881228.1626224713	80
507471.1316160133	3881228.1626224713	80
507471.1316160133	3881228.1626224713	80
507471.2591808365	3881228.251445311	80
507471.2591808365	3881228.251445311	80
507471.3867547629	3881228.329178394	80
507471.3867547629	3881228.329178394	80
507471.5234365557	3881228.418008722	80
507471.6510104751	3881228.495741809	80
507471.5234365557	3881228.418008722	80
507471.6510104751	3881228.495741809	80
507471.7877013665	3881228.5734823807	80
507471.7877013665	3881228.5734823807	80
507471.9243831518	3881228.6623127135	80
507471.9243831518	3881228.6623127135	80
507472.0519570666	3881228.740045808	80
507472.0519570666	3881228.740045808	80
507472.188647951	3881228.8177863862	80
507472.188647951	3881228.8177863862	80
507472.325338833	3881228.895526967	80
507472.325338833	3881228.895526967	80
507472.4620297128	3881228.9732675496	80
507472.4620297128	3881228.9732675496	80
507472.59872969694	3881229.039918377	80
507472.59872969694	3881229.039918377	80
507472.7354205721	3881229.117658964	80
507472.7354205721	3881229.117658964	80
507472.87211144494	3881229.1953995535	80
507472.87211144494	3881229.1953995535	80
507473.0088114229	3881229.2620503856	80
507473.1363853178	3881229.339783494	80
507473.1363853178	3881229.339783494	80
507473.1363853178	3881229.339783494	80
507473.2730761839	3881229.4175240896	80
507473.4097670476	3881229.495264687	80
507473.2730761839	3881229.4175240896	80
507473.4097670476	3881229.495264687	80
507473.5464670148	3881229.561915527	80
507473.6740409008	3881229.639648642	80
507473.6740409008	3881229.639648642	80
507473.6740409008	3881229.639648642	80
507473.81073176017	3881229.717389246	80
507473.81073176017	3881229.717389246	80
507473.9474317234	3881229.784040093	80
507473.9474317234	3881229.784040093	80
507474.084122576	3881229.861780701	80
507474.220813426	3881229.9395213104	80
507474.220813426	3881229.9395213104	80
507474.220813426	3881229.9395213104	80
507474.3575042738	3881230.0172619214	80
507474.3575042738	3881230.0172619214	80
507474.4941951192	3881230.0950025367	80
507474.4941951192	3881230.0950025367	80
507474.6308859624	3881230.172743152	80
507474.6308859624	3881230.172743152	80
507474.7675768056	3881230.25048377	80
507474.7675768056	3881230.25048377	80
507474.8951506715	3881230.328216901	80
507474.8951506715	3881230.328216901	80
507475.0318415077	3881230.405957524	80
507475.0318415077	3881230.405957524	80
507475.1594153693	3881230.483690661	80
507475.1594153693	3881230.483690661	80
507475.2869983365	3881230.55033404	80
507475.2869983365	3881230.55033404	80
507475.4145721962	3881230.628067181	80
507475.4145721962	3881230.628067181	80
507475.5512630234	3881230.705807809	80
507475.68794474	3881230.7946382	80
507475.5512630234	3881230.705807809	80
507475.68794474	3881230.7946382	80
507475.8155185905	3881230.8723713458	80
507475.8155185905	3881230.8723713458	80
507475.9522094106	3881230.9501119824	80
507476.079783259	3881231.027845132	80
507476.079783259	3881231.027845132	80
507476.079783259	3881231.027845132	80
507476.21646496793	3881231.1166755296	80
507476.21646496793	3881231.1166755296	80
507476.34403880703	3881231.194408684	80
507476.4716126463	3881231.2721418384	80
507476.34403880703	3881231.194408684	80
507476.4716126463	3881231.2721418384	80
507476.6082943477	3881231.360972243	80
507476.6082943477	3881231.360972243	80
507476.7358681823	3881231.4387054015	80
507476.8634420149	3881231.5164385615	80
507476.7358681823	3881231.4387054015	80
507477.0001237088	3881231.605268973	80
507476.8634420149	3881231.5164385615	80
507477.1276975344	3881231.683002137	80
507477.0001237088	3881231.605268973	80
507477.26438833575	3881231.760742794	80
507477.26438833575	3881231.760742794	80
507477.3919530464	3881231.84956572	80
507477.3919530464	3881231.84956572	80
507477.3919530464	3881231.84956572	80
507477.5286438408	3881231.927306378	80
507477.5286438408	3881231.927306378	80
507477.6653255196	3881232.0161368	80
507477.6653255196	3881232.0161368	80
507477.80200719583	3881232.104967223	80
507477.80200719583	3881232.104967223	80
507477.9386979805	3881232.182707888	80
507477.9386979805	3881232.182707888	80
507478.0753887629	3881232.260448556	80
507478.0753887629	3881232.260448556	80
507478.2120704314	3881232.3492789855	80
507478.2120704314	3881232.3492789855	80
507478.3487612112	3881232.427019658	80
507478.4854519887	3881232.504760332	80
507478.4854519887	3881232.504760332	80
507478.6221427616	3881232.582501009	80
507478.6221427616	3881232.582501009	80
507478.6221427616	3881232.582501009	80
507478.7679413901	3881232.671338936	80
507478.913749128	3881232.749087108	80
507478.913749128	3881232.749087108	80
507478.913749128	3881232.749087108	80
507479.05043989583	3881232.826827792	80
507479.05043989583	3881232.826827792	80
507479.1962567417	3881232.8934862087	80
507479.1962567417	3881232.8934862087	80
507479.3329475025	3881232.971226896	80
507479.3329475025	3881232.971226896	80
507479.478764344	3881233.037885317	80
507479.6063381306	3881233.1156185176	80
507479.6063381306	3881233.1156185176	80
507479.6063381306	3881233.1156185176	80
507479.7430380004	3881233.182269453	80
507479.8888457242	3881233.26001764	80
507479.8888457242	3881233.26001764	80
507479.8888457242	3881233.26001764	80
507480.0255364737	3881233.3377583376	80
507480.1622272209	3881233.4154990353	80
507480.0255364737	3881233.3377583376	80
507480.3080349352	3881233.493247231	80
507480.3080349352	3881233.493247231	80
507480.4447256776	3881233.570987935	80
507480.4447256776	3881233.570987935	80
507480.4447256776	3881233.570987935	80
507480.590533389	3881233.648736133	80
507480.590533389	3881233.648736133	80
507480.7272241268	3881233.7264768416	80
507480.8639148621	3881233.804217552	80
507480.8639148621	3881233.804217552	80
507480.8639148621	3881233.804217552	80
507481.0097225641	3881233.881965756	80
507481.0097225641	3881233.881965756	80
507481.1464224144	3881233.948616712	80
507481.1464224144	3881233.948616712	80
507481.2831131428	3881234.026357429	80
507481.4198038689	3881234.104098149	80
507481.2831131428	3881234.026357429	80
507481.4198038689	3881234.104098149	80
507481.5565037083	3881234.170749111	80
507481.5565037083	3881234.170749111	80
507481.6931944298	3881234.248489833	80
507481.6931944298	3881234.248489833	80
507481.8207681807	3881234.3262230633	80
507481.8207681807	3881234.3262230633	80
507481.9574588977	3881234.403963791	80
507482.0941587286	3881234.470614761	80
507482.0941587286	3881234.470614761	80
507482.2308494434	3881234.5483554914	80
507482.0941587286	3881234.470614761	80
507482.367540156	3881234.626096224	80
507482.2308494434	3881234.5483554914	80
507482.367540156	3881234.626096224	80
507482.5042308637	3881234.7038369584	80
507482.5042308637	3881234.7038369584	80
507482.6500385373	3881234.781585192	80
507482.6500385373	3881234.781585192	80
507482.7867292403	3881234.859325931	80
507482.7867292403	3881234.859325931	80
507482.9234199411	3881234.937066672	80
507482.9234199411	3881234.937066672	80
507483.0509936717	3881235.01479992	80
507483.1968104578	3881235.081458402	80
507483.0509936717	3881235.01479992	80
507483.1968104578	3881235.081458402	80
507483.3335011517	3881235.159199149	80
507483.3335011517	3881235.159199149	80
507483.4610748757	3881235.236932403	80
507483.4610748757	3881235.236932403	80
507483.597765565	3881235.3146731537	80
507483.597765565	3881235.3146731537	80
507483.7435732194	3881235.392421404	80
507483.7435732194	3881235.392421404	80
507483.88026390405	3881235.47016216	80
507484.0078467376	3881235.5368056633	80
507484.0078467376	3881235.5368056633	80
507484.0078467376	3881235.5368056633	80
507484.14453741774	3881235.6145464233	80
507484.2903450673	3881235.692294682	80
507484.2903450673	3881235.692294682	80
507484.4270448618	3881235.7589456863	80
507484.4270448618	3881235.7589456863	80
507484.5728616213	3881235.825604191	80
507484.5728616213	3881235.825604191	80
507484.7186783785	3881235.8922626977	80
507484.7186783785	3881235.8922626977	80
507484.8645042557	3881235.947831448	80
507484.8645042557	3881235.947831448	80
507485.0012040422	3881236.014482462	80
507485.0012040422	3881236.014482462	80
507485.0012040422	3881236.014482462	80
507485.1470299133	3881236.070051216	80
507485.1470299133	3881236.070051216	80
507485.292855785	3881236.125619972	80
507485.292855785	3881236.125619972	80
507485.4386907729	3881236.1700989744	80
507485.5936336055	3881236.2256752336	80
507485.5936336055	3881236.2256752336	80
507485.5936336055	3881236.2256752336	80
507485.7394685926	3881236.27015424	80
507485.7394685926	3881236.27015424	80
507485.8853035761	3881236.3146332456	80
507486.0402646479	3881236.348029996	80
507486.0402646479	3881236.348029996	80
507486.18609962857	3881236.392509008	80
507486.18609962857	3881236.392509008	80
507486.341060698	3881236.425905764	80
507486.341060698	3881236.425905764	80
507486.4869047976	3881236.459295021	80
507486.4869047976	3881236.459295021	80
507486.4869047976	3881236.459295021	80
507486.6418658625	3881236.4926917823	80
507486.6418658625	3881236.4926917823	80
507486.7968360481	3881236.5149987848	80
507486.7968360481	3881236.5149987848	80
507486.9517971132	3881236.5483955503	80
507486.9517971132	3881236.5483955503	80
507487.1067764196	3881236.5596128	80
507487.1067764196	3881236.5596128	80
507487.2617466054	3881236.581919812	80
507487.2617466054	3881236.581919812	80
507487.4076089446	3881236.5931295664	80
507487.5716960952	3881236.615444084	80
507487.4076089446	3881236.5931295664	80
507487.7266845228	3881236.615571586	80
507487.7266845228	3881236.615571586	80
507487.7266845228	3881236.615571586	80
507487.87255598657	3881236.6156915897	80
507487.87255598657	3881236.6156915897	80
507488.02754441183	3881236.615819097	80
507488.02754441183	3881236.615819097	80
507488.1734250016	3881236.604849346	80
507488.1734250016	3881236.604849346	80
507488.319305587	3881236.5938795977	80
507488.319305587	3881236.5938795977	80
507488.4743213871	3881236.560737836	80
507488.4743213871	3881236.560737836	80
507488.6202110978	3881236.538678336	80
507488.6202110978	3881236.538678336	80
507488.92110749	3881236.49456684	80
507489.0670154524	3881236.450327827	80
507489.0670154524	3881236.450327827	80
507489.0670154524	3881236.450327827	80
507489.2129325412	3881236.3949990575	80
507489.2129325412	3881236.3949990575	80
507489.358849634	3881236.339670292	80
507489.358849634	3881236.339670292	80
507489.5047667264	3881236.284341526	80
507489.5047667264	3881236.284341526	80
507489.6506838204	3881236.229012765	80
507489.6506838204	3881236.229012765	80
507489.7874748286	3881236.184766262	80
507489.7874748286	3881236.184766262	80
507489.933391926	3881236.129437504	80
507489.933391926	3881236.129437504	80
507490.0701920584	3881236.0741012464	80
507490.0701920584	3881236.0741012464	80
507490.197884352	3881236.0076677296	80
507490.3255766472	3881235.941234214	80
507490.197884352	3881236.0076677296	80
507490.3255766472	3881235.941234214	80
507490.4532780709	3881235.863710942	80
507490.4532780709	3881235.863710942	80
507490.571862532	3881235.786180168	80
507490.571862532	3881235.786180168	80
507490.6904561172	3881235.697559638	80
507490.8181666744	3881235.60894661	80
507490.6904561172	3881235.697559638	80
507490.8181666744	3881235.60894661	80
507490.9367511418	3881235.5314158415	80
507490.9367511418	3881235.5314158415	80
507491.0644617037	3881235.4428028194	80
507491.0644617037	3881235.4428028194	80
507491.1830461754	3881235.365272055	80
507491.1830461754	3881235.365272055	80
507491.3107658672	3881235.265569277	80
507491.3107658672	3881235.265569277	80
507491.4293594688	3881235.176948755	80
507491.5479530748	3881235.088328236	80
507491.5479530748	3881235.088328236	80
507491.5479530748	3881235.088328236	80
507491.666555809	3881234.988617959	80
507491.666555809	3881234.988617959	80
507491.7851494152	3881234.8999974416	80
507491.7851494152	3881234.8999974416	80
507491.8946351888	3881234.800279664	80
507491.8946351888	3881234.800279664	80
507492.0041209599	3881234.7005618857	80
507492.0041209599	3881234.7005618857	80
507492.10448977	3881234.600836607	80
507492.10448977	3881234.600836607	80
507492.18664290034	3881234.478916801	80
507492.18664290034	3881234.478916801	80
507492.277894744	3881234.3791840174	80
507492.277894744	3881234.3791840174	80
507492.3691557162	3881234.2683614776	80
507492.3691557162	3881234.2683614776	80
507492.4513088531	3881234.146441674	80
507492.5334528609	3881234.035611628	80
507492.4513088531	3881234.146441674	80
507492.5334528609	3881234.035611628	80
507492.6155968731	3881233.9247815856	80
507492.6155968731	3881233.9247815856	80
507492.6977408872	3881233.813951543	80
507492.6977408872	3881233.813951543	80
507492.77989403263	3881233.6920317416	80
507492.852930211	3881233.570104438	80
507492.77989403263	3881233.6920317416	80
507492.852930211	3881233.570104438	80
507492.9350833607	3881233.4481846383	80
507492.9350833607	3881233.4481846383	80
507493.0081104112	3881233.337347093	80
507493.09026356274	3881233.2154272953	80
507493.09026356274	3881233.2154272953	80
507493.09026356274	3881233.2154272953	80
507493.1632997491	3881233.093499992	80
507493.2272189675	3881232.971565185	80
507493.1632997491	3881233.093499992	80
507493.2272189675	3881232.971565185	80
507493.2911381877	3881232.849630377	80
507493.3641835073	3881232.7166133183	80
507493.2911381877	3881232.849630377	80
507493.3641835073	3881232.7166133183	80
507493.4190040209	3881232.572491489	80
507493.4190040209	3881232.572491489	80
507493.4646984335	3881232.439451912	80
507493.4646984335	3881232.439451912	80
507493.5286267884	3881232.306427348	80
507493.5286267884	3881232.306427348	80
507493.5834381768	3881232.173395278	80
507493.6473574073	3881232.051460473	80
507493.6473574073	3881232.051460473	80
507493.6473574073	3881232.051460473	80
507493.7021687968	3881231.9184284047	80
507493.7021687968	3881231.9184284047	80
507493.7660880306	3881231.7964936015	80
507493.7660880306	3881231.7964936015	80
507493.8300163944	3881231.663469039	80
507493.8300163944	3881231.663469039	80
507493.8939356341	3881231.541534236	80
507493.96697184	3881231.41960694	80
507493.8939356341	3881231.541534236	80
507494.0308910832	3881231.2976721385	80
507493.96697184	3881231.41960694	80
507494.0308910832	3881231.2976721385	80
507494.1039272953	3881231.175744844	80
507494.1039272953	3881231.175744844	80
507494.1678465397	3881231.053810042	80
507494.1678465397	3881231.053810042	80
507494.24088275776	3881230.931882748	80
507494.24088275776	3881230.931882748	80
507494.3048020034	3881230.809947949	80
507494.3048020034	3881230.809947949	80
507494.3869460662	3881230.699117922	80
507494.3869460662	3881230.699117922	80
507494.4508744468	3881230.566093365	80
507494.4508744468	3881230.566093365	80
507494.523919804	3881230.433076315	80
507494.523919804	3881230.433076315	80
507494.5969560318	3881230.311149024	80
507494.5969560318	3881230.311149024	80
507494.6699922593	3881230.189221735	80
507494.7430376226	3881230.0562046864	80
507494.6699922593	3881230.189221735	80
507494.82519082935	3881229.934284904	80
507494.82519082935	3881229.934284904	80
507494.82519082935	3881229.934284904	80
507494.8982270652	3881229.812357616	80
507494.8982270652	3881229.812357616	80
507494.9712633008	3881229.690430328	80
507494.9712633008	3881229.690430328	80
507495.0534165138	3881229.5685105496	80
507495.0534165138	3881229.5685105496	80
507495.13556972897	3881229.4465907696	80
507495.13556972897	3881229.4465907696	80
507495.2177138119	3881229.3357607513	80
507495.2177138119	3881229.3357607513	80
507495.2907500601	3881229.213833468	80
507495.2907500601	3881229.213833468	80
507495.3729032771	3881229.09191369	80
507495.3729032771	3881229.09191369	80
507495.4459395271	3881228.9699864057	80
507495.5280927529	3881228.848066632	80
507495.4459395271	3881228.9699864057	80
507495.5280927529	3881228.848066632	80
507495.6011198742	3881228.737229108	80
507495.6650665518	3881228.582025042	80
507495.6650665518	3881228.582025042	80
507495.6650665518	3881228.582025042	80
507495.72899497056	3881228.4490004936	80
507495.72899497056	3881228.4490004936	80
507495.8020494917	3881228.3048936953	80
507495.8020494917	3881228.3048936953	80
507495.8659779144	3881228.171869148	80
507495.9299063343	3881228.038844601	80
507495.9299063343	3881228.038844601	80
507495.9299063343	3881228.038844601	80
507496.0029517333	3881227.9058275633	80
507496.0029517333	3881227.9058275633	80
507496.066880157	3881227.772803017	80
507496.066880157	3881227.772803017	80
507496.1399255602	3881227.639785981	80
507496.1399255602	3881227.639785981	80
507496.2129709656	3881227.5067689447	80
507496.2129709656	3881227.5067689447	80
507496.2860163706	3881227.373751909	80
507496.3590526465	3881227.2518246346	80
507496.2860163706	3881227.373751909	80
507496.3590526465	3881227.2518246346	80
507496.4320889244	3881227.1298973584	80
507496.4320889244	3881227.1298973584	80
507496.5051343358	3881226.996880325	80
507496.5781706176	3881226.874953051	80
507496.5781706176	3881226.874953051	80
507496.5781706176	3881226.874953051	80
507496.6512160355	3881226.741936018	80
507496.7333692976	3881226.6200162554	80
507496.7333692976	3881226.6200162554	80
507496.7333692976	3881226.6200162554	80
507496.8064147174	3881226.486999224	80
507496.8885771181	3881226.353989703	80
507496.8885771181	3881226.353989703	80
507496.8885771181	3881226.353989703	80
507496.9616134103	3881226.232062432	80
507496.9616134103	3881226.232062432	80
507497.0437758157	3881226.099052911	80
507497.0437758157	3881226.099052911	80
507497.1259382234	3881225.9660433927	80
507497.1259382234	3881225.9660433927	80
507497.198983652	3881225.833026365	80
507497.2720290871	3881225.700009338	80
507497.198983652	3881225.833026365	80
507497.3541823669	3881225.57808958	80
507497.2720290871	3881225.700009338	80
507497.42722780415	3881225.4450725536	80
507497.3541823669	3881225.57808958	80
507497.42722780415	3881225.4450725536	80
507497.5093810884	3881225.323152797	80
507497.5915435099	3881225.1901432816	80
507497.5093810884	3881225.323152797	80
507497.6645798208	3881225.068216018	80
507497.5915435099	3881225.1901432816	80
507497.6645798208	3881225.068216018	80
507497.737625269	3881224.9351989934	80
507497.737625269	3881224.9351989934	80
507497.8197785597	3881224.813279241	80
507497.8928148766	3881224.691351978	80
507497.8928148766	3881224.691351978	80
507497.8928148766	3881224.691351978	80
507497.9658511956	3881224.569424715	80
507497.9658511956	3881224.569424715	80
507498.0388966498	3881224.436407693	80
507498.0388966498	3881224.436407693	80
507498.11194210855	3881224.303390674	80
507498.11194210855	3881224.303390674	80
507498.1849784336	3881224.1814634143	80
507498.2580238941	3881224.0484463936	80
507498.1849784336	3881224.1814634143	80
507498.2580238941	3881224.0484463936	80
507498.3310602231	3881223.9265191336	80
507498.3310602231	3881223.9265191336	80
507498.4132226692	3881223.793509628	80
507498.4862681385	3881223.66049261	80
507498.4132226692	3881223.793509628	80
507498.55930447136	3881223.538565353	80
507498.55930447136	3881223.538565353	80
507498.55930447136	3881223.538565353	80
507498.641457788	3881223.416645607	80
507498.641457788	3881223.416645607	80
507498.7145032637	3881223.2836285913	80
507498.7145032637	3881223.2836285913	80
507498.78754874144	3881223.1506115776	80
507498.78754874144	3881223.1506115776	80
507498.8605850824	3881223.028684321	80
507498.8605850824	3881223.028684321	80
507498.9336305644	3881222.895667309	80
507498.9336305644	3881222.895667309	80
507499.0157838917	3881222.773747566	80
507499.0157838917	3881222.773747566	80
507499.0979463583	3881222.640738065	80
507499.0979463583	3881222.640738065	80
507499.1709827074	3881222.518810812	80
507499.1709827074	3881222.518810812	80
507499.25313603913	3881222.396891074	80
507499.25313603913	3881222.396891074	80
507499.3352985125	3881222.2638815753	80
507499.3352985125	3881222.2638815753	80
507499.4174518509	3881222.141961836	80
507499.4174518509	3881222.141961836	80
507499.4904882108	3881222.020034586	80
507499.4904882108	3881222.020034586	80
507499.57265069097	3881221.88702509	80
507499.6548040337	3881221.7651053527	80
507499.6548040337	3881221.7651053527	80
507499.7278495375	3881221.6320883455	80
507499.6548040337	3881221.7651053527	80
507499.7278495375	3881221.6320883455	80
507499.8100028868	3881221.5101686106	80
507499.8100028868	3881221.5101686106	80
507499.8921562384	3881221.388248877	80
507499.8921562384	3881221.388248877	80
507499.9743095923	3881221.266329143	80
507499.9743095923	3881221.266329143	80
507500.0473459642	3881221.1444018977	80
507500.0473459642	3881221.1444018977	80
507500.1295084605	3881221.011392407	80
507500.1295084605	3881221.011392407	80
507500.2116618185	3881220.889472675	80
507500.284698199	3881220.7675454314	80
507500.2116618185	3881220.889472675	80
507500.284698199	3881220.7675454314	80
507500.3577437176	3881220.63452843	80
507500.3577437176	3881220.63452843	80
507500.4398970845	3881220.512608701	80
507500.4398970845	3881220.512608701	80
507500.5220504535	3881220.390688973	80
507500.5220504535	3881220.390688973	80
507500.6042038248	3881220.268769244	80
507500.6042038248	3881220.268769244	80
507500.6863571981	3881220.146849517	80
507500.6863571981	3881220.146849517	80
507500.7593935909	3881220.024922277	80
507500.7593935909	3881220.024922277	80
507500.8415561077	3881219.891912793	80
507500.8415561077	3881219.891912793	80
507500.91460164153	3881219.758895796	80
507500.91460164153	3881219.758895796	80
507500.9876380405	3881219.63696856	80
507500.9876380405	3881219.63696856	80
507501.0698005641	3881219.503959077	80
507501.0698005641	3881219.503959077	80
507501.1428369648	3881219.38203184	80
507501.1428369648	3881219.38203184	80
507501.2249903535	3881219.260112119	80
507501.2249903535	3881219.260112119	80
507501.2980267606	3881219.138184882	80
507501.38018015353	3881219.016265161	80
507501.2980267606	3881219.138184882	80
507501.38018015353	3881219.016265161	80
507501.4532257044	3881218.883248169	80
507501.4532257044	3881218.883248169	80
507501.526262113	3881218.761320936	80
507501.526262113	3881218.761320936	80
507501.5993076704	3881218.628303946	80
507501.5993076704	3881218.628303946	80
507501.6723532277	3881218.4952869546	80
507501.7453987824	3881218.362269965	80
507501.6723532277	3881218.4952869546	80
507501.8093365019	3881218.218155704	80
507501.7453987824	3881218.362269965	80
507501.8093365019	3881218.218155704	80
507501.8823820632	3881218.085138714	80
507501.8823820632	3881218.085138714	80
507501.946310644	3881217.9521142114	80
507501.946310644	3881217.9521142114	80
507502.0193562094	3881217.819097224	80
507502.0193562094	3881217.819097224	80
507502.10151876445	3881217.6860877513	80
507502.10151876445	3881217.6860877513	80
507502.1745643366	3881217.553070765	80
507502.1745643366	3881217.553070765	80
507502.2476099109	3881217.420053779	80
507502.2476099109	3881217.420053779	80
507502.320655485	3881217.287036794	80
507502.320655485	3881217.287036794	80
507502.4028180493	3881217.154027325	80
507502.4028180493	3881217.154027325	80
507502.4849806136	3881217.021017856	80
507502.4849806136	3881217.021017856	80
507502.5580261967	3881216.888000872	80
507502.5580261967	3881216.888000872	80
507502.640188768	3881216.754991405	80
507502.72235134174	3881216.621981937	80
507502.640188768	3881216.754991405	80
507502.72235134174	3881216.621981937	80
507502.79539692914	3881216.488964957	80
507502.79539692914	3881216.488964957	80
507502.8775503661	3881216.36704525	80
507502.8775503661	3881216.36704525	80
507502.9505959601	3881216.234028269	80
507502.9505959601	3881216.234028269	80
507503.03275854304	3881216.101018805	80
507503.03275854304	3881216.101018805	80
507503.1058041392	3881215.968001826	80
507503.1058041392	3881215.968001826	80
507503.1879575849	3881215.846082124	80
507503.1879575849	3881215.846082124	80
507503.2610031876	3881215.7130651455	80
507503.2610031876	3881215.7130651455	80
507503.33404879255	3881215.580048169	80
507503.33404879255	3881215.580048169	80
507503.4162022425	3881215.458128469	80
507503.4162022425	3881215.458128469	80
507503.4892478517	3881215.325111493	80
507503.4892478517	3881215.325111493	80
507503.57141045074	3881215.1921020327	80
507503.57141045074	3881215.1921020327	80
507503.6535639097	3881215.070182335	80
507503.6535639097	3881215.070182335	80
507503.73571736855	3881214.948262636	80
507503.73571736855	3881214.948262636	80
507503.81787997455	3881214.815253179	80
507503.81787997455	3881214.815253179	80
507503.9000334402	3881214.693333481	80
507503.9000334402	3881214.693333481	80
507503.9821960486	3881214.560324026	80
507503.9821960486	3881214.560324026	80
507504.0643495188	3881214.438404331	80
507504.0643495188	3881214.438404331	80
507504.14651213423	3881214.305394877	80
507504.14651213423	3881214.305394877	80
507504.21954862017	3881214.183467667	80
507504.21954862017	3881214.183467667	80
507504.30171124014	3881214.050458215	80
507504.30171124014	3881214.050458215	80
507504.3838647193	3881213.928538522	80
507504.3838647193	3881213.928538522	80
507504.4660273392	3881213.795529072	80
507504.4660273392	3881213.795529072	80
507504.5481991099	3881213.651429863	80
507504.5481991099	3881213.651429863	80
507504.6303617395	3881213.5184204136	80
507504.6303617395	3881213.5184204136	80
507504.7125243715	3881213.3854109664	80
507504.7946870059	3881213.252401519	80
507504.7125243715	3881213.3854109664	80
507504.7946870059	3881213.252401519	80
507504.8768496427	3881213.119392072	80
507504.8768496427	3881213.119392072	80
507504.9590122819	3881212.986382626	80
507504.9590122819	3881212.986382626	80
507505.0320579311	3881212.853365664	80
507505.0320579311	3881212.853365664	80
507505.114220575	3881212.720356219	80
507505.114220575	3881212.720356219	80
507505.1963832189	3881212.587346775	80
507505.1963832189	3881212.587346775	80
507505.2785550121	3881212.4432475744	80
507505.2785550121	3881212.4432475744	80
507505.35160067264	3881212.310230615	80
507505.35160067264	3881212.310230615	80
507505.43375418143	3881212.188310931	80
507505.43375418143	3881212.188310931	80
507505.5159259797	3881212.044211732	80
507505.5159259797	3881212.044211732	80
507505.5980886378	3881211.911202292	80
507505.5980886378	3881211.911202292	80
507505.6711343073	3881211.778185335	80
507505.6711343073	3881211.778185335	80
507505.7532969701	3881211.645175896	80
507505.7532969701	3881211.645175896	80
507505.826342644	3881211.51215894	80
507505.826342644	3881211.51215894	80
507505.9085144545	3881211.3680597455	80
507505.9085144545	3881211.3680597455	80
507505.9815601329	3881211.23504279	80
507505.9815601329	3881211.23504279	80
507506.0546058134	3881211.102025836	80
507506.0546058134	3881211.102025836	80
507506.136768488	3881210.969016402	80
507506.136768488	3881210.969016402	80
507506.218931165	3881210.836006968	80
507506.218931165	3881210.836006968	80
507506.2919677042	3881210.714079773	80
507506.2919677042	3881210.714079773	80
507506.3741303834	3881210.5810703407	80
507506.4562930674	3881210.448060908	80
507506.3741303834	3881210.5810703407	80
507506.5293296152	3881210.326133717	80
507506.4562930674	3881210.448060908	80
507506.5293296152	3881210.326133717	80
507506.60237530863	3881210.1931167673	80
507506.60237530863	3881210.1931167673	80
507506.68453799945	3881210.060107337	80
507506.68453799945	3881210.060107337	80
507506.75757455337	3881209.938180149	80
507506.75757455337	3881209.938180149	80
507506.8306202556	3881209.8051632	80
507506.9127829509	3881209.672153772	80
507506.9127829509	3881209.672153772	80
507506.9127829509	3881209.672153772	80
507506.9858195111	3881209.550226584	80
507506.9858195111	3881209.550226584	80
507507.0679822132	3881209.417217158	80
507507.0679822132	3881209.417217158	80
507507.1410279242	3881209.284200213	80
507507.1410279242	3881209.284200213	80
507507.2140644881	3881209.162273027	80
507507.2140644881	3881209.162273027	80
507507.29621805024	3881209.040353361	80
507507.3874977557	3881208.9073514575	80
507507.3874977557	3881208.9073514575	80
507507.3874977557	3881208.9073514575	80
507507.4787683142	3881208.7854393134	80
507507.56091273605	3881208.67460941	80
507507.56091273605	3881208.67460941	80
507507.56091273605	3881208.67460941	80
507507.6521833015	3881208.5526972655	80
507507.7343277277	3881208.441867364	80
507507.6521833015	3881208.5526972655	80
507507.7343277277	3881208.441867364	80
507507.8255982977	3881208.319955224	80
507507.8255982977	3881208.319955224	80
507507.907742728	3881208.209125322	80
507507.907742728	3881208.209125322	80
507507.9990133005	3881208.0872131833	80
507508.09027472994	3881207.9763908014	80
507507.9990133005	3881208.0872131833	80
507508.09027472994	3881207.9763908014	80
507508.1815361616	3881207.865568425	80
507508.1815361616	3881207.865568425	80
507508.2727975978	3881207.754746048	80
507508.2727975978	3881207.754746048	80
507508.36405903153	3881207.643923671	80
507508.36405903153	3881207.643923671	80
507508.4553204698	3881207.533101295	80
507508.5374740633	3881207.41118164	80
507508.5374740633	3881207.41118164	80
507508.5374740633	3881207.41118164	80
507508.6196276589	3881207.289261987	80
507508.6196276589	3881207.289261987	80
507508.6926551101	3881207.178424573	80
507508.6926551101	3881207.178424573	80
507508.84784531593	3881206.9345777454	80
507508.84784531593	3881206.9345777454	80
507508.9117649255	3881206.812643054	80
507508.9117649255	3881206.812643054	80
507508.9756845391	3881206.690708361	80
507508.9756845391	3881206.690708361	80
507509.039604152	3881206.568773668	80
507509.039604152	3881206.568773668	80
507509.1035329181	3881206.4357492174	80
507509.1035329181	3881206.4357492174	80
507509.1765695312	3881206.313822049	80
507509.1765695312	3881206.313822049	80
507509.2404891518	3881206.191887357	80
507509.2404891518	3881206.191887357	80
507509.3044179211	3881206.058862908	80
507509.3044179211	3881206.058862908	80
507509.37747284345	3881205.914756225	80
507509.37747284345	3881205.914756225	80
507509.4413924672	3881205.7928215344	80
507509.4413924672	3881205.7928215344	80
507509.5144473915	3881205.648714852	80
507509.5144473915	3881205.648714852	80
507509.57837616873	3881205.515690405	80
507509.6514219475	3881205.38267348	80
507509.57837616873	3881205.515690405	80
507509.7153507309	3881205.249649034	80
507509.7153507309	3881205.249649034	80
507509.77927951375	3881205.116624589	80
507509.77927951375	3881205.116624589	80
507509.9162449355	3881204.8616729807	80
507509.9162449355	3881204.8616729807	80
507509.98016457615	3881204.7397382953	80
507509.98016457615	3881204.7397382953	80
507510.0440933665	3881204.606713851	80
507510.0440933665	3881204.606713851	80
507510.0440933665	3881204.606713851	80
507510.1171300091	3881204.4847866897	80
507510.18104965513	3881204.362852006	80
507510.18104965513	3881204.362852006	80
507510.18104965513	3881204.362852006	80
507510.2449784534	3881204.2298275647	80
507510.2449784534	3881204.2298275647	80
507510.3180150994	3881204.107900403	80
507510.3910517497	3881203.985973244	80
507510.3180150994	3881204.107900403	80
507510.3910517497	3881203.985973244	80
507510.4640884021	3881203.8640460847	80
507510.52800805465	3881203.7421114026	80
507510.4640884021	3881203.8640460847	80
507510.6010355598	3881203.631274003	80
507510.6010355598	3881203.631274003	80
507510.6740813687	3881203.498257087	80
507510.6010355598	3881203.631274003	80
507510.6740813687	3881203.498257087	80
507510.7380010268	3881203.376322408	80
507510.7380010268	3881203.376322408	80
507510.8019115354	3881203.265477488	80
507510.8019115354	3881203.265477488	80
507510.8658311992	3881203.143542808	80
507510.8658311992	3881203.143542808	80
507511.0027783781	3881202.910770734	80
507511.0027783781	3881202.910770734	80
507511.0666980447	3881202.788836056	80
507511.0666980447	3881202.788836056	80
507511.1306085661	3881202.6779911374	80
507511.1306085661	3881202.6779911374	80
507511.1854112356	3881202.556048936	80
