508112.99836285	3881339.77053339	120
508112.99836285	3881339.77053339	120
508112.934584263	3881339.72611754	120
508112.934584263	3881339.72611754	120
508111.740876722	3881339.04857916	120
508111.740876722	3881339.04857916	120
508111.58601827	3881338.90427433	120
508111.58601827	3881338.90427433	120
508111.458451204	3881338.82653242	120
508111.458451204	3881338.82653242	120
508111.330894005	3881338.73770074	120
508111.330894005	3881338.73770074	120
508111.203336802	3881338.64886907	120
508111.203336802	3881338.64886907	120
508111.0757796	3881338.5600374	120
508111.0757796	3881338.5600374	120
508110.948212525	3881338.48229549	120
508110.948212525	3881338.48229549	120
508110.820645448	3881338.40455359	120
508110.820645448	3881338.40455359	120
508110.702195235	3881338.32681979	120
508110.702195235	3881338.32681979	120
508110.56549155	3881338.2712493	120
508110.437904731	3881338.21568692	120
508110.56549155	3881338.2712493	120
508110.310327779	3881338.14903479	120
508110.310327779	3881338.14903479	120
508110.310327779	3881338.14903479	120
508110.182740955	3881338.09347241	120
508110.04604713	3881338.02681217	120
508110.04604713	3881338.02681217	120
508110.04604713	3881338.02681217	120
508109.90936317	3881337.94906216	120
508109.90936317	3881337.94906216	120
508109.772679208	3881337.87131216	120
508109.645112113	3881337.79357027	120
508109.772679208	3881337.87131216	120
508109.645112113	3881337.79357027	120
508109.508428147	3881337.71582027	120
508109.371744173	3881337.63807027	120
508109.371744173	3881337.63807027	120
508109.225933469	3881337.57140192	120
508109.225933469	3881337.57140192	120
508109.225933469	3881337.57140192	120
508109.080132627	3881337.49364382	120
508109.080132627	3881337.49364382	120
508108.943448649	3881337.41589383	120
508108.80676467	3881337.33814384	120
508108.80676467	3881337.33814384	120
508108.80676467	3881337.33814384	120
508108.670090553	3881337.2493041	120
508108.670090553	3881337.2493041	120
508108.533416436	3881337.16046435	120
508108.533416436	3881337.16046435	120
508108.396742316	3881337.07162461	120
508108.260058328	3881336.99387463	120
508108.260058328	3881336.99387463	120
508108.123374337	3881336.91612465	120
508108.123374337	3881336.91612465	120
508108.123374337	3881336.91612465	120
508107.986680478	3881336.84946443	120
508107.986680478	3881336.84946443	120
508107.840879611	3881336.77170635	120
508107.840879611	3881336.77170635	120
508107.704195614	3881336.69395638	120
508107.704195614	3881336.69395638	120
508107.56750175	3881336.62729617	120
508107.56750175	3881336.62729617	120
508107.439934618	3881336.54955431	120
508107.439934618	3881336.54955431	120
508107.303260478	3881336.46071459	120
508107.303260478	3881336.46071459	120
508107.175703205	3881336.37188297	120
508107.175703205	3881336.37188297	120
508107.039029058	3881336.28304325	120
508107.039029058	3881336.28304325	120
508106.902345046	3881336.20529329	120
508106.902345046	3881336.20529329	120
508106.765661032	3881336.12754333	120
508106.765661032	3881336.12754333	120
508106.619860144	3881336.04978527	120
508106.619860144	3881336.04978527	120
508106.474059255	3881335.97202721	120
508106.474059255	3881335.97202721	120
508106.337375234	3881335.89427725	120
508106.337375234	3881335.89427725	120
508106.200691211	3881335.81652731	120
508106.200691211	3881335.81652731	120
508106.064007185	3881335.73877736	120
508106.064007185	3881335.73877736	120
508105.927333019	3881335.64993765	120
508105.927333019	3881335.64993765	120
508105.790658846	3881335.56109795	120
508105.790658846	3881335.56109795	120
508105.653974813	3881335.48334801	120
508105.653974813	3881335.48334801	120
508105.508173907	3881335.40558996	120
508105.508173907	3881335.40558996	120
508105.362363137	3881335.33892168	120
508105.362363137	3881335.33892168	120
508105.216552362	3881335.2722534	120
508105.216552362	3881335.2722534	120
508105.070731726	3881335.21667488	120
508105.070731726	3881335.21667488	120
508104.924920949	3881335.15000661	120
508104.924920949	3881335.15000661	120
508104.78822704	3881335.08334644	120
508104.78822704	3881335.08334644	120
508104.669766876	3881335.01670249	120
508104.669766876	3881335.01670249	120
508104.542189836	3881334.95005043	120
508104.542189836	3881334.95005043	120
508104.405495921	3881334.88339027	120
508104.405495921	3881334.88339027	120
508104.268811866	3881334.80564035	120
508104.268811866	3881334.80564035	120
508104.123010935	3881334.72788233	120
508104.123010935	3881334.72788233	120
508103.968083271	3881334.66120596	120
508103.968083271	3881334.66120596	120
508103.822282335	3881334.58344795	120
508103.676481399	3881334.50568993	120
508103.676481399	3881334.50568993	120
508103.676481399	3881334.50568993	120
508103.539797332	3881334.42794002	120
508103.539797332	3881334.42794002	120
508103.403123122	3881334.33910035	120
508103.403123122	3881334.33910035	120
508103.257341894	3881334.23916282	120
508103.257341894	3881334.23916282	120
508103.129794409	3881334.1392415	120
508103.129794409	3881334.1392415	120
508102.993120191	3881334.05040184	120
508102.993120191	3881334.05040184	120
508102.865572699	3881333.95048052	120
508102.719781602	3881333.86163276	120
508102.865572699	3881333.95048052	120
508102.573990503	3881333.772785	120
508102.573990503	3881333.772785	120
508102.573990503	3881333.772785	120
508102.446433147	3881333.68395345	120
508102.446433147	3881333.68395345	120
508102.309768773	3881333.58402404	120
508102.309768773	3881333.58402404	120
508102.182221268	3881333.48410274	120
508102.182221268	3881333.48410274	120
508102.045547031	3881333.39526309	120
508101.908882644	3881333.29533368	120
508101.908882644	3881333.29533368	120
508101.781325274	3881333.20650214	120
508101.781325274	3881333.20650214	120
508101.644641171	3881333.12875226	120
508101.644641171	3881333.12875226	120
508101.644641171	3881333.12875226	120
508101.498840193	3881333.05099428	120
508101.498840193	3881333.05099428	120
508101.34391248	3881332.98431796	120
508101.34391248	3881332.98431796	120
508101.19810164	3881332.91764975	120
508101.19810164	3881332.91764975	120
508101.052300655	3881332.83989177	120
508101.052300655	3881332.83989177	120
508100.915606684	3881332.77323166	120
508100.915606684	3881332.77323166	120
508100.769805692	3881332.69547369	120
508100.624004699	3881332.61771573	120
508100.624004699	3881332.61771573	120
508100.624004699	3881332.61771573	120
508100.478203704	3881332.53995776	120
508100.478203704	3881332.53995776	120
508100.332392849	3881332.47328956	120
508100.332392849	3881332.47328956	120
508100.195689012	3881332.41771923	120
508100.0498683	3881332.36214079	120
508100.0498683	3881332.36214079	120
508100.0498683	3881332.36214079	120
508099.89493071	3881332.30655425	120
508099.89493071	3881332.30655425	120
508099.749119849	3881332.23988606	120
508099.749119849	3881332.23988606	120
508099.603308986	3881332.17321787	120
508099.448400952	3881332.08436206	120
508099.448400952	3881332.08436206	120
508099.448400952	3881332.08436206	120
508099.302599938	3881332.00660412	120
508099.302599938	3881332.00660412	120
508099.156808774	3881331.91775641	120
508099.156808774	3881331.91775641	120
508099.001900734	3881331.82890061	120
508098.856089856	3881331.76223243	120
508098.856089856	3881331.76223243	120
508098.682938206	3881331.6844502	120
508098.682938206	3881331.6844502	120
508098.518893578	3881331.61776582	120
508098.518893578	3881331.61776582	120
508098.518893578	3881331.61776582	120
508098.363975672	3881331.53999979	120
508098.363975672	3881331.53999979	120
508098.209057765	3881331.46223376	120
508098.209057765	3881331.46223376	120
508098.054139853	3881331.38446774	120
508098.054139853	3881331.38446774	120
508097.908338817	3881331.30670981	120
508097.753430752	3881331.21785403	120
508097.753430752	3881331.21785403	120
508097.598512834	3881331.14008801	120
508097.598512834	3881331.14008801	120
508097.598512834	3881331.14008801	120
508097.443594912	3881331.062322	120
508097.28866714	3881330.99564575	120
508097.28866714	3881330.99564575	120
508097.28866714	3881330.99564575	120
508097.133749212	3881330.91787974	120
508096.969704555	3881330.85119539	120
508096.969704555	3881330.85119539	120
508096.823903501	3881330.77343749	120
508096.823903501	3881330.77343749	120
508096.678112294	3881330.68458982	120
508096.678112294	3881330.68458982	120
508096.678112294	3881330.68458982	120
508096.541437959	3881330.59575026	120
508096.395646747	3881330.5069026	120
508096.395646747	3881330.5069026	120
508096.240748504	3881330.40695708	120
508096.240748504	3881330.40695708	120
508096.094947436	3881330.32919919	120
508096.094947436	3881330.32919919	120
508095.94003934	3881330.24034344	120
508095.94003934	3881330.24034344	120
508095.776004511	3881330.16256935	120
508095.776004511	3881330.16256935	120
508095.621096406	3881330.07371361	120
508095.621096406	3881330.07371361	120
508095.475295328	3881329.99595572	120
508095.475295328	3881329.99595572	120
508095.338620972	3881329.90711618	120
508095.338620972	3881329.90711618	120
508095.192839585	3881329.80717878	120
508095.192839585	3881329.80717878	120
508095.056175073	3881329.70724947	120
508095.056175073	3881329.70724947	120
508094.910383832	3881329.61840184	120
508094.910383832	3881329.61840184	120
508094.75547571	3881329.52954611	120
508094.75547571	3881329.52954611	120
508094.609674615	3881329.45178824	120
508094.609674615	3881329.45178824	120
508094.445639761	3881329.37401418	120
508094.445639761	3881329.37401418	120
508094.290721786	3881329.29624822	120
508094.290721786	3881329.29624822	120
508094.135813652	3881329.2073925	120
508094.135813652	3881329.2073925	120
508093.990022394	3881329.11854488	120
508093.990022394	3881329.11854488	120
508093.844240981	3881329.0186075	120
508093.844240981	3881329.0186075	120
508093.707576438	3881328.91867822	120
508093.707576438	3881328.91867822	120
508093.561795019	3881328.81874084	120
508093.561795019	3881328.81874084	120
508093.416013597	3881328.71880347	120
508093.416013597	3881328.71880347	120
508093.261105446	3881328.62994776	120
508093.261105446	3881328.62994776	120
508093.106197293	3881328.54109206	120
508093.106197293	3881328.54109206	120
508092.94216241	3881328.46331803	120
508092.94216241	3881328.46331803	120
508092.796371129	3881328.37447043	120
508092.796371129	3881328.37447043	120
508092.796371129	3881328.37447043	120
508092.641462964	3881328.28561473	120
508092.495681523	3881328.18567738	120
508092.495681523	3881328.18567738	120
508092.495681523	3881328.18567738	120
508092.194991905	3881327.99688434	120
508092.194991905	3881327.99688434	120
508092.040093574	3881327.89693889	120
508091.885185396	3881327.80808321	120
508091.885185396	3881327.80808321	120
508091.885185396	3881327.80808321	120
508091.730267368	3881327.73031729	120
508091.730267368	3881327.73031729	120
508091.575359187	3881327.64146162	120
508091.429567877	3881327.55261404	120
508091.429567877	3881327.55261404	120
508091.429567877	3881327.55261404	120
508091.274659687	3881327.46375837	120
508091.128868371	3881327.37491079	120
508091.128868371	3881327.37491079	120
508091.128868371	3881327.37491079	120
508090.973960176	3881327.28605513	120
508090.828178698	3881327.1861178	120
508090.828178698	3881327.1861178	120
508090.682387376	3881327.09727023	120
508090.682387376	3881327.09727023	120
508090.682387376	3881327.09727023	120
508090.527469328	3881327.01950433	120
508090.527469328	3881327.01950433	120
508090.372561118	3881326.93064868	120
508090.208526183	3881326.85287469	120
508090.372561118	3881326.93064868	120
508090.208526183	3881326.85287469	120
508090.062725006	3881326.7751169	120
508090.062725006	3881326.7751169	120
508089.771132486	3881326.60851155	120
508089.625350987	3881326.50857424	120
508089.625350987	3881326.50857424	120
508089.625350987	3881326.50857424	120
508089.47955964	3881326.41972669	120
508089.324651412	3881326.33087105	120
508089.324651412	3881326.33087105	120
508089.324651412	3881326.33087105	120
508089.169743179	3881326.24201542	120
508089.169743179	3881326.24201542	120
508089.005708225	3881326.16424146	120
508089.005708225	3881326.16424146	120
508088.832546542	3881326.09754917	120
508088.832546542	3881326.09754917	120
508088.677638301	3881326.00869354	120
508088.677638301	3881326.00869354	120
508088.522720217	3881325.93092768	120
508088.522720217	3881325.93092768	120
508088.376919009	3881325.85316991	120
508088.376919009	3881325.85316991	120
508088.231137482	3881325.75323262	120
508088.231137482	3881325.75323262	120
508088.085346112	3881325.6643851	120
508088.085346112	3881325.6643851	120
508087.939554736	3881325.57553757	120
508087.939554736	3881325.57553757	120
508087.793753519	3881325.49777981	120
508087.793753519	3881325.49777981	120
508087.647952301	3881325.42002205	120
508087.647952301	3881325.42002205	120
508087.338125928	3881325.25340061	120
508087.338125928	3881325.25340061	120
508087.183197983	3881325.18672453	120
508087.02828971	3881325.09786893	120
508087.183197983	3881325.18672453	120
508087.02828971	3881325.09786893	120
508086.882488478	3881325.02011119	120
508086.727590037	3881324.92016583	120
508086.727590037	3881324.92016583	120
508086.727590037	3881324.92016583	120
508086.5817888	3881324.84240809	120
508086.5817888	3881324.84240809	120
508086.42686084	3881324.77573203	120
508086.281059596	3881324.69797429	120
508086.281059596	3881324.69797429	120
508086.281059596	3881324.69797429	120
508086.117004909	3881324.64237991	120
508086.117004909	3881324.64237991	120
508085.971203663	3881324.56462218	120
508085.971203663	3881324.56462218	120
508085.825402413	3881324.48686445	120
508085.825402413	3881324.48686445	120
508085.688727881	3881324.39802505	120
508085.688727881	3881324.39802505	120
508085.552053344	3881324.30918565	120
508085.552053344	3881324.30918565	120
508085.406261924	3881324.22033817	120
508085.406261924	3881324.22033817	120
508085.269597221	3881324.12040901	120
508085.11468891	3881324.03155345	120
508085.11468891	3881324.03155345	120
508085.11468891	3881324.03155345	120
508084.968897482	3881323.94270597	120
508084.968897482	3881323.94270597	120
508084.804872283	3881323.85384233	120
508084.804872283	3881323.85384233	120
508084.649973802	3881323.75389701	120
508084.649973802	3881323.75389701	120
508084.504182362	3881323.66504954	120
508084.504182362	3881323.66504954	120
508084.358390922	3881323.57620208	120
508084.358390922	3881323.57620208	120
508084.212599479	3881323.48735461	120
508084.212599479	3881323.48735461	120
508084.075934751	3881323.38742548	120
508084.075934751	3881323.38742548	120
508083.930153135	3881323.28748826	120
508083.784361683	3881323.1986408	120
508083.784361683	3881323.1986408	120
508083.784361683	3881323.1986408	120
508083.638570228	3881323.10979335	120
508083.483661885	3881323.02093781	120
508083.483661885	3881323.02093781	120
508083.483661885	3881323.02093781	120
508083.328743704	3881322.94317204	120
508083.328743704	3881322.94317204	120
508083.182962075	3881322.84323483	120
508083.182962075	3881322.84323483	120
508083.037160774	3881322.76547715	120
508083.037160774	3881322.76547715	120
508082.891369303	3881322.67662971	120
508082.891369303	3881322.67662971	120
508082.745577831	3881322.58778226	120
508082.60890324	3881322.49894291	120
508082.745577831	3881322.58778226	120
508082.60890324	3881322.49894291	120
508082.453994876	3881322.41008739	120
508082.308193562	3881322.33232972	120
508082.308193562	3881322.33232972	120
508082.162392246	3881322.25457205	120
508082.162392246	3881322.25457205	120
508082.007464207	3881322.18789606	120
508082.162392246	3881322.25457205	120
508082.007464207	3881322.18789606	120
508081.861662886	3881322.1101384	120
508081.861662886	3881322.1101384	120
508081.724978447	3881322.03238882	120
508081.724978447	3881322.03238882	120
508081.588294005	3881321.95463924	120
508081.588294005	3881321.95463924	120
508081.451619391	3881321.86579991	120
508081.451619391	3881321.86579991	120
508081.314934945	3881321.78805034	120
508081.314934945	3881321.78805034	120
508081.178260326	3881321.69921101	120
508081.178260326	3881321.69921101	120
508081.023342107	3881321.62144527	120
508081.023342107	3881321.62144527	120
508080.868423881	3881321.54367954	120
508080.868423881	3881321.54367954	120
508080.704378936	3881321.47699549	120
508080.704378936	3881321.47699549	120
508080.549460707	3881321.39922977	120
508080.549460707	3881321.39922977	120
508080.403659358	3881321.32147212	120
508080.403659358	3881321.32147212	120
508080.248731293	3881321.25479617	120
508080.248731293	3881321.25479617	120
508080.102939773	3881321.16594877	120
508080.102939773	3881321.16594877	120
508079.957148247	3881321.07710137	120
508079.957148247	3881321.07710137	120
508079.811356721	3881320.98825398	120
508079.811356721	3881320.98825398	120
508079.665555362	3881320.91049635	120
508079.665555362	3881320.91049635	120
508079.519763828	3881320.82164896	120
508079.519763828	3881320.82164896	120
508079.364845578	3881320.74388326	120
508079.364845578	3881320.74388326	120
508079.209937152	3881320.6550278	120
508079.209937152	3881320.6550278	120
508079.055028728	3881320.56617234	120
508079.055028728	3881320.56617234	120
508078.918354066	3881320.47733304	120
508078.918354066	3881320.47733304	120
508078.781689236	3881320.37740398	120
508078.781689236	3881320.37740398	120
508078.635917344	3881320.26637709	120
508078.635917344	3881320.26637709	120
508078.490135621	3881320.16643996	120
508078.344353892	3881320.06650283	120
508078.490135621	3881320.16643996	120
508078.344353892	3881320.06650283	120
508078.189445448	3881319.97764738	120
508078.189445448	3881319.97764738	120
508077.879628549	3881319.7999365	120
508077.879628549	3881319.7999365	120
508077.724720093	3881319.71108106	120
508077.724720093	3881319.71108106	120
508077.578928523	3881319.6222337	120
508077.578928523	3881319.6222337	120
508077.424020061	3881319.53337827	120
508077.424020061	3881319.53337827	120
508077.278238313	3881319.43344116	120
508077.278238313	3881319.43344116	120
508077.123329845	3881319.34458573	120
508076.977538263	3881319.25573839	120
508077.123329845	3881319.34458573	120
508076.977538263	3881319.25573839	120
508076.831736852	3881319.1779808	120
508076.831736852	3881319.1779808	120
508076.667701661	3881319.10020706	120
508076.667701661	3881319.10020706	120
508076.503656641	3881319.03352309	120
508076.503656641	3881319.03352309	120
508076.348738333	3881318.95575744	120
508076.348738333	3881318.95575744	120
508076.202927085	3881318.88908962	120
508076.202927085	3881318.88908962	120
508076.057125662	3881318.81133205	120
508076.057125662	3881318.81133205	120
508075.911324233	3881318.73357448	120
508075.911324233	3881318.73357448	120
508075.76553263	3881318.64472716	120
508075.76553263	3881318.64472716	120
508075.628857912	3881318.55588791	120
508075.628857912	3881318.55588791	120
508075.483066303	3881318.46704059	120
508075.337264864	3881318.38928303	120
508075.337264864	3881318.38928303	120
508075.191463425	3881318.31152547	120
508075.191463425	3881318.31152547	120
508075.036545093	3881318.23375984	120
508075.036545093	3881318.23375984	120
508074.890743649	3881318.15600229	120
508074.890743649	3881318.15600229	120
508074.744942202	3881318.07824474	120
508074.744942202	3881318.07824474	120
508074.608267466	3881317.98940551	120
508074.608267466	3881317.98940551	120
508074.462475835	3881317.9005582	120
508074.462475835	3881317.9005582	120
508074.462475835	3881317.9005582	120
508074.316684205	3881317.8117109	120
508074.316684205	3881317.8117109	120
508074.170882748	3881317.73395336	120
508074.025091109	3881317.64510606	120
508074.170882748	3881317.73395336	120
508074.025091109	3881317.64510606	120
508073.879289647	3881317.56734853	120
508073.879289647	3881317.56734853	120
508073.733478359	3881317.50068075	120
508073.578560001	3881317.42291515	120
508073.733478359	3881317.50068075	120
508073.578560001	3881317.42291515	120
508073.441875421	3881317.3451657	120
508073.141155583	3881317.18964257	120
508073.441875421	3881317.3451657	120
508072.986256858	3881317.08969745	120
508072.986256858	3881317.08969745	120
508072.986256858	3881317.08969745	120
508072.813104709	3881317.01191571	120
508072.658186337	3881316.93415012	120
508072.813104709	3881317.01191571	120
508072.658186337	3881316.93415012	120
508072.494131428	3881316.87855598	120
508072.494131428	3881316.87855598	120
508072.339203229	3881316.81188016	120
508072.175148316	3881316.75628602	120
508072.339203229	3881316.81188016	120
508072.175148316	3881316.75628602	120
508072.029337	3881316.68961828	120
508072.029337	3881316.68961828	120
508071.883535506	3881316.61186077	120
508071.883535506	3881316.61186077	120
508071.737724188	3881316.54519303	120
508071.737724188	3881316.54519303	120
508071.582795979	3881316.47851722	120
508071.582795979	3881316.47851722	120
508071.427877587	3881316.40075165	120
508071.427877587	3881316.40075165	120
508071.26383248	3881316.33406778	120
508071.26383248	3881316.33406778	120
508071.108904261	3881316.26739197	120
508070.944859152	3881316.2007081	120
508071.108904261	3881316.26739197	120
508070.789930928	3881316.1340323	120
508070.789930928	3881316.1340323	120
508070.789930928	3881316.1340323	120
508070.625905453	3881316.04516891	120
508070.625905453	3881316.04516891	120
508070.461870155	3881315.96739529	120
508070.461870155	3881315.96739529	120
508070.306951742	3881315.88962974	120
508070.306951742	3881315.88962974	120
508070.152052964	3881315.78968467	120
508070.152052964	3881315.78968467	120
508069.997144367	3881315.70082936	120
508069.997144367	3881315.70082936	120
508069.833118873	3881315.61196599	120
508069.833118873	3881315.61196599	120
508069.659976488	3881315.52309455	120
508069.659976488	3881315.52309455	120
508069.486834097	3881315.43422311	120
508069.331925487	3881315.34536781	120
508069.331925487	3881315.34536781	120
508069.331925487	3881315.34536781	120
508069.167899983	3881315.25650445	120
508069.167899983	3881315.25650445	120
508069.022108258	3881315.16765723	120
508068.885443234	3881315.06772833	120
508069.022108258	3881315.16765723	120
508068.73966132	3881314.96779135	120
508068.73966132	3881314.96779135	120
508068.73966132	3881314.96779135	120
508068.584762514	3881314.86784631	120
508068.584762514	3881314.86784631	120
508068.4298637	3881314.76790127	120
508068.4298637	3881314.76790127	120
508068.120056247	3881314.57910096	120
508068.120056247	3881314.57910096	120
508067.965167239	3881314.46806617	120
508067.81937549	3881314.37921897	120
508067.965167239	3881314.46806617	120
508067.81937549	3881314.37921897	120
508067.673593553	3881314.27928201	120
508067.527811611	3881314.17934506	120
508067.527811611	3881314.17934506	120
508067.527811611	3881314.17934506	120
508067.391146561	3881314.07941618	120
508067.391146561	3881314.07941618	120
508067.254481507	3881313.9794873	120
508067.254481507	3881313.9794873	120
508067.126933341	3881313.87956648	120
508067.126933341	3881313.87956648	120
508066.990258467	3881313.79072737	120
508066.990258467	3881313.79072737	120
508066.853573776	3881313.71297802	120
508066.853573776	3881313.71297802	120
508066.716898897	3881313.6241389	120
508066.716898897	3881313.6241389	120
508066.5984578	3881313.53531593	120
508066.5984578	3881313.53531593	120
508066.470899807	3881313.44648489	120
508066.470899807	3881313.44648489	120
508066.352458706	3881313.35766192	120
508066.234027419	3881313.25774919	120
508066.234027419	3881313.25774919	120
508066.234027419	3881313.25774919	120
508066.106479231	3881313.15782839	120
508066.106479231	3881313.15782839	120
508065.99716483	3881313.05792373	120
508065.99716483	3881313.05792373	120
508065.878723718	3881312.96910077	120
508065.878723718	3881312.96910077	120
508065.742058631	3881312.86917191	120
508065.742058631	3881312.86917191	120
508065.605383728	3881312.78033282	120
508065.605383728	3881312.78033282	120
508065.477825716	3881312.69150179	120
508065.477825716	3881312.69150179	120
508065.359384598	3881312.60267883	120
508065.359384598	3881312.60267883	120
508065.240943474	3881312.51385588	120
508065.240943474	3881312.51385588	120
508065.131629055	3881312.41395123	120
508065.131629055	3881312.41395123	120
508065.01319774	3881312.31403852	120
508065.01319774	3881312.31403852	120
508064.885639716	3881312.2252075	120
508064.885639716	3881312.2252075	120
508064.748964795	3881312.13636842	120
508064.748964795	3881312.13636842	120
508064.612280058	3881312.0586191	120
508064.612280058	3881312.0586191	120
508064.475585509	3881311.99195954	120
508064.475585509	3881311.99195954	120
508064.32066698	3881311.91419409	120
508064.183982238	3881311.83644478	120
508064.32066698	3881311.91419409	120
508064.183982238	3881311.83644478	120
508063.892408387	3881311.64766075	120
508063.892408387	3881311.64766075	120
508063.591707818	3881311.46995842	120
508063.427672376	3881311.39218492	120
508063.427672376	3881311.39218492	120
508063.427672376	3881311.39218492	120
508063.272753828	3881311.31441949	120
508063.117825465	3881311.24774383	120
508063.272753828	3881311.31441949	120
508063.117825465	3881311.24774383	120
508062.953780204	3881311.1810601	120
508062.953780204	3881311.1810601	120
508062.807978544	3881311.10330274	120
508062.662167072	3881311.03663515	120
508062.662167072	3881311.03663515	120
508062.662167072	3881311.03663515	120
508062.516365404	3881310.9588778	120
508062.516365404	3881310.9588778	120
508062.370563737	3881310.88112045	120
508062.370563737	3881310.88112045	120
508062.233878962	3881310.80337116	120
508062.233878962	3881310.80337116	120
508062.08807729	3881310.72561382	120
508061.933148908	3881310.65893817	120
508061.933148908	3881310.65893817	120
508061.933148908	3881310.65893817	120
508061.787337423	3881310.59227059	120
508061.787337423	3881310.59227059	120
508061.477490461	3881310.44782955	120
508061.176770191	3881310.29230682	120
508061.176770191	3881310.29230682	120
508061.02186141	3881310.20345167	120
508061.02186141	3881310.20345167	120
508061.02186141	3881310.20345167	120
508060.876069525	3881310.11460459	120
508060.730267827	3881310.03684726	120
508060.730267827	3881310.03684726	120
508060.730267827	3881310.03684726	120
508060.584466129	3881309.95908994	120
508060.584466129	3881309.95908994	120
508060.438664429	3881309.88133263	120
508060.438664429	3881309.88133263	120
508060.292862724	3881309.80357531	120
508060.292862724	3881309.80357531	120
508060.147051213	3881309.73690776	120
508060.010366403	3881309.65915851	120
508060.010366403	3881309.65915851	120
508059.864564693	3881309.5814012	120
508059.864564693	3881309.5814012	120
508059.727889679	3881309.49256219	120
508059.727889679	3881309.49256219	120
508059.591224472	3881309.39263343	120
508059.591224472	3881309.39263343	120
508059.44543256	3881309.30378636	120
508059.44543256	3881309.30378636	120
508059.44543256	3881309.30378636	120
508059.162955819	3881309.13719006	120
508059.008027389	3881309.07051447	120
508059.008027389	3881309.07051447	120
508058.862215857	3881309.00384694	120
508058.862215857	3881309.00384694	120
508058.716414124	3881308.92608964	120
508058.716414124	3881308.92608964	120
508058.716414124	3881308.92608964	120
508058.579729289	3881308.84834042	120
508058.579729289	3881308.84834042	120
508058.452171154	3881308.75950949	120
508058.452171154	3881308.75950949	120
508058.306379221	3881308.67066245	120
508058.306379221	3881308.67066245	120
508058.17882108	3881308.58183152	120
508058.033029141	3881308.49298448	120
508058.033029141	3881308.49298448	120
508057.887237197	3881308.40413744	120
508057.887237197	3881308.40413744	120
508057.887237197	3881308.40413744	120
508057.741435449	3881308.32638017	120
508057.741435449	3881308.32638017	120
508057.586506995	3881308.2597046	120
508057.440705242	3881308.18194733	120
508057.440705242	3881308.18194733	120
508057.440705242	3881308.18194733	120
508057.294903486	3881308.10419006	120
508057.149101726	3881308.02643279	120
508057.149101726	3881308.02643279	120
508057.149101726	3881308.02643279	120
508056.857508005	3881307.85982851	120
508056.857508005	3881307.85982851	120
508056.55678757	3881307.70430594	120
508056.55678757	3881307.70430594	120
508056.401868899	3881307.62654063	120
508056.401868899	3881307.62654063	120
508056.246940425	3881307.55986508	120
508056.246940425	3881307.55986508	120
508056.101128846	3881307.49319759	120
508055.955317267	3881307.4265301	120
508055.955317267	3881307.4265301	120
508055.955317267	3881307.4265301	120
508055.818622585	3881307.35987068	120
508055.818622585	3881307.35987068	120
508055.681927901	3881307.29321125	120
508055.554350112	3881307.22655989	120
508055.554350112	3881307.22655989	120
508055.417665224	3881307.14881071	120
508055.417665224	3881307.14881071	120
508055.417665224	3881307.14881071	120
508055.280970534	3881307.08215129	120
508055.280970534	3881307.08215129	120
508055.144275839	3881307.01549188	120
508055.144275839	3881307.01549188	120
508055.007571345	3881306.95992222	120
508055.007571345	3881306.95992222	120
508054.86174995	3881306.90434451	120
508054.86174995	3881306.90434451	120
508054.57925345	3881306.75992788	120
508054.57925345	3881306.75992788	120
508054.442568547	3881306.68217871	120
508054.442568547	3881306.68217871	120
508054.305883639	3881306.60442955	120
508054.305883639	3881306.60442955	120
508054.169198732	3881306.52668039	120
508054.169198732	3881306.52668039	120
508054.032523621	3881306.43784147	120
508053.886721808	3881306.36008426	120
508053.886721808	3881306.36008426	120
508053.740919991	3881306.28232705	120
508053.886721808	3881306.36008426	120
508053.585981677	3881306.2267413	120
508053.585981677	3881306.2267413	120
508053.431053157	3881306.1600658	120
508053.431053157	3881306.1600658	120
