166026.943179331	-4.0	120
508108.806580113	3881338.00722552	120
508108.806580113	3881338.00722552	120
508108.806589999	3881337.99613576	120
508108.806589999	3881337.99613576	120
508108.815706856	3881337.99614389	120
508108.815706856	3881337.99614389	120
508108.815706856	3881337.99614389	120
508108.815706856	3881337.99614389	120
508108.815706856	3881337.99614389	120
508108.815706856	3881337.99614389	120
508108.815716742	3881337.98505413	120
508108.806609771	3881337.97395624	120
508108.806609771	3881337.97395624	120
508108.806609771	3881337.97395624	120
508108.797512686	3881337.95176859	120
508108.779298741	3881337.92957281	120
508108.779298741	3881337.92957281	120
508108.74286097	3881337.89627102	120
508108.74286097	3881337.89627102	120
508108.74286097	3881337.89627102	120
508108.706413314	3881337.87405899	120
508108.706413314	3881337.87405899	120
508108.642624969	3881337.84073281	120
508108.578856397	3881337.78522712	120
508108.642624969	3881337.84073281	120
508108.578856397	3881337.78522712	120
508108.505951194	3881337.75189282	120
508108.505951194	3881337.75189282	120
508108.378384388	3881337.67415071	120
508108.378384388	3881337.67415071	120
508108.278168152	3881337.59643299	120
508108.278168152	3881337.59643299	120
508108.159708315	3881337.52978878	120
508108.159708315	3881337.52978878	120
508108.050375216	3881337.45206293	120
508108.050375216	3881337.45206293	120
508107.931915377	3881337.38541872	120
508107.931915377	3881337.38541872	120
508107.813465416	3881337.30768475	120
508107.813465416	3881337.30768475	120
508107.695005572	3881337.24104054	120
508107.695005572	3881337.24104054	120
508107.55831201	3881337.17438008	120
508107.55831201	3881337.17438008	120
508107.430725419	3881337.11881751	120
508107.430725419	3881337.11881751	120
508107.303158593	3881337.04107542	120
508107.303158593	3881337.04107542	120
508107.175581883	3881336.9744231	120
508107.048024941	3881336.88559125	120
508107.048024941	3881336.88559125	120
508106.920458111	3881336.80784916	120
508106.920458111	3881336.80784916	120
508106.920458111	3881336.80784916	120
508106.783774418	3881336.73009896	120
508106.783774418	3881336.73009896	120
508106.647090722	3881336.65234875	120
508106.647090722	3881336.65234875	120
508106.401064024	3881336.50796248	120
508106.401064024	3881336.50796248	120
508106.255273346	3881336.41911439	120
508106.255273346	3881336.41911439	120
508106.109472785	3881336.34135607	120
508105.972789081	3881336.26360588	120
508106.109472785	3881336.34135607	120
508105.972789081	3881336.26360588	120
508105.836105374	3881336.18585568	120
508105.836105374	3881336.18585568	120
508105.699431544	3881336.09701573	120
508105.699431544	3881336.09701573	120
508105.562757712	3881336.00817578	120
508105.562757712	3881336.00817578	120
508105.426083879	3881335.91933583	120
508105.426083879	3881335.91933583	120
508105.298526903	3881335.83050401	120
508105.298526903	3881335.83050401	120
508105.170969924	3881335.74167219	120
508105.052529803	3881335.65284849	120
508105.052529803	3881335.65284849	120
508105.052529803	3881335.65284849	120
508104.9249827	3881335.55292691	120
508104.9249827	3881335.55292691	120
508104.797425714	3881335.4640951	120
508104.797425714	3881335.4640951	120
508104.669878604	3881335.36417352	120
508104.669878604	3881335.36417352	120
508104.551428592	3881335.28643959	120
508104.551428592	3881335.28643959	120
508104.314538442	3881335.11988198	120
508104.314538442	3881335.11988198	120
508104.196088423	3881335.04214806	120
508104.07762852	3881334.9755039	120
508104.07762852	3881334.9755039	120
508103.950061638	3881334.89776185	120
508103.950061638	3881334.89776185	120
508103.950061638	3881334.89776185	120
508103.822494755	3881334.82001981	120
508103.822494755	3881334.82001981	120
508103.704034849	3881334.75337566	120
508103.704034849	3881334.75337566	120
508103.576467958	3881334.67563362	120
508103.576467958	3881334.67563362	120
508103.458008048	3881334.60898947	120
508103.330441155	3881334.53124744	120
508103.330441155	3881334.53124744	120
508103.330441155	3881334.53124744	120
508103.21199112	3881334.45351352	120
508103.084414344	3881334.38686125	120
508103.084414344	3881334.38686125	120
508103.084414344	3881334.38686125	120
508102.956837566	3881334.32020899	120
508102.956837566	3881334.32020899	120
508102.820143925	3881334.2535486	120
508102.820143925	3881334.2535486	120
508102.69257702	3881334.17580658	120
508102.69257702	3881334.17580658	120
508102.555873497	3881334.12023596	120
508102.555873497	3881334.12023596	120
508102.428296711	3881334.0535837	120
508102.428296711	3881334.0535837	120
508102.300729802	3881333.97584168	120
508102.17316289	3881333.89809966	120
508102.17316289	3881333.89809966	120
508102.17316289	3881333.89809966	120
508102.036469235	3881333.83143929	120
508101.908892442	3881333.76478703	120
508101.908892442	3881333.76478703	120
508101.772208662	3881333.6870369	120
508101.772208662	3881333.6870369	120
508101.644641742	3881333.60929489	120
508101.644641742	3881333.60929489	120
508101.498831217	3881333.5426264	120
508101.498831217	3881333.5426264	120
508101.362147431	3881333.46487628	120
508101.498831217	3881333.5426264	120
508101.362147431	3881333.46487628	120
508101.225453764	3881333.39821592	120
508101.225453764	3881333.39821592	120
508101.088760097	3881333.33155556	120
508101.088760097	3881333.33155556	120
508100.952076304	3881333.25380544	120
508100.952076304	3881333.25380544	120
508100.806265769	3881333.18713696	120
508100.806265769	3881333.18713696	120
508100.669581971	3881333.10938684	120
508100.669581971	3881333.10938684	120
508100.542005158	3881333.04273461	120
508100.542005158	3881333.04273461	120
508100.396204494	3881332.96497638	120
508100.396204494	3881332.96497638	120
508100.259510814	3881332.89831604	120
508100.11370027	3881332.83164757	120
508100.11370027	3881332.83164757	120
508099.977016457	3881332.75389747	120
508099.977016457	3881332.75389747	120
508099.977016457	3881332.75389747	120
508099.840332646	3881332.67614737	120
508099.840332646	3881332.67614737	120
508099.703638958	3881332.60948702	120
508099.55783828	3881332.53172881	120
508099.55783828	3881332.53172881	120
508099.412037597	3881332.45397059	120
508099.412037597	3881332.45397059	120
508099.266236914	3881332.37621238	120
508099.266236914	3881332.37621238	120
508099.266236914	3881332.37621238	120
508099.129543218	3881332.30955205	120
508098.992869267	3881332.2207122	120
508098.992869267	3881332.2207122	120
508098.856185439	3881332.14296211	120
508098.856185439	3881332.14296211	120
508098.856185439	3881332.14296211	120
508098.710384744	3881332.06520391	120
508098.710384744	3881332.06520391	120
508098.573700912	3881331.98745383	120
508098.573700912	3881331.98745383	120
508098.437026951	3881331.89861398	120
508098.437026951	3881331.89861398	120
508098.300343112	3881331.8208639	120
508098.300343112	3881331.8208639	120
508098.154552282	3881331.73201595	120
508098.017878313	3881331.64317611	120
508098.017878313	3881331.64317611	120
508097.881194466	3881331.56542604	120
508097.881194466	3881331.56542604	120
508097.881194466	3881331.56542604	120
508097.744520492	3881331.47658621	120
508097.744520492	3881331.47658621	120
508097.607836643	3881331.39883614	120
508097.607836643	3881331.39883614	120
508097.471162663	3881331.30999631	120
508097.471162663	3881331.30999631	120
508097.334478809	3881331.23224624	120
508097.197794951	3881331.15449618	120
508097.334478809	3881331.23224624	120
508097.061120963	3881331.06565636	120
508097.061120963	3881331.06565636	120
508096.924446971	3881330.97681654	120
508096.924446971	3881330.97681654	120
508096.924446971	3881330.97681654	120
508096.787772979	3881330.88797672	120
508096.787772979	3881330.88797672	120
508096.651089113	3881330.81022667	120
508096.514415115	3881330.72138685	120
508096.514415115	3881330.72138685	120
508096.514415115	3881330.72138685	120
508096.377741115	3881330.63254704	120
508096.231950247	3881330.54369912	120
508096.231950247	3881330.54369912	120
508096.231950247	3881330.54369912	120
508096.095276237	3881330.45485931	120
508095.958602228	3881330.36601951	120
508095.958602228	3881330.36601951	120
508095.958602228	3881330.36601951	120
508095.812811353	3881330.27717159	120
508095.812811353	3881330.27717159	120
508095.676137339	3881330.18833179	120
508095.676137339	3881330.18833179	120
508095.539473192	3881330.08840223	120
508095.393682305	3881329.99955432	120
508095.393682305	3881329.99955432	120
508095.257018152	3881329.89962476	120
508095.257018152	3881329.89962476	120
508095.120344127	3881329.81078497	120
508095.120344127	3881329.81078497	120
508094.974553235	3881329.72193707	120
508094.974553235	3881329.72193707	120
508094.974553235	3881329.72193707	120
508094.828762337	3881329.63308916	120
508094.682971438	3881329.54424126	120
508094.682971438	3881329.54424126	120
508094.54630727	3881329.44431172	120
508094.54630727	3881329.44431172	120
508094.409633232	3881329.35547194	120
508094.409633232	3881329.35547194	120
508094.272969056	3881329.2555424	120
508094.272969056	3881329.2555424	120
508094.272969056	3881329.2555424	120
508094.136295012	3881329.16670262	120
508094.136295012	3881329.16670262	120
508093.990513965	3881329.06676497	120
508093.990513965	3881329.06676497	120
508093.853839915	3881328.9779252	120
508093.853839915	3881328.9779252	120
508093.708048996	3881328.88907731	120
508093.708048996	3881328.88907731	120
508093.562258073	3881328.80022943	120
508093.562258073	3881328.80022943	120
508093.425584015	3881328.71138967	120
508093.425584015	3881328.71138967	120
508093.279793088	3881328.62254179	120
508093.279793088	3881328.62254179	120
508093.134012024	3881328.52260415	120
508092.997347822	3881328.42267463	120
508093.134012024	3881328.52260415	120
508092.997347822	3881328.42267463	120
508092.851556886	3881328.33382676	120
508092.851556886	3881328.33382676	120
508092.714892681	3881328.23389725	120
508092.714892681	3881328.23389725	120
508092.578218606	3881328.14505749	120
508092.578218606	3881328.14505749	120
508092.441564258	3881328.03403822	120
508092.441564258	3881328.03403822	120
508092.304909909	3881327.92301895	120
508092.304909909	3881327.92301895	120
508092.177362558	3881327.82309755	120
508092.040708201	3881327.71207828	120
508092.177362558	3881327.82309755	120
508092.040708201	3881327.71207828	120
508091.913170712	3881327.60106712	120
508091.913170712	3881327.60106712	120
508091.785633215	3881327.49005597	120
508091.785633215	3881327.49005597	120
508091.658095717	3881327.37904482	120
508091.530558217	3881327.26803367	120
508091.530558217	3881327.26803367	120
508091.530558217	3881327.26803367	120
508091.412147443	3881327.14594087	120
508091.412147443	3881327.14594087	120
508091.293736669	3881327.02384807	120
508091.293736669	3881327.02384807	120
508091.166209023	3881326.90174716	120
508091.05691511	3881326.77966248	120
508091.166209023	3881326.90174716	120
508091.05691511	3881326.77966248	120
508090.938504326	3881326.65756968	120
508090.938504326	3881326.65756968	120
508090.829220271	3881326.52439524	120
508090.829220271	3881326.52439524	120
508090.719926349	3881326.40231056	120
508090.719926349	3881326.40231056	120
508090.601525417	3881326.269128	120
508090.601525417	3881326.269128	120
508090.501358224	3881326.13596167	120
508090.501358224	3881326.13596167	120
508090.392074157	3881326.00278723	120
508090.282790086	3881325.8696128	120
508090.282790086	3881325.8696128	120
508090.282790086	3881325.8696128	120
508090.182622881	3881325.73644647	120
508090.082455676	3881325.60328014	120
508090.082455676	3881325.60328014	120
508089.982288463	3881325.47011382	120
508089.982288463	3881325.47011382	120
508089.891247982	3881325.32586584	120
508089.891247982	3881325.32586584	120
508089.800197635	3881325.19270762	120
508089.800197635	3881325.19270762	120
508089.709167014	3881325.03736989	120
508089.709167014	3881325.03736989	120
508089.627243394	3881324.89313002	120
508089.627243394	3881324.89313002	120
508089.545319772	3881324.74889015	120
508089.545319772	3881324.74889015	120
508089.463396147	3881324.60465029	120
508089.463396147	3881324.60465029	120
508089.381472519	3881324.46041043	120
508089.381472519	3881324.46041043	120
508089.299558754	3881324.3050808	120
508089.299558754	3881324.3050808	120
508089.226751992	3881324.16084905	120
508089.226751992	3881324.16084905	120
508089.144828357	3881324.01660918	120
508089.144828357	3881324.01660918	120
508089.072031452	3881323.86128767	120
508089.072031452	3881323.86128767	120
508089.008351418	3881323.70597426	120
508089.008351418	3881323.70597426	120
508088.94467138	3881323.55066086	120
508088.94467138	3881323.55066086	120
508088.880991342	3881323.39534745	120
508088.880991342	3881323.39534745	120
508088.817311301	3881323.24003404	120
508088.817311301	3881323.24003404	120
508088.753621395	3881323.0958104	120
508088.753621395	3881323.0958104	120
508088.68994135	3881322.940497	120
508088.68994135	3881322.940497	120
508088.635378171	3881322.7851917	120
508088.635378171	3881322.7851917	120
508088.580814994	3881322.6298864	120
508088.580814994	3881322.6298864	120
508088.535368689	3881322.47458921	120
508088.535368689	3881322.47458921	120
508088.480805509	3881322.31928392	120
508088.480805509	3881322.31928392	120
508088.435359197	3881322.16398672	120
508088.435359197	3881322.16398672	120
508088.389912886	3881322.00868954	120
508088.389912886	3881322.00868954	120
508088.389912886	3881322.00868954	120
508088.344466572	3881321.85339235	120
508088.30812727	3881321.70919303	120
508088.30812727	3881321.70919303	120
508088.30812727	3881321.70919303	120
508088.262690816	3881321.54280608	120
508088.235478244	3881321.38752511	120
508088.235478244	3881321.38752511	120
508088.208265674	3881321.23224413	120
508088.208265674	3881321.23224413	120
508088.190169974	3881321.07697126	120
508088.190169974	3881321.07697126	120
508088.172084138	3881320.91060863	120
508088.172084138	3881320.91060863	120
508088.172084138	3881320.91060863	120
508088.153988437	3881320.75533576	120
508088.153988437	3881320.75533576	120
508088.145019473	3881320.58898124	120
508088.126933634	3881320.42261861	120
508088.126933634	3881320.42261861	120
508088.126933634	3881320.42261861	120
508088.117964666	3881320.25626409	120
508088.108995703	3881320.08990957	120
508088.108995703	3881320.08990957	120
508088.108995703	3881320.08990957	120
508088.100026737	3881319.92355505	120
508088.100174646	3881319.75720863	120
508088.100174646	3881319.75720863	120
508088.100322555	3881319.59086222	120
508088.100322555	3881319.59086222	120
508088.109577479	3881319.43561367	120
508088.109577479	3881319.43561367	120
508088.118842261	3881319.26927536	120
508088.118842261	3881319.26927536	120
508088.128107049	3881319.10293705	120
508088.128107049	3881319.10293705	120
508088.137371834	3881318.93659874	120
508088.137371834	3881318.93659874	120
508088.155763357	3881318.75917877	120
508088.155763357	3881318.75917877	120
508088.155763357	3881318.75917877	120
508088.183261898	3881318.59285668	120
508088.20165342	3881318.41543671	120
508088.20165342	3881318.41543671	120
508088.23826884	3881318.24912272	120
508088.23826884	3881318.24912272	120
508088.265777246	3881318.07171087	120
508088.265777246	3881318.07171087	120
508088.311509543	3881317.90540499	120
508088.311509543	3881317.90540499	120
508088.357241842	3881317.7390991	120
508088.357241842	3881317.7390991	120
508088.402984006	3881317.56170346	120
508088.402984006	3881317.56170346	120
508088.457833186	3881317.39540569	120
508088.457833186	3881317.39540569	120
508088.512692229	3881317.21801815	120
508088.512692229	3881317.21801815	120
508088.576668155	3881317.04063872	120
508088.576668155	3881317.04063872	120
508088.631517344	3881316.87434095	120
508088.631517344	3881316.87434095	120
508088.695483413	3881316.70805128	120
508088.695483413	3881316.70805128	120
508088.759449482	3881316.54176161	120
508088.759449482	3881316.54176161	120
508088.823415555	3881316.37547195	120
508088.823415555	3881316.37547195	120
508088.823415555	3881316.37547195	120
508088.896498508	3881316.20919039	120
508088.978688482	3881316.0540067	120
508088.978688482	3881316.0540067	120
508089.051761581	3881315.8988149	120
508089.051761581	3881315.8988149	120
508089.133951561	3881315.74363122	120
508089.133951561	3881315.74363122	120
508089.207024662	3881315.58843942	120
508089.207024662	3881315.58843942	120
508089.289214648	3881315.43325574	120
508089.289214648	3881315.43325574	120
508089.371404634	3881315.27807205	120
508089.371404634	3881315.27807205	120
508089.444477745	3881315.12288026	120
508089.444477745	3881315.12288026	120
508089.526657877	3881314.97878634	120
508089.526657877	3881314.97878634	120
508089.526657877	3881314.97878634	120
508089.672794247	3881314.67949252	120
508089.764091267	3881314.53540671	120
508089.764091267	3881314.53540671	120
508089.764091267	3881314.53540671	120
508089.855388289	3881314.39132089	120
508089.855388289	3881314.39132089	120
508089.955802193	3881314.24724319	120
508089.955802193	3881314.24724319	120
508090.047109087	3881314.09206762	120
508090.047109087	3881314.09206762	120
508090.129289235	3881313.9479737	120
508090.129289235	3881313.9479737	120
508090.220586269	3881313.80388789	120
508090.220586269	3881313.80388789	120
508090.311883308	3881313.65980209	120
508090.311883308	3881313.65980209	120
508090.403180346	3881313.51571628	120
508090.403180346	3881313.51571628	120
508090.494487252	3881313.36054071	120
508090.576667416	3881313.2164468	120
508090.494487252	3881313.36054071	120
508090.576667416	3881313.2164468	120
508090.658847583	3881313.07235289	120
508090.658847583	3881313.07235289	120
508090.750144634	3881312.92826709	120
508090.750144634	3881312.92826709	120
508090.832314938	3881312.79526294	120
508090.832314938	3881312.79526294	120
508090.914504976	3881312.64007927	120
508090.914504976	3881312.64007927	120
508091.078855469	3881312.36298121	120
508091.078855469	3881312.36298121	120
508091.17014267	3881312.22998517	120
508091.17014267	3881312.22998517	120
508091.270546758	3881312.09699725	120
508091.361833962	3881311.96400121	120
508091.361833962	3881311.96400121	120
508091.453131036	3881311.81991542	120
508091.453131036	3881311.81991542	120
508091.453131036	3881311.81991542	120
508091.544418247	3881311.68691938	120
508091.544418247	3881311.68691938	120
508091.626598443	3881311.54282548	120
508091.717895525	3881311.39873969	120
508091.626598443	3881311.54282548	120
508091.809192607	3881311.25465389	120
508091.809192607	3881311.25465389	120
508091.809192607	3881311.25465389	120
508091.891372811	3881311.11055999	120
508091.973543152	3881310.97755585	120
508091.973543152	3881310.97755585	120
508091.973543152	3881310.97755585	120
508092.064840245	3881310.83347006	120
508092.156137342	3881310.68938428	120
508092.156137342	3881310.68938428	120
508092.238307688	3881310.55638014	120
508092.238307688	3881310.55638014	120
508092.238307688	3881310.55638014	120
508092.329604789	3881310.41229435	120
508092.329604789	3881310.41229435	120
508092.503082116	3881310.12411467	120
508092.503082116	3881310.12411467	120
508092.585262341	3881309.98002078	120
508092.585262341	3881309.98002078	120
508092.676559452	3881309.835935	120
508092.758729816	3881309.70293086	120
508092.676559452	3881309.835935	120
508092.758729816	3881309.70293086	120
508092.840910046	3881309.55883697	120
508092.840910046	3881309.55883697	120
508092.93220717	3881309.41475119	120
508092.93220717	3881309.41475119	120
508093.023494427	3881309.28175517	120
508093.023494427	3881309.28175517	120
