166021.4431793313	0.0	140
507818.3637917502	3881336.434591276	140
507818.3637917502	3881336.434591276	140
507818.3729276888	3881336.4124195944	140
507818.3820731681	3881336.3791581527	140
507818.3820731681	3881336.3791581527	140
507818.3912186428	3881336.345896712	140
507818.3820731681	3881336.3791581527	140
507818.3912186428	3881336.345896712	140
507818.4094809821	3881336.312643112	140
507818.4094809821	3881336.312643112	140
507818.4277528622	3881336.2682997505	140
507818.4277528622	3881336.2682997505	140
507818.4551511408	3881336.2128744707	140
507818.4551511408	3881336.2128744707	140
507818.4825589581	3881336.146359429	140
507818.51907410217	3881336.09094199	140
507818.51907410217	3881336.09094199	140
507818.5373650555	3881336.0244191075	140
507818.5373650555	3881336.0244191075	140
507818.5647728764	3881335.957904067	140
507818.5647728764	3881335.957904067	140
507818.58306383266	3881335.891381184	140
507818.58306383266	3881335.891381184	140
507818.58306383266	3881335.891381184	140
507818.61049072904	3881335.8026866214	140
507818.6288007632	3881335.713984217	140
507818.6288007632	3881335.713984217	140
507818.6471012614	3881335.6363715725	140
507818.6288007632	3881335.713984217	140
507818.6471012614	3881335.6363715725	140
507818.68363548117	3881335.558774613	140
507818.70194551884	3881335.4700722084	140
507818.68363548117	3881335.558774613	140
507818.73847974435	3881335.3924752492	140
507818.70194551884	3881335.4700722084	140
507818.7750235069	3881335.3037885274	140
507818.7750235069	3881335.3037885274	140
507818.8297914579	3881335.226207252	140
507818.8297914579	3881335.226207252	140
507818.8297914579	3881335.226207252	140
507818.8663256855	3881335.148610294	140
507818.8663256855	3881335.148610294	140
507818.9028694503	3881335.059923574	140
507818.9028694503	3881335.059923574	140
507818.9485205427	3881334.982334456	140
507818.9485205427	3881334.982334456	140
507818.9850547676	3881334.9047374977	140
507819.01248167315	3881334.816042936	140
507819.01248167315	3881334.816042936	140
507819.01248167315	3881334.816042936	140
507819.04901590163	3881334.738445977	140
507819.04901590163	3881334.738445977	140
507819.085550133	3881334.660849019	140
507819.085550133	3881334.660849019	140
507819.11296749883	3881334.583244219	140
507819.11296749883	3881334.583244219	140
507819.1495112683	3881334.4945575004	140
507819.1495112683	3881334.4945575004	140
507819.1860455015	3881334.416960543	140
507819.22258927237	3881334.3282738235	140
507819.22258927237	3881334.3282738235	140
507819.27735723305	3881334.2506925515	140
507819.27735723305	3881334.2506925515	140
507819.31390100776	3881334.1620058334	140
507819.31390100776	3881334.1620058334	140
507819.35955210583	3881334.0844167178	140
507819.35955210583	3881334.0844167178	140
507819.396095882	3881333.9957300005	140
507819.396095882	3881333.9957300005	140
507819.4326396566	3881333.907043282	140
507819.4326396566	3881333.907043282	140
507819.4326396566	3881333.907043282	140
507819.46007610677	3881333.807258961	140
507819.4874934783	3881333.729654162	140
507819.46007610677	3881333.807258961	140
507819.4874934783	3881333.729654162	140
507819.5240372572	3881333.6409674454	140
507819.5240372572	3881333.6409674454	140
507819.5605810367	3881333.552280727	140
507819.5605810367	3881333.552280727	140
507819.59712481237	3881333.463594011	140
507819.6427759163	3881333.3860048978	140
507819.6427759163	3881333.3860048978	140
507819.68842702336	3881333.308415784	140
507819.6427759163	3881333.3860048978	140
507819.74319499644	3881333.230834515	140
507819.68842702336	3881333.308415784	140
507819.7797292398	3881333.153237558	140
507819.74319499644	3881333.230834515	140
507819.82538034685	3881333.075648446	140
507819.82538034685	3881333.075648446	140
507819.8710409948	3881332.9869695744	140
507819.8710409948	3881332.9869695744	140
507819.9166921058	3881332.9093804616	140
507819.9166921058	3881332.9093804616	140
507819.9623527555	3881332.8207015893	140
507819.9623527555	3881332.8207015893	140
507819.9988965426	3881332.732014874	140
507819.9988965426	3881332.732014874	140
507820.04454765364	3881332.654425763	140
507820.04454765364	3881332.654425763	140
507820.04454765364	3881332.654425763	140
507820.08109143755	3881332.5657390472	140
507820.1358594208	3881332.488157781	140
507820.1358594208	3881332.488157781	140
507820.1358594208	3881332.488157781	140
507820.1906369408	3881332.3994867518	140
507820.2454144619	3881332.310815724	140
507820.1906369408	3881332.3994867518	140
507820.2454144619	3881332.310815724	140
507820.3001824434	3881332.2332344577	140
507820.3001824434	3881332.2332344577	140
507820.3458431049	3881332.1445555864	140
507820.3458431049	3881332.1445555864	140
507820.40062062896	3881332.0558845606	140
507820.40062062896	3881332.0558845606	140
507820.45539815415	3881331.9672135334	140
507820.5101756827	3881331.8785425066	140
507820.45539815415	3881331.9672135334	140
507820.5101756827	3881331.8785425066	140
507820.5558458843	3881331.7787738773	140
507820.5558458843	3881331.7787738773	140
507820.610623415	3881331.6901028515	140
507820.610623415	3881331.6901028515	140
507820.6562840798	3881331.6014239816	140
507820.6562840798	3881331.6014239816	140
507820.7019447433	3881331.512745114	140
507820.7567127335	3881331.4351638495	140
507820.7567127335	3881331.4351638495	140
507820.7567127335	3881331.4351638495	140
507820.8114998071	3881331.335403065	140
507820.8114998071	3881331.335403065	140
507820.86628688424	3881331.23564228	140
507820.86628688424	3881331.23564228	140
507820.9301717472	3881331.158068862	140
507820.9301717472	3881331.158068862	140
507820.9758324155	3881331.0693899933	140
507820.9758324155	3881331.0693899933	140
507821.021493087	3881330.9807111267	140
507821.021493087	3881330.9807111267	140
507821.0853874923	3881330.8920479487	140
507821.0853874923	3881330.8920479487	140
507821.14017457515	3881330.7922871653	140
507821.14017457515	3881330.7922871653	140
507821.1949521151	3881330.7036161427	140
507821.1949521151	3881330.7036161427	140
507821.26795385254	3881330.626050571	140
507821.26795385254	3881330.626050571	140
507821.3957235949	3881330.47090374	140
507821.3957235949	3881330.47090374	140
507821.45962754946	3881330.3711508033	140
507821.45962754946	3881330.3711508033	140
507821.51440509513	3881330.2824797826	140
507821.51440509513	3881330.2824797826	140
507821.56917309965	3881330.204898523	140
507821.56917309965	3881330.204898523	140
507821.6239506497	3881330.116227503	140
507821.6604944638	3881330.0275407964	140
507821.6239506497	3881330.116227503	140
507821.6604944638	3881330.0275407964	140
507821.7152815558	3881329.9277800163	140
507821.7152815558	3881329.9277800163	140
507821.76094224025	3881329.839101152	140
507821.80661246565	3881329.7393325293	140
507821.76094224025	3881329.839101152	140
507821.80661246565	3881329.7393325293	140
507821.85227314965	3881329.650653667	140
507821.85227314965	3881329.650653667	140
507821.88881696784	3881329.5619669594	140
507821.88881696784	3881329.5619669594	140
507821.9435945225	3881329.4732959415	140
507821.9435945225	3881329.4732959415	140
507821.9983816209	3881329.373535165	140
507821.9983816209	3881329.373535165	140
507822.06227604934	3881329.284871993	140
507822.06227604934	3881329.284871993	140
507822.1170536097	3881329.196200977	140
507822.1170536097	3881329.196200977	140
507822.1536069729	3881329.0964245102	140
507822.1536069729	3881329.0964245102	140
507822.20839407586	3881328.996663733	140
507822.20839407586	3881328.996663733	140
507822.2540643128	3881328.8968951115	140
507822.2540643128	3881328.8968951115	140
507822.3088609611	3881328.7860445753	140
507822.3088609611	3881328.7860445753	140
507822.36362898373	3881328.7084633224	140
507822.36362898373	3881328.7084633224	140
507822.4092896806	3881328.6197844627	140
507822.4092896806	3881328.6197844627	140
507822.45495991927	3881328.5200158404	140
507822.45495991927	3881328.5200158404	140
507822.5188543558	3881328.431352673	140
507822.58274879586	3881328.342689506	140
507822.5188543558	3881328.431352673	140
507822.64664323494	3881328.254026337	140
507822.64664323494	3881328.254026337	140
507822.69229439326	3881328.1764372406	140
507822.69229439326	3881328.1764372406	140
507822.7470719641	3881328.087766228	140
507822.7470719641	3881328.087766228	140
507822.80185908196	3881327.9880054556	140
507822.7470719641	3881328.087766228	140
507822.85664620105	3881327.888244682	140
507822.85664620105	3881327.888244682	140
507822.85664620105	3881327.888244682	140
507822.92054064595	3881327.799581517	140
507822.92054064595	3881327.799581517	140
507822.97532776743	3881327.6998207457	140
507822.97532776743	3881327.6998207457	140
507823.0301053439	3881327.6111497357	140
507823.0301053439	3881327.6111497357	140
507823.0848829214	3881327.5224787244	140
507823.0848829214	3881327.5224787244	140
507823.14878691983	3881327.4227257995	140
507823.14878691983	3881327.4227257995	140
507823.212690915	3881327.3229728765	140
507823.212690915	3881327.3229728765	140
507823.267468496	3881327.2343018674	140
507823.267468496	3881327.2343018674	140
507823.3131292067	3881327.1456230115	140
507823.3131292067	3881327.1456230115	140
507823.3679163388	3881327.045862242	140
507823.3679163388	3881327.045862242	140
507823.4227130118	3881326.9350117133	140
507823.4227130118	3881326.9350117133	140
507823.4775001417	3881326.835250945	140
507823.4775001417	3881326.835250945	140
507823.5322872728	3881326.735490176	140
507823.5322872728	3881326.735490176	140
507823.5870648651	3881326.6468191687	140
507823.6327255819	3881326.558140316	140
507823.6327255819	3881326.558140316	140
507823.6327255819	3881326.558140316	140
507823.6875127163	3881326.4583795485	140
507823.6875127163	3881326.4583795485	140
507823.7514167241	3881326.358626628	140
507823.7514167241	3881326.358626628	140
507823.815320738	3881326.258873709	140
507823.815320738	3881326.258873709	140
507823.8700983313	3881326.170202703	140
507823.8700983313	3881326.170202703	140
507823.9157685982	3881326.0704340907	140
507823.9705652838	3881325.9595835637	140
507823.9157685982	3881326.0704340907	140
507824.0344597577	3881325.8709204067	140
507823.9705652838	3881325.9595835637	140
507824.0344597577	3881325.8709204067	140
507824.0892564459	3881325.760069882	140
507824.1440340448	3881325.671398878	140
507824.1440340448	3881325.671398878	140
507824.1896947719	3881325.582720028	140
507824.1440340448	3881325.671398878	140
507824.25359879603	3881325.48296711	140
507824.25359879603	3881325.48296711	140
507824.3083859437	3881325.3832063484	140
507824.25359879603	3881325.48296711	140
507824.3083859437	3881325.3832063484	140
507824.36316354707	3881325.294535346	140
507824.43618444615	3881325.194790277	140
507824.36316354707	3881325.294535346	140
507824.43618444615	3881325.194790277	140
507824.49096205184	3881325.1061192756	140
507824.53663233324	3881325.0063506668	140
507824.53663233324	3881325.0063506668	140
507824.53663233324	3881325.0063506668	140
507824.60053636285	3881324.9065977526	140
507824.60053636285	3881324.9065977526	140
507824.64620664413	3881324.8068291433	140
507824.64620664413	3881324.8068291433	140
507824.7010033462	3881324.6959786215	140
507824.7010033462	3881324.6959786215	140
507824.7466640859	3881324.607299775	140
507824.80144169816	3881324.5186287747	140
507824.80144169816	3881324.5186287747	140
507824.80144169816	3881324.5186287747	140
507824.85622886	3881324.4188680137	140
507824.85622886	3881324.4188680137	140
507824.9201328949	3881324.3191151028	140
507824.9201328949	3881324.3191151028	140
507824.97492005926	3881324.2193543436	140
507825.0479314272	3881324.130699042	140
507825.0479314272	3881324.130699042	140
507825.0479314272	3881324.130699042	140
507825.10271859175	3881324.030938284	140
507825.10271859175	3881324.030938284	140
507825.1483984294	3881323.9200799162	140
507825.1483984294	3881323.9200799162	140
507825.2031856009	3881323.8203191585	140
507825.2031856009	3881323.8203191585	140
507825.2579823157	3881323.709468641	140
507825.2579823157	3881323.709468641	140
507825.32188636	3881323.609715732	140
507825.32188636	3881323.609715732	140
507825.376673533	3881323.5099549745	140
507825.376673533	3881323.5099549745	140
507825.4223438321	3881323.41018637	140
507825.47714055196	3881323.299335854	140
507825.47714055196	3881323.299335854	140
507825.47714055196	3881323.299335854	140
507825.54104460153	3881323.199582947	140
507825.54104460153	3881323.199582947	140
507825.5958317794	3881323.09982219	140
507825.5958317794	3881323.09982219	140
507825.65973583166	3881323.000069285	140
507825.65973583166	3881323.000069285	140
507825.69628926076	3881322.900292831	140
507825.69628926076	3881322.900292831	140
507825.7693197409	3881322.7894580136	140
507825.7693197409	3881322.7894580136	140
507825.8241069214	3881322.689697261	140
507825.8241069214	3881322.689697261	140
507825.87890365045	3881322.5788467466	140
507825.87890365045	3881322.5788467466	140
507825.9428077141	3881322.479093842	140
507825.9428077141	3881322.479093842	140
507825.9975948984	3881322.3793330896	140
507825.9975948984	3881322.3793330896	140
507826.05239163147	3881322.268482576	140
507826.11629569693	3881322.1687296736	140
507826.05239163147	3881322.268482576	140
507826.11629569693	3881322.1687296736	140
507826.17108288495	3881322.0689689214	140
507826.17108288495	3881322.0689689214	140
507826.2258700765	3881321.9692081693	140
507826.28065726697	3881321.869447419	140
507826.28065726697	3881321.869447419	140
507826.28065726697	3881321.869447419	140
507826.34457088565	3881321.7586047566	140
507826.34457088565	3881321.7586047566	140
507826.40848450357	3881321.6477620965	140
507826.40848450357	3881321.6477620965	140
507826.47239812533	3881321.5369194346	140
507826.47239812533	3881321.5369194346	140
507826.5271853234	3881321.437158685	140
507826.5819629721	3881321.348487695	140
507826.5271853234	3881321.437158685	140
507826.5819629721	3881321.348487695	140
507826.6458765981	3881321.237645037	140
507826.6458765981	3881321.237645037	140
507826.70067334594	3881321.1267945273	140
507826.70067334594	3881321.1267945273	140
507826.773694304	3881321.027049479	140
507826.773694304	3881321.027049479	140
507826.82849105465	3881320.9161989703	140
507826.82849105465	3881320.9161989703	140
507826.88327826036	3881320.816438223	140
507826.88327826036	3881320.816438223	140
507826.94719189376	3881320.7055955646	140
507826.94719189376	3881320.7055955646	140
507827.0111055264	3881320.5947529073	140
507827.0111055264	3881320.5947529073	140
507827.0658927337	3881320.494992161	140
507827.0658927337	3881320.494992161	140
507827.1206894911	3881320.384141655	140
507827.1206894911	3881320.384141655	140
507827.18459358375	3881320.2843887606	140
507827.2393807948	3881320.184628014	140
507827.18459358375	3881320.2843887606	140
507827.2393807948	3881320.184628014	140
507827.31241131545	3881320.073793209	140
507827.31241131545	3881320.073793209	140
507827.38542273943	3881319.985137928	140
507827.4493268332	3881319.8853850346	140
507827.38542273943	3881319.985137928	140
507827.4493268332	3881319.8853850346	140
507827.50411404955	3881319.785624291	140
507827.50411404955	3881319.785624291	140
507827.55891082116	3881319.6747737858	140
507827.55891082116	3881319.6747737858	140
507827.622814919	3881319.575020895	140
507827.6776116887	3881319.464170391	140
507827.622814919	3881319.575020895	140
507827.6776116887	3881319.464170391	140
507827.74151579157	3881319.364417501	140
507827.74151579157	3881319.364417501	140
507827.7871765853	3881319.2757386686	140
507827.7871765853	3881319.2757386686	140
507827.8419733611	3881319.1648881678	140
507827.8419733611	3881319.1648881678	140
507827.8967701359	3881319.0540376655	140
507827.8967701359	3881319.0540376655	140
507827.96978157375	3881318.965382388	140
507827.96978157375	3881318.965382388	140
507828.02457835135	3881318.8545318865	140
507828.02457835135	3881318.8545318865	140
507828.07024870045	3881318.754763296	140
507828.1341528149	3881318.6550104073	140
507828.07024870045	3881318.754763296	140
507828.18894959637	3881318.5441599074	140
507828.1341528149	3881318.6550104073	140
507828.18894959637	3881318.5441599074	140
507828.2528632593	3881318.433317259	140
507828.2528632593	3881318.433317259	140
507828.31676737574	3881318.333564371	140
507828.31676737574	3881318.333564371	140
507828.3806810417	3881318.2227217252	140
507828.3806810417	3881318.2227217252	140
507828.43545873236	3881318.134050748	140
507828.43545873236	3881318.134050748	140
507828.49937240116	3881318.023208101	140
507828.49937240116	3881318.023208101	140
507828.5632860738	3881317.912365454	140
507828.5632860738	3881317.912365454	140
507828.62719019497	3881317.8126125713	140
507828.62719019497	3881317.8126125713	140
507828.6819774367	3881317.7128518336	140
507828.6819774367	3881317.7128518336	140
507828.7276573519	3881317.6019934854	140
507828.7276573519	3881317.6019934854	140
507828.7915805812	3881317.4800610817	140
507828.7915805812	3881317.4800610817	140
507828.8554942589	3881317.369218438	140
507828.8554942589	3881317.369218438	140
507828.9102815058	3881317.269457703	140
507828.9102815058	3881317.269457703	140
507828.9650783073	3881317.1586072077	140
507828.9650783073	3881317.1586072077	140
507829.0289824382	3881317.0588543266	140
507829.0289824382	3881317.0588543266	140
507829.0928865751	3881316.9591014436	140
507829.0928865751	3881316.9591014436	140
507829.1568002601	3881316.8482588017	140
507829.1568002601	3881316.8482588017	140
507829.2206948461	3881316.7595956833	140
507829.2206948461	3881316.7595956833	140
507829.26636521873	3881316.659827099	140
507829.26636521873	3881316.659827099	140
507829.330278908	3881316.548984459	140
507829.330278908	3881316.548984459	140
507829.37595883687	3881316.4381261133	140
507829.430746095	3881316.3383653816	140
507829.37595883687	3881316.4381261133	140
507829.430746095	3881316.3383653816	140
507829.50377667317	3881316.2275305944	140
507829.55856393406	3881316.127769865	140
507829.50377667317	3881316.2275305944	140
507829.6133512007	3881316.028009134	140
507829.55856393406	3881316.127769865	140
507829.6133512007	3881316.028009134	140
507829.668138464	3881315.9282484055	140
507829.668138464	3881315.9282484055	140
507829.74116904597	3881315.8174136207	140
507829.74116904597	3881315.8174136207	140
507829.8141900799	3881315.717668596	140
507829.8141900799	3881315.717668596	140
507829.85075313353	3881315.606802401	140
507829.85075313353	3881315.606802401	140
507829.9055499542	3881315.4959519124	140
507829.9055499542	3881315.4959519124	100
507829.9785805472	3881315.3851171304	100
507829.9785805472	3881315.3851171304	100
507830.0333773708	3881315.274266642	100
507830.0333773708	3881315.274266642	100
507830.09728152887	3881315.1745137675	100
507830.09728152887	3881315.1745137675	100
507830.161185686	3881315.0747608943	100
507830.161185686	3881315.0747608943	100
507830.22508984694	3881314.975008021	100
507830.22508984694	3881314.975008021	100
507830.2981108906	3881314.875263002	100
507830.2981108906	3881314.875263002	100
507830.3620150544	3881314.7755101286	100
507830.3620150544	3881314.7755101286	100
507830.43503610115	3881314.6757651097	100
507830.43503610115	3881314.6757651097	100
507830.48069694685	3881314.5870862943	100
507830.54461066774	3881314.4762436613	100
507830.54461066774	3881314.4762436613	100
507830.54461066774	3881314.4762436613	100
507830.5993979505	3881314.3764829375	100
507830.5993979505	3881314.3764829375	100
507830.6633116743	3881314.2656403068	100
507830.6633116743	3881314.2656403068	100
507830.72722539736	3881314.154797676	100
507830.72722539736	3881314.154797676	100
507830.78201268637	3881314.055036953	100
507830.78201268637	3881314.055036953	100
507830.83680953	3881313.9441864714	100
507830.83680953	3881313.9441864714	100
507830.9098305886	3881313.8444414563	100
507830.9098305886	3881313.8444414563	100
507830.9646274328	3881313.7335909726	100
507830.9646274328	3881313.7335909726	100
507831.0285316119	3881313.633838107	100
507831.0741924686	3881313.545159291	100
507831.0285316119	3881313.633838107	100
507831.1198724314	3881313.434300956	100
507831.1198724314	3881313.434300956	100
507831.1198724314	3881313.434300956	100
507831.1837861658	3881313.3234583302	100
507831.1837861658	3881313.3234583302	100
507831.2294661311	3881313.2125999937	100
507831.2294661311	3881313.2125999937	100
507831.293379873	3881313.1017573676	100
507831.293379873	3881313.1017573676	100
507831.3390502867	3881313.0019887937	100
507831.3390502867	3881313.0019887937	100
507831.39384714107	3881312.8911383143	100
507831.39384714107	3881312.8911383143	100
507831.4486440015	3881312.780287835	100
507831.4486440015	3881312.780287835	100
507831.50343130436	3881312.680527117	100
507831.50343130436	3881312.680527117	100
507831.5764619347	3881312.569692347	100
507831.5764619347	3881312.569692347	100
507831.6312396882	3881312.48102139	100
507831.6769196631	3881312.370163058	100
507831.6769196631	3881312.370163058	100
507831.74083341175	3881312.259320434	100
507831.74083341175	3881312.259320434	100
507831.7956207233	3881312.1595597193	100
507831.7956207233	3881312.1595597193	100
507831.7956207233	3881312.1595597193	100
507831.8595344772	3881312.048717097	100
507831.8595344772	3881312.048717097	100
507831.91432178894	3881311.9489563806	100
507831.91432178894	3881311.9489563806	100
507831.9691186567	3881311.838105905	100
507831.9691186567	3881311.838105905	100
507832.0330324173	3881311.727263283	100
507832.0330324173	3881311.727263283	100
507832.0878197329	3881311.6275025695	100
507832.0878197329	3881311.6275025695	100
507832.15172393905	3881311.5277497107	100
507832.15172393905	3881311.5277497107	100
507832.19740392506	3881311.4168913797	100
507832.25219124666	3881311.317130666	100
507832.25219124666	3881311.317130666	100
507832.29788079014	3881311.195182577	100
507832.29788079014	3881311.195182577	100
507832.29788079014	3881311.195182577	100
507832.34355122433	3881311.095414008	100
507832.39835766004	3881310.9734737733	100
507832.39835766004	3881310.9734737733	100
507832.39835766004	3881310.9734737733	100
507832.44402809645	3881310.873705207	100
507832.4896985339	3881310.7739366386	100
507832.4896985339	3881310.7739366386	100
507832.4896985339	3881310.7739366386	100
507832.54450497584	3881310.6519964053	100
507832.54450497584	3881310.6519964053	100
507832.59017541545	3881310.5522278384	100
507832.63585541165	3881310.4413695103	100
507832.63585541165	3881310.4413695103	100
507832.63585541165	3881310.4413695103	100
507832.67240896507	3881310.341593088	100
507832.6998551866	3881310.23071905	100
507832.6998551866	3881310.23071905	100
507832.73641829967	3881310.119852868	100
507832.6998551866	3881310.23071905	100
507832.73641829967	3881310.119852868	100
507832.77299096703	3881309.9978969246	100
507832.77299096703	3881309.9978969246	100
507832.81867097056	3881309.887038599	100
507832.85523408407	3881309.776172416	100
507832.85523408407	3881309.776172416	100
507832.85523408407	3881309.776172416	100
507832.88267075364	3881309.6763881394	100
507832.9283507578	3881309.565529811	100
507832.88267075364	3881309.6763881394	100
507832.98314765684	3881309.454679343	100
507832.98314765684	3881309.454679343	100
507832.98314765684	3881309.454679343	100
507833.02882766334	3881309.343821018	100
507833.09274144965	3881309.232978405	100
507833.02882766334	3881309.343821018	100
507833.09274144965	3881309.232978405	100
507833.1293045714	3881309.122112225	100
507833.1293045714	3881309.122112225	100
507833.16586769174	3881309.011246043	100
507833.16586769174	3881309.011246043	100
507833.211557259	3881308.889297958	100
507833.211557259	3881308.889297958	100
507833.24812993995	3881308.767342017	100
507833.24812993995	3881308.767342017	100
507833.2938290659	3881308.6343041724	100
507833.2938290659	3881308.6343041724	100
507833.3669648719	3881308.4014820526	100
507833.3669648719	3881308.4014820526	100
507833.41265444714	3881308.2795339683	100
507833.41265444714	3881308.2795339683	100
507833.4492366875	3881308.1464882665	100
507833.4492366875	3881308.1464882665	100
507833.48579981795	3881308.035622089	100
507833.5132460563	3881307.924748054	100
507833.5132460563	3881307.924748054	100
507833.540701852	3881307.802784256	100
507833.540701852	3881307.802784256	100
507833.540701852	3881307.802784256	100
507833.56816720753	3881307.6697306996	100
507833.56816720753	3881307.6697306996	100
507833.5865061114	3881307.5477590477	100
507833.5865061114	3881307.5477590477	100
507833.62307880266	3881307.4258031077	100
507833.62307880266	3881307.4258031077	100
507833.64140815556	3881307.314921216	100
507833.64140815556	3881307.314921216	100
507833.6688543956	3881307.204047181	100
507833.6872028632	3881307.0709857685	100
507833.6688543956	3881307.204047181	100
507833.6872028632	3881307.0709857685	100
507833.71465866384	3881306.949021973	100
507833.71465866384	3881306.949021973	100
507833.74211446516	3881306.8270581774	100
507833.74211446516	3881306.8270581774	100
507833.7604629323	3881306.693996765	100
507833.7604629323	3881306.693996765	100
507833.76967539627	3881306.5831070174	100
507833.76967539627	3881306.5831070174	100
507833.7789069721	3881306.4500377486	100
507833.7789069721	3881306.4500377486	100
507833.7972458812	3881306.3280660952	100
507833.7972458812	3881306.3280660952	100
507833.8064774577	3881306.194996826	100
507833.8064774577	3881306.194996826	100
507833.82481637225	3881306.0730251744	100
507833.82491194265	3881305.9621275705	100
507833.82491194265	3881305.9621275705	100
507833.82491194265	3881305.9621275705	100
507833.8341435199	3881305.8290583007	100
507833.8341435199	3881305.8290583007	100
507833.83425820456	3881305.6959811756	100
507833.83425820456	3881305.6959811756	100
507833.85260667524	3881305.562919764	100
507833.85260667524	3881305.562919764	100
507833.85271180305	3881305.440932397	100
507833.85271180305	3881305.440932397	100
507833.85281693086	3881305.3189450325	100
507833.8438051652	3881305.19694981	100
507833.8438051652	3881305.19694981	100
507833.8438051652	3881305.19694981	100
507833.8439102929	3881305.0749624465	100
507833.8439102929	3881305.0749624465	100
507833.84401542053	3881304.9529750803	100
507833.8350132115	3881304.8198900977	100
507833.8350132115	3881304.8198900977	100
507833.8168749942	3881304.708976779	100
507833.8350132115	3881304.8198900977	100
507833.8168749942	3881304.708976779	100
507833.8078632251	3881304.5869815573	100
507833.7988610152	3881304.4538965756	100
507833.7988610152	3881304.4538965756	100
507833.7988610152	3881304.4538965756	100
507833.7898492502	3881304.3319013533	100
507833.7898492502	3881304.3319013533	100
507833.7808374828	3881304.209906132	100
507833.7808374828	3881304.209906132	100
507833.75358236674	3881304.098984955	100
507833.75358236674	3881304.098984955	100
507833.72633681155	3881303.9769740207	100
507833.72633681155	3881303.9769740207	100
507833.699091251	3881303.854963085	100
507833.699091251	3881303.854963085	100
507833.67184568977	3881303.7329521505	100
507833.67184568977	3881303.7329521505	100
507833.6446001324	3881303.610941215	100
507833.6446001324	3881303.610941215	100
507833.6173450129	3881303.50002004	100
507833.6173450129	3881303.50002004	100
507833.5900898927	3881303.389098866	100
507833.5900898927	3881303.389098866	100
507833.5628538899	3881303.2559981714	100
507833.5628538899	3881303.2559981714	100
507833.53559876827	3881303.145076997	100
507833.53559876827	3881303.145076997	100
507833.5083532073	3881303.0230660625	100
507833.5083532073	3881303.0230660625	100
507833.46286429063	3881302.912129176	100
507833.46286429063	3881302.912129176	100
507833.4173658209	3881302.8122820496	100
507833.3718864608	3881302.6902554026	100
507833.4173658209	3881302.8122820496	100
507833.3718864608	3881302.6902554026	100
507833.33550488733	3881302.590416133	100
507833.33550488733	3881302.590416133	100
507833.2900159664	3881302.4794792463	100
507833.2900159664	3881302.4794792463	100
507833.2354101527	3881302.3685345054	100
507833.2354101527	3881302.3685345054	100
507833.189921234	3881302.257597621	100
507833.189921234	3881302.257597621	100
507833.14444186806	3881302.135570974	100
507833.14444186806	3881302.135570974	100
507833.0989529471	3881302.02463409	100
507833.0989529471	3881302.02463409	100
507833.053464025	3881301.9136972055	100
507833.053464025	3881301.9136972055	100
507833.0079559875	3881301.824939841	100
507832.96245750727	3881301.725092717	100
507832.96245750727	3881301.725092717	100
507832.96245750727	3881301.725092717	100
507832.907851685	3881301.6141479774	100
507832.85324585676	3881301.5032032384	100
507832.85324585676	3881301.5032032384	100
507832.85324585676	3881301.5032032384	100
507832.78952313465	3881301.392250643	100
507832.78952313465	3881301.392250643	100
507832.73490775254	3881301.292395665	100
507832.73490775254	3881301.292395665	100
507832.68029236695	3881301.192540686	100
507832.68029236695	3881301.192540686	100
507832.61656964046	3881301.0815880923	100
507832.61656964046	3881301.0815880923	100
507832.552837357	3881300.98172526	100
507832.552837357	3881300.98172526	100
507832.4982219652	3881300.8818702833	100
507832.4982219652	3881300.8818702833	100
507832.43449923437	3881300.770917691	100
507832.43449923437	3881300.770917691	100
507832.3616404912	3881300.6821367643	100
507832.3616404912	3881300.6821367643	100
507832.28879130405	3881300.5822660793	100
507832.2068156598	3881300.493477298	100
507832.2068156598	3881300.493477298	100
507832.2068156598	3881300.493477298	100
507832.1339664671	3881300.3936066125	100
507832.1339664671	3881300.3936066125	100
507832.061107718	3881300.304825689	100
507832.061107718	3881300.304825689	100
507831.9882489697	3881300.216044766	100
507831.90628287394	3881300.1161662266	100
507831.90628287394	3881300.1161662266	100
507831.90628287394	3881300.1161662266	100
507831.8243072241	3881300.0273774504	100
507831.8243072241	3881300.0273774504	100
507831.7423315703	3881299.9385886746	100
507831.7423315703	3881299.9385886746	100
507831.66947281366	3881299.849807753	100
507831.66947281366	3881299.849807753	100
507831.5874876025	3881299.7721087392	100
507831.5874876025	3881299.7721087392	100
507831.5055119464	3881299.683319966	100
507831.5055119464	3881299.683319966	100
507831.414419385	3881299.594523337	100
507831.414419385	3881299.594523337	100
507831.33244372567	3881299.505734565	100
507831.33244372567	3881299.505734565	100
507831.24134160695	3881299.4280276992	100
507831.24134160695	3881299.4280276992	100
507831.1684732899	3881299.3503365438	100
507831.1684732899	3881299.3503365438	100
507831.0682638272	3881299.2615320645	100
507831.0682638272	3881299.2615320645	100
507830.98627860553	3881299.183833055	100
507830.98627860553	3881299.183833055	100
507830.89517648297	3881299.1061261934	100
507830.79495745926	3881299.028411479	100
507830.89517648297	3881299.1061261934	100
507830.79495745926	3881299.028411479	100
507830.70384578034	3881298.96179438	100
507830.70384578034	3881298.96179438	100
507830.59450985363	3881298.884071812	100
507830.5033981741	3881298.8174547153	100
507830.59450985363	3881298.884071812	100
507830.5033981741	3881298.8174547153	100
507830.3940717945	3881298.7286423906	100
507830.2847358647	3881298.6509198286	100
507830.3940717945	3881298.7286423906	100
507830.2847358647	3881298.6509198286	100
507830.19361462333	3881298.5953924935	100
507830.19361462333	3881298.5953924935	100
507830.09340514045	3881298.5065880255	100
507830.09340514045	3881298.5065880255	100
507829.9840692054	3881298.4288654677	100
507829.9840692054	3881298.4288654677	100
507829.8929670667	3881298.351158616	100
507829.8929670667	3881298.351158616	100
507829.7836311235	3881298.27343606	100
507829.7836311235	3881298.27343606	100
507829.6742760791	3881298.217893025	100
507829.6742760791	3881298.217893025	100
507829.5649401324	3881298.1401704717	100
507829.5649401324	3881298.1401704717	100
507829.44647773384	3881298.073529827	100
507829.44647773384	3881298.073529827	100
507829.32801533595	3881298.006889184	100
507829.32801533595	3881298.006889184	100
507829.227786733	3881297.9402642464	100
507829.1184316789	3881297.8847212186	100
507829.1184316789	3881297.8847212186	100
507829.1184316789	3881297.8847212186	100
507829.0090861746	3881297.8180884314	100
507829.0090861746	3881297.8180884314	100
507828.89063332113	3881297.740358034	100
507828.89063332113	3881297.740358034	100
507828.7812878111	3881297.67372525	100
507828.6810592028	3881297.6071003187	100
507828.7812878111	3881297.67372525	100
507828.571713692	3881297.540467539	100
507828.6810592028	3881297.6071003187	140
507828.571713692	3881297.540467539	140
507828.4532608312	3881297.462737146	140
507828.4532608312	3881297.462737146	140
507828.33478886314	3881297.407186276	140
507828.33478886314	3881297.407186276	140
507828.22544334736	3881297.3405534993	140
507828.22544334736	3881297.3405534993	140
507828.11609782994	3881297.2739207232	140
507828.11609782994	3881297.2739207232	140
507828.00674276106	3881297.218377708	140
507828.00674276106	3881297.218377708	140
507827.8973972406	3881297.1517449347	140
507827.8973972406	3881297.1517449347	140
507827.7880517186	3881297.085112162	140
507827.7880517186	3881297.085112162	140
507827.68781354703	3881297.029577004	140
507827.68781354703	3881297.029577004	140
507827.5693511203	3881296.9629363827	140
507827.46911294607	3881296.9074012265	140
507827.46911294607	3881296.9074012265	140
507827.35065051616	3881296.840760609	140
507827.46911294607	3881296.9074012265	140
507827.35065051616	3881296.840760609	140
507827.23217853555	3881296.7852097545	140
507827.1137161023	3881296.7185691404	140
507827.23217853555	3881296.7852097545	140
507827.00436101836	3881296.663026138	140
507827.1137161023	3881296.7185691404	140
507827.00436101836	3881296.663026138	140
507826.9041132911	3881296.6185807465	140
507826.9041132911	3881296.6185807465	140
507826.80388465745	3881296.5519558364	140
507826.80388465745	3881296.5519558364	140
507826.67631486425	3881296.4742176183	140
507826.67631486425	3881296.4742176183	140
507826.5760862273	3881296.4075927096	140
507826.4667406866	3881296.3409599545	140
507826.5760862273	3881296.4075927096	140
507826.4667406866	3881296.3409599545	140
507826.3573760486	3881296.29650672	140
507826.3573760486	3881296.29650672	140
507826.23892315035	3881296.2187763588	140
507826.23892315035	3881296.2187763588	140
507826.12045115256	3881296.1632255167	140
507826.12045115256	3881296.1632255167	140
507826.0019887031	3881296.0965849175	140
507826.0019887031	3881296.0965849175	140
507825.8926431568	3881296.029952169	140
507825.8926431568	3881296.029952169	140
507825.79240496206	3881295.974417031	140
507825.79240496206	3881295.974417031	140
507825.68305940815	3881295.907784284	140
507825.68305940815	3881295.907784284	140
507825.5737138573	3881295.8411515397	140
507825.45525139733	3881295.774510946	140
507825.45525139733	3881295.774510946	140
507825.3367889379	3881295.7078703567	140
507825.3367889379	3881295.7078703567	140
507825.3367889379	3881295.7078703567	140
507825.2183169303	3881295.6523195263	140
507825.0998544676	3881295.5856789392	140
507825.2183169303	3881295.6523195263	140
507825.0998544676	3881295.5856789392	140
507824.99049936	3881295.530135961	140
507824.99049936	3881295.530135961	140
507824.88114425115	3881295.4745929847	140
507824.76268178364	3881295.4079524013	140
507824.88114425115	3881295.4745929847	140
507824.76268178364	3881295.4079524013	140
507824.65332666953	3881295.3524094285	140
507824.65332666953	3881295.3524094285	140
507824.5530980078	3881295.2857845435	140
507824.43464507867	3881295.208054203	140
507824.43464507867	3881295.208054203	140
507824.32528996485	3881295.152511234	140
507824.32528996485	3881295.152511234	140
507824.2159443903	3881295.085878506	140
507824.2159443903	3881295.085878506	140
507824.11570617725	3881295.0303433854	140
507824.11570617725	3881295.0303433854	140
507824.11570617725	3881295.0303433854	140
507823.99724369607	3881294.963702812	140
507823.99724369607	3881294.963702812	140
507823.8787716729	3881294.908152001	140
507823.8787716729	3881294.908152001	140
507823.76942609216	3881294.8415192785	140
507823.76942609216	3881294.8415192785	140
507823.66007096984	3881294.7859763163	140
507823.66007096984	3881294.7859763163	140
507823.55984228995	3881294.7193514416	140
507823.55984228995	3881294.7193514416	140
507823.4504871649	3881294.663808483	140
507823.4504871649	3881294.663808483	140
507823.3411415781	3881294.597175765	140
507823.3411415781	3881294.597175765	140
507823.2409128984	3881294.5305508943	140
507823.2409128984	3881294.5305508943	140
507823.1315577668	3881294.4750079387	140
507823.1315577668	3881294.4750079387	140
507823.0313195381	3881294.4194728313	140
507823.0313195381	3881294.4194728313	140
507822.9219739476	3881294.3528401176	140
507822.9219739476	3881294.3528401176	140
507822.8035019076	3881294.2972893207	140
507822.8035019076	3881294.2972893207	140
507822.69415631396	3881294.2306566103	140
507822.69415631396	3881294.2306566103	140
507822.59391807986	3881294.1751215057	140
507822.59391807986	3881294.1751215057	140
507822.49368938775	3881294.1084966436	140
507822.49368938775	3881294.1084966436	140
507822.375226885	3881294.041856092	140
507822.375226885	3881294.041856092	140
507822.27500773274	3881293.964141473	140
507822.1656621289	3881293.8975087684	140
507822.27500773274	3881293.964141473	140
507822.1656621289	3881293.8975087684	140
507822.0563165281	3881293.830876067	140
507822.0563165281	3881293.830876067	140
507821.94695183606	3881293.7864228864	140
507821.83759669	3881293.730879945	140
507821.83759669	3881293.730879945	140
507821.83759669	3881293.730879945	140
507821.71913417516	3881293.6642394024	140
507821.71913417516	3881293.6642394024	140
507821.6006621189	3881293.608688621	140
507821.6006621189	3881293.608688621	140
507821.49130696856	3881293.5531456866	140
507821.49130696856	3881293.5531456866	140
507821.3910782615	3881293.486520835	140
507821.3910782615	3881293.486520835	140
507821.28173264547	3881293.419888142	140
507821.28173264547	3881293.419888142	140
507821.1632701249	3881293.3532476057	140
507821.1632701249	3881293.3532476057	140
507821.06304141326	3881293.28662276	140
507821.06304141326	3881293.28662276	140
507820.944569348	3881293.2310719867	140
507820.8443215511	3881293.186626663	140
507820.8443215511	3881293.186626663	140
507820.8443215511	3881293.186626663	140
507820.7258590243	3881293.1199861336	140
507820.7258590243	3881293.1199861336	140
507820.6165038627	3881293.0644432087	140
507820.6165038627	3881293.0644432087	140
507820.5071486952	3881293.0089002857	140
507820.5071486952	3881293.0089002857	140
507820.4069104343	3881292.9533652063	140
507820.4069104343	3881292.9533652063	140
507820.30667217454	3881292.897830128	140
507820.30667217454	3881292.897830128	140
507820.1973265435	3881292.8311974485	140
507820.1973265435	3881292.8311974485	140
507820.08797137527	3881292.775654529	140
507820.08797137527	3881292.775654529	140
507819.9877426494	3881292.7090296946	140
507819.9877426494	3881292.7090296946	140
507819.88750437973	3881292.653494622	140
507819.78726611345	3881292.5979595506	140
507819.88750437973	3881292.653494622	140
507819.78726611345	3881292.5979595506	140
507819.66880356893	3881292.531319033	140
507819.66880356893	3881292.531319033	140
507819.5594483938	3881292.4757761224	140
507819.45009321277	3881292.42023321	140
507819.5594483938	3881292.4757761224	140
507819.45009321277	3881292.42023321	140
507819.3498549413	3881292.364698144	140
507819.3498549413	3881292.364698144	140
507819.2496262055	3881292.2980733174	140
507819.2496262055	3881292.2980733174	140
507819.1493974682	3881292.2314484934	140
507819.1493974682	3881292.2314484934	140
507819.040051823	3881292.164815827	140
507819.040051823	3881292.164815827	140
507818.94893998926	3881292.0981988455	140
507818.94893998926	3881292.0981988455	140
507818.83960387966	3881292.020476421	140
507818.83960387966	3881292.020476421	140
507818.7393655977	3881291.964941362	140
507818.7393655977	3881291.964941362	140
507818.6300104079	3881291.909398461	140
507818.51154784823	3881291.8427579594	140
507818.51154784823	3881291.8427579594	140
507818.51154784823	3881291.8427579594	140
507818.4021926555	3881291.787215062	140
507818.2928469995	3881291.720582404	140
507818.2928469995	3881291.720582404	140
507818.2928469995	3881291.720582404	140
507818.1926087109	3881291.6650473503	140
507818.1926087109	3881291.6650473503	140
507818.08326305187	3881291.598414696	140
507818.08326305187	3881291.598414696	140
507817.9648100218	3881291.5206844406	140
507817.9648100218	3881291.5206844406	140
507817.8554643594	3881291.45405179	140
507817.8554643594	3881291.45405179	140
507817.7369922508	3881291.398501059	140
507817.6367539553	3881291.3429660103	140
507817.7369922508	3881291.398501059	140
507817.6367539553	3881291.3429660103	140
507817.51829138095	3881291.276325522	140
507817.51829138095	3881291.276325522	140
507817.40894571005	3881291.209692876	140
507817.40894571005	3881291.209692876	140
507817.2995905053	3881291.1541499915	140
507817.19024483126	3881291.0875173477	140
507817.2995905053	3881291.1541499915	140
507817.19024483126	3881291.0875173477	140
507817.09000653133	3881291.031982306	140
507817.09000653133	3881291.031982306	140
507816.98066085664	3881290.965349665	140
507816.98066085664	3881290.965349665	140
507816.8713151803	3881290.8987170244	140
507816.8713151803	3881290.8987170244	140
507816.7710864102	3881290.832092226	140
507816.7710864102	3881290.832092226	140
507816.6617407308	3881290.7654595883	140
507816.55238551385	3881290.7099167136	140
507816.6617407308	3881290.7654595883	140
507816.55238551385	3881290.7099167136	140
507816.443039829	3881290.643284078	140
507816.443039829	3881290.643284078	140
507816.3245772392	3881290.5766436057	140
507816.3245772392	3881290.5766436057	140
507816.2243389237	3881290.521108574	140
507816.2243389237	3881290.521108574	140
507816.10588586604	3881290.4433783437	140
507816.10588586604	3881290.4433783437	140
507816.0056475478	3881290.387843314	140
507816.0056475478	3881290.387843314	140
507815.9054092329	3881290.3323082845	140
507815.9054092329	3881290.3323082845	140
507815.7869561654	3881290.2545780577	140
507815.7869561654	3881290.2545780577	140
507815.6776104742	3881290.187945433	140
507815.6776104742	3881290.187945433	140
507815.57738168514	3881290.121320647	140
507815.57738168514	3881290.121320647	140
507815.47713383014	3881290.0768753844	140
507815.47713383014	3881290.0768753844	140
507815.35866168677	3881290.0213246844	140
507815.24931598955	3881289.9546920653	140
507815.24931598955	3881289.9546920653	140
507815.1399607519	3881289.899149207	140
507815.1399607519	3881289.899149207	140
507815.1399607519	3881289.899149207	140
507815.02149814286	3881289.832508751	140
507815.02149814286	3881289.832508751	140
507814.9212598112	3881289.7769737337	140
507814.9212598112	3881289.7769737337	140
507814.8119141079	3881289.7103411183	140
507814.8119141079	3881289.7103411183	140
507814.7116853096	3881289.6437163427	140
507814.6023396008	3881289.5770837297	140
507814.6023396008	3881289.5770837297	140
507814.6023396008	3881289.5770837297	140
507814.49300342385	3881289.499361358	140
507814.3836481784	3881289.443818508	140
507814.3836481784	3881289.443818508	140
507814.3836481784	3881289.443818508	140
507814.2742929317	3881289.388275661	140
507814.2742929317	3881289.388275661	140
507814.16495674965	3881289.310553293	140
507813.937148405	3881289.1772802453	140
507813.937148405	3881289.1772802453	140
507813.937148405	3881289.1772802453	140
507813.82780268264	3881289.110647643	140
507813.82780268264	3881289.110647643	140
507813.7184569633	3881289.044015042	140
507813.7184569633	3881289.044015042	140
507813.6091112377	3881288.9773824406	140
507813.6091112377	3881288.9773824406	140
507813.49064860545	3881288.910742007	140
507813.49064860545	3881288.910742007	140
507813.3813028766	3881288.8441094086	140
507813.3813028766	3881288.8441094086	140
507813.27194761886	3881288.7885665735	140
507813.27194761886	3881288.7885665735	140
507813.1534754453	3881288.7330159014	140
507813.1534754453	3881288.7330159014	140
507813.0350032726	3881288.6774652335	140
507813.0350032726	3881288.6774652335	140
507812.9256575422	3881288.610832642	140
507812.9256575422	3881288.610832642	140
507812.8071948955	3881288.5441922145	140
507812.8071948955	3881288.5441922145	140
507812.7069565408	3881288.488657221	140
507812.7069565408	3881288.488657221	140
507812.6067277114	3881288.422032468	140
507812.6067277114	3881288.422032468	140
507812.4973819725	3881288.3553998824	140
507812.38803623203	3881288.2887672973	140
507812.38803623203	3881288.2887672973	140
507812.27869048994	3881288.222134712	140
507812.27869048994	3881288.222134712	140
507812.1693352157	3881288.16659189	140
507812.1693352157	3881288.16659189	140
507812.1693352157	3881288.16659189	140
507812.05086303194	3881288.1110412334	140
507812.05086303194	3881288.1110412334	140
507811.93240037235	3881288.0444008177	140
507811.93240037235	3881288.0444008177	140
507811.8139281832	3881287.988850166	140
507811.6954750503	3881287.9111199933	140
507811.6954750503	3881287.9111199933	140
507811.6954750503	3881287.9111199933	140
507811.58612930094	3881287.8444874175	140
507811.58612930094	3881287.8444874175	140
507811.47679307504	3881287.7667650827	140
507811.47679307504	3881287.7667650827	140
507811.3583304114	3881287.7001246745	140
507811.3583304114	3881287.7001246745	140
507811.23986774374	3881287.6334842695	140
507811.23986774374	3881287.6334842695	140
507811.1305124538	3881287.577941459	140
507811.1305124538	3881287.577941459	140
507811.012040256	3881287.5223908178	140
507811.012040256	3881287.5223908178	140
507810.884451141	3881287.4668323426	140
507810.884451141	3881287.4668323426	140
507810.77510537807	3881287.4001997765	140
507810.77510537807	3881287.4001997765	140
507810.6657596135	3881287.3335672123	140
507810.6657596135	3881287.3335672123	140
507810.547296936	3881287.2669268157	140
507810.547296936	3881287.2669268157	140
507810.437941642	3881287.2113840133	140
507810.3194884872	3881287.133653859	140
507810.437941642	3881287.2113840133	140
507810.3194884872	3881287.133653859	140
507810.20102580456	3881287.0670134677	140
507810.08256311784	3881287.0003730766	140
507810.08256311784	3881287.0003730766	140
507810.08256311784	3881287.0003730766	140
507809.96409090614	3881286.9448224464	140
507809.96409090614	3881286.9448224464	140
507809.86384298414	3881286.900377244	140
507809.86384298414	3881286.900377244	140
507809.736253858	3881286.8448187863	140
507809.736253858	3881286.8448187863	140
507809.6177816399	3881286.789268162	140
507809.39909007755	3881286.656003062	140
507809.39909007755	3881286.656003062	140
507809.29885167896	3881286.6004681075	140
507809.29885167896	3881286.6004681075	140
507809.1803985088	3881286.522737967	140
507809.29885167896	3881286.6004681075	140
507809.1803985088	3881286.522737967	140
507809.0710527197	3881286.456105422	140
507809.0710527197	3881286.456105422	140
507808.95258049475	3881286.4005548065	140
507808.95258049475	3881286.4005548065	140
507808.84322517604	3881286.3450120236	140
507808.84322517604	3881286.3450120236	140
507808.7247434196	3881286.300551172	140
507808.7247434196	3881286.300551172	140
507808.6062807168	3881286.2339108004	140
507808.4787010951	3881286.1672626	140
507808.4787010951	3881286.1672626	140
507808.4787010951	3881286.1672626	140
507808.36935529887	3881286.100630062	140
507808.36935529887	3881286.100630062	140
507808.2691264137	3881286.0340053583	140
507808.1688880037	3881285.9784704153	140
507808.1688880037	3881285.9784704153	140
507808.1688880037	3881285.9784704153	140
507808.05955172615	3881285.9007481216	140
507808.05955172615	3881285.9007481216	140
507807.9319816235	3881285.823010168	140
507807.9319816235	3881285.823010168	140
507807.8226358192	3881285.756377638	140
507807.8226358192	3881285.756377638	140
507807.71329001326	3881285.6897451095	140
507807.71329001326	3881285.6897451095	140
507807.59481776546	3881285.6341945105	140
507807.59481776546	3881285.6341945105	140
507807.4763455208	3881285.578643915	140
507807.4763455208	3881285.578643915	140
507807.35788279714	3881285.51200356	140
507807.1391816466	3881285.3898282745	140
507807.35788279714	3881285.51200356	140
507807.1391816466	3881285.3898282745	140
507807.02983582893	3881285.3231957546	140
507807.02983582893	3881285.3231957546	140
507806.9204900143	3881285.2565632337	140
507806.9204900143	3881285.2565632337	140
507806.80202728	3881285.189922887	140
507806.80202728	3881285.189922887	140
507806.6926814621	3881285.1232903707	140
507806.6926814621	3881285.1232903707	140
507806.59244302777	3881285.0677554454	140
507806.59244302777	3881285.0677554454	140
507806.4830876833	3881285.012212692	140
507806.4830876833	3881285.012212692	140
507806.35549850547	3881284.9566542804	140
507806.35549850547	3881284.9566542804	140
507806.2370262422	3881284.9011037005	140
507806.2370262422	3881284.9011037005	140
507806.12768041436	3881284.8344711913	140
507806.12768041436	3881284.8344711913	140
507806.0183250619	3881284.7789284433	140
507806.0183250619	3881284.7789284433	140
507805.9180961449	3881284.7123037647	140
507805.9180961449	3881284.7123037647	140
507805.8087503148	3881284.645671259	140
507805.8087503148	3881284.645671259	140
507805.6994044785	3881284.5790387536	140
507805.6994044785	3881284.5790387536	140
507805.59916603676	3881284.5235038395	140
507805.59916603676	3881284.5235038395	140
507805.4898201974	3881284.4568713373	140
507805.4898201974	3881284.4568713373	140
507805.3804648388	3881284.4013285968	140
507805.3804648388	3881284.4013285968	140
507805.26199256	3881284.3457780285	140
507805.26199256	3881284.3457780285	140
507805.1526371964	3881284.2902352917	140
507805.1526371964	3881284.2902352917	140
507804.9339359869	3881284.16806006	140
507804.9339359869	3881284.16806006	140
507804.81547322625	3881284.101419737	140
507804.81547322625	3881284.101419737	140
507804.715244293	3881284.034795074	140
507804.715244293	3881284.034795074	140
507804.6058984436	3881283.968162582	140
507804.6058984436	3881283.968162582	140
507804.49654307147	3881283.912619852	140
507804.49654307147	3881283.912619852	140
507804.39631413383	3881283.84599519	140
507804.39631413383	3881283.84599519	140
507804.2869587612	3881283.7904524636	140
507804.2869587612	3881283.7904524636	140
507804.17761290347	3881283.723819978	140
507804.17761290347	3881283.723819978	140
507804.06826704874	3881283.6571874926	140
507804.06826704874	3881283.6571874926	140
507803.9589211878	3881283.59055501	140
507803.9589211878	3881283.59055501	140
507803.85869224265	3881283.523930354	140
507803.85869224265	3881283.523930354	140
507803.7675706932	3881283.4684032868	140
507803.667341743	3881283.4017786337	140
507803.667341743	3881283.4017786337	140
507803.667341743	3881283.4017786337	140
507803.5579958784	3881283.335146155	140
507803.46687432524	3881283.279619091	140
507803.46687432524	3881283.279619091	140
507803.36663585325	3881283.2240842013	140
507803.36663585325	3881283.2240842013	140
507803.36663585325	3881283.2240842013	140
507803.2572804646	3881283.1685414854	140
507803.15705150965	3881283.101916838	140
507803.15705150965	3881283.101916838	140
507803.15705150965	3881283.101916838	140
507803.0659299494	3881283.046389778	140
507803.0659299494	3881283.046389778	140
507802.95657455677	3881282.990847067	140
507802.8563455977	3881282.9242224228	140
507802.8563455977	3881282.9242224228	140
507802.8563455977	3881282.9242224228	140
507802.7561071181	3881282.8686875394	140
507802.7561071181	3881282.8686875394	140
507802.6558781562	3881282.8020628975	140
507802.55563967396	3881282.746528017	140
507802.55563967396	3881282.746528017	140
507802.55563967396	3881282.746528017	140
507802.4554107116	3881282.679903378	140
507802.3642986614	3881282.613286564	140
507802.3642986614	3881282.613286564	140
507802.3642986614	3881282.613286564	140
507802.2640506546	3881282.5688414467	140
507802.2640506546	3881282.5688414467	140
507802.154704772	3881282.502208985	140
507802.0544662811	3881282.44667411	140
507802.0544662811	3881282.44667411	140
507801.9542373094	3881282.3800494755	140
507801.9542373094	3881282.3800494755	140
507801.8539988206	3881282.324514603	140
507801.8539988206	3881282.324514603	140
507801.7628772446	3881282.268987554	140
507801.7628772446	3881282.268987554	140
507801.66264826653	3881282.2023629243	140
507801.7628772446	3881282.268987554	140
507801.66264826653	3881282.2023629243	140
507801.55330237513	3881282.1357304696	140
507801.4621712779	3881282.091293186	140
507801.55330237513	3881282.1357304696	140
507801.4621712779	3881282.091293186	140
507801.3619423003	3881282.0246685576	140
507801.3619423003	3881282.0246685576	140
507801.2617037993	3881281.969133692	140
507801.15234838275	3881281.913591002	140
507801.2617037993	3881281.969133692	140
507801.0521193986	3881281.8469663775	140
507801.15234838275	3881281.913591002	140
507801.0521193986	3881281.8469663775	140
507800.8516423924	3881281.735896653	140
507800.75141340634	3881281.6692720326	140
507800.75141340634	3881281.6692720326	140
507800.75141340634	3881281.6692720326	140
507800.66030133126	3881281.602655236	140
507800.66030133126	3881281.602655236	140
507800.55094590894	3881281.547112554	140
507800.55094590894	3881281.547112554	140
507800.45071691636	3881281.4804879357	140
507800.45071691636	3881281.4804879357	140
507800.3504784038	3881281.4249530807	140
507800.3504784038	3881281.4249530807	140
507800.2502303787	3881281.380507985	140
507800.2502303787	3881281.380507985	140
507800.1317675451	3881281.313867726	140
507800.1317675451	3881281.313867726	140
507800.03151951777	3881281.269422632	140
507800.03151951777	3881281.269422632	140
507799.93128100265	3881281.2138877804	140
507799.93128100265	3881281.2138877804	140
507799.8219350821	3881281.147255347	140
507799.73081348423	3881281.0917283203	140
507799.73081348423	3881281.0917283203	140
507799.73081348423	3881281.0917283203	140
507799.6305749653	3881281.036193473	140
507799.6305749653	3881281.036193473	140
507799.52122904273	3881280.9695610423	140
507799.4301169539	3881280.9029442593	140
507799.52122904273	3881280.9695610423	140
507799.4301169539	3881280.9029442593	140
507799.32987843116	3881280.847409414	140
507799.32987843116	3881280.847409414	140
507799.22963990946	3881280.7918745703	140
507799.22963990946	3881280.7918745703	140
507799.1294013819	3881280.7363397265	140
507799.1294013819	3881280.7363397265	140
507799.0200459375	3881280.6807970637	140
507799.0200459375	3881280.6807970637	140
507798.9198074121	3881280.625262223	140
507798.9198074121	3881280.625262223	140
507798.81957839505	3881280.558637625	140
507798.81957839505	3881280.558637625	140
507798.7284567829	3881280.503110607	140
507798.7284567829	3881280.503110607	140
507798.63734468597	3881280.436493831	140
507798.63734468597	3881280.436493831	140
507798.5371156671	3881280.3698692345	140
507798.436877133	3881280.314334401	140
507798.5371156671	3881280.3698692345	140
507798.436877133	3881280.314334401	140
507798.34576502966	3881280.2477176283	140
507798.34576502966	3881280.2477176283	140
507798.2455169795	3881280.2032725546	140
507798.2455169795	3881280.2032725546	140
507798.1361710391	3881280.136640142	140
507798.1361710391	3881280.136640142	140
507798.0268060658	3881280.09218725	140
507798.0268060658	3881280.09218725	140
507797.92656752554	3881280.0366524216	140
507797.92656752554	3881280.0366524216	140
507797.81722157844	3881279.9700200125	140
507797.62587092293	3881279.8478684197	140
507797.81722157844	3881279.9700200125	140
507797.62587092293	3881279.8478684197	140
507797.4071790182	3881279.7146036103	140
507797.4071790182	3881279.7146036103	140
507797.3160573913	3881279.6590766073	140
507797.3160573913	3881279.6590766073	140
507797.20670192054	3881279.603533966	140
507797.20670192054	3881279.603533966	140
507797.1064633722	3881279.547999145	140
507797.1064633722	3881279.547999145	140
507796.9971079012	3881279.492456507	140
507796.9971079012	3881279.492456507	140
507796.79663079366	3881279.3813868705	140
507796.79663079366	3881279.3813868705	140
507796.6872848281	3881279.314754475	140
507796.6872848281	3881279.314754475	140
507796.59616319044	3881279.2592274807	140
507796.59616319044	3881279.2592274807	140
507796.48681722657	3881279.1925950875	140
507796.48681722657	3881279.1925950875	140
507796.3774712565	3881279.1259626965	140
507796.3774712565	3881279.1259626965	140
507796.2772517201	3881279.0482483646	140
507796.2772517201	3881279.0482483646	140
507796.17701315763	3881278.9927135548	140
507796.17701315763	3881278.9927135548	140
507796.0676576743	3881278.9371709265	140
507796.0676576743	3881278.9371709265	140
507795.9583117004	3881278.8705385407	140
507795.9583117004	3881278.8705385407	140
507795.7396102372	3881278.748363532	140
507795.7396102372	3881278.748363532	140
507795.6484981008	3881278.6817467865	140
507795.6484981008	3881278.6817467865	140
507795.5391426082	3881278.6262041647	140
507795.4297966266	3881278.559571785	140
507795.5391426082	3881278.6262041647	140
507795.3204506435	3881278.492939406	140
507795.3204506435	3881278.492939406	140
507795.2111046588	3881278.4263070286	140
507795.2111046588	3881278.4263070286	140
507795.11086608295	3881278.370772231	140
507795.11086608295	3881278.370772231	140
507794.9924031749	3881278.3041320373	140
507794.9924031749	3881278.3041320373	140
507794.8830571855	3881278.237499665	140
507794.8830571855	3881278.237499665	140
507794.67346310406	3881278.12642226	140
507794.67346310406	3881278.12642226	140
507794.5641076011	3881278.07087965	140
507794.5641076011	3881278.07087965	140
507794.45476160577	3881278.0042472812	140
507794.45476160577	3881278.0042472812	140
507794.3454251176	3881277.9265251546	140
507794.3454251176	3881277.9265251546	140
507794.3454251176	3881277.9265251546	140
507794.2360791189	3881277.8598927883	140
507794.1358500395	3881277.7932682405	140
507794.1358500395	3881277.7932682405	140
507794.035601944	3881277.7488232157	140
507794.035601944	3881277.7488232157	140
507793.92625593866	3881277.682190854	140
507793.92625593866	3881277.682190854	140
507793.92625593866	3881277.682190854	140
507793.80779301294	3881277.615550677	140
507793.80779301294	3881277.615550677	140
507793.6984279906	3881277.5710978364	140
507793.6984279906	3881277.5710978364	140
507793.5890819829	3881277.504465478	140
507793.5890819829	3881277.504465478	140
507793.4797264659	3881277.4489228823	140
507793.4797264659	3881277.4489228823	140
507793.3703709476	3881277.3933802866	140
507793.3703709476	3881277.3933802866	140
507793.25190801406	3881277.3267401173	140
507793.25190801406	3881277.3267401173	140
507793.1334355715	3881277.2711897087	140
507793.1334355715	3881277.2711897087	140
507793.02408955374	3881277.2045573588	140
507793.02408955374	3881277.2045573588	140
507792.914734032	3881277.1490147673	140
507792.914734032	3881277.1490147673	140
507792.8053785043	3881277.09347218	140
507792.8053785043	3881277.09347218	140
507792.6869060583	3881277.037921778	140
507792.6869060583	3881277.037921778	140
507792.4590875832	3881276.915739032	140
507792.4590875832	3881276.915739032	140
507792.3497320545	3881276.860196449	140
507792.3497320545	3881276.860196449	140
507792.25861036585	3881276.8046694985	140
507792.1583812603	3881276.7380449725	140
507792.1583812603	3881276.7380449725	140
507792.1583812603	3881276.7380449725	140
507792.0490352313	3881276.671412634	140
507791.94880612276	3881276.604788111	140
507791.94880612276	3881276.604788111	140
507791.94880612276	3881276.604788111	140
507791.84855799895	3881276.5603431086	140
507791.84855799895	3881276.5603431086	140
507791.73920246225	3881276.5048005325	140
507791.73920246225	3881276.5048005325	140
507791.62073950295	3881276.4381603845	140
507791.5113839634	3881276.3826178126	140
507791.62073950295	3881276.4381603845	140
507791.5113839634	3881276.3826178126	140
507791.4020379231	3881276.31598548	140
507791.4020379231	3881276.31598548	140
507791.2926823808	3881276.2604429103	140
507791.19244375493	3881276.2049081563	140
507791.19244375493	3881276.2049081563	140
507791.19244375493	3881276.2049081563	140
507791.0739807923	3881276.1382680153	140
507791.0739807923	3881276.1382680153	140
507790.9646347459	3881276.071635688	140
507790.9646347459	3881276.071635688	140
507790.8643961206	3881276.0161009366	140
507790.75502155797	3881275.9827378932	140
507790.8643961206	3881276.0161009366	140
507790.75502155797	3881275.9827378932	140
507790.6639378679	3881275.882851918	140
507790.6639378679	3881275.882851918	140
507790.4361383494	3881275.7384897037	140
507790.4361383494	3881275.7384897037	140
507790.31767537055	3881275.6718495726	140
507790.31767537055	3881275.6718495726	140
507790.21743673686	3881275.6163148284	140
507790.21743673686	3881275.6163148284	140
507790.1171980997	3881275.5607800866	140
507790.1171980997	3881275.5607800866	140
507789.9987351185	3881275.49413996	140
507789.9987351185	3881275.49413996	140
507789.8984964786	3881275.438605218	140
507789.8984964786	3881275.438605218	140
507789.79825783515	3881275.3830704796	140
507789.6980191951	3881275.327535741	140
507789.79825783515	3881275.3830704796	140
507789.57954670256	3881275.2719853795	140
507789.6980191951	3881275.327535741	140
507789.57954670256	3881275.2719853795	140
507789.461083716	3881275.205345259	140
507789.461083716	3881275.205345259	140
507789.34261122276	3881275.1497949003	140
507789.34261122276	3881275.1497949003	140
507789.2423820776	3881275.0831704075	140
507789.2423820776	3881275.0831704075	140
507789.11476415064	3881275.0608815183	140
507789.11476415064	3881275.0608815183	140
507789.0145350028	3881274.9942570287	140
507789.0145350028	3881274.9942570287	140
507788.90518892993	3881274.927624727	140
507788.90518892993	3881274.927624727	140
507788.79583335336	3881274.8720821873	140
507788.79583335336	3881274.8720821873	140
507788.6864872774	3881274.8054498895	140
507788.6864872774	3881274.8054498895	140
507788.58624862187	3881274.7499151635	140
507788.58624862187	3881274.7499151635	140
507788.48600996286	3881274.694380438	140
507788.48600996286	3881274.694380438	140
507788.3675374593	3881274.638830093	140
507788.3675374593	3881274.638830093	140
507788.1579527167	3881274.516663078	140
507788.1579527167	3881274.516663078	140
507788.06683097896	3881274.4611361697	140
507787.96660181694	3881274.3945116904	140
507787.96660181694	3881274.3945116904	140
507787.8572557291	3881274.3278794033	140
507787.96660181694	3881274.3945116904	140
507787.8572557291	3881274.3278794033	140
507787.7570170633	3881274.272344685	140
507787.6567878969	3881274.205720211	140
507787.7570170633	3881274.272344685	140
507787.6567878969	3881274.205720211	140
507787.5656566525	3881274.1612830665	140
507787.5656566525	3881274.1612830665	140
507787.46541798307	3881274.105748353	140
507787.46541798307	3881274.105748353	140
507787.35607189045	3881274.0391160706	140
507787.35607189045	3881274.0391160706	140
507787.25583321607	3881273.9835813595	140
507787.25583321607	3881273.9835813595	140
507787.15560404287	3881273.9169568894	140
507787.15560404287	3881273.9169568894	140
507787.0644822953	3881273.861429991	140
507787.0644822953	3881273.861429991	140
507786.95513619215	3881273.7947977134	140
507786.95513619215	3881273.7947977134	140
507786.86402393953	3881273.728181057	140
507786.7637947629	3881273.6615565913	140
507786.86402393953	3881273.728181057	140
507786.7637947629	3881273.6615565913	140
507786.6635655825	3881273.5949321273	140
507786.6635655825	3881273.5949321273	140
507786.5724438264	3881273.5394052328	140
507786.5724438264	3881273.5394052328	140
507786.4721956449	3881273.4949602904	140
507786.4721956449	3881273.4949602904	140
507786.37196646055	3881273.428335829	140
507786.37196646055	3881273.428335829	140
507786.1805965186	3881273.3283639997	140
507786.1805965186	3881273.3283639997	140
507786.0803578292	3881273.272829301	140
507786.0803578292	3881273.272829301	140
507785.98012863955	3881273.2062048456	140
507785.98012863955	3881273.2062048456	140
507785.8890068777	3881273.150677957	140
507785.8890068777	3881273.150677957	140
507785.7887776853	3881273.084053504	140
507785.68854848907	3881273.017429049	140
507785.7887776853	3881273.084053504	140
507785.68854848907	3881273.017429049	140
507785.5974267236	3881272.9619021663	140
507785.5974267236	3881272.9619021663	140
507785.49718802894	3881272.906367473	140
507785.3878324073	3881272.850824975	140
507785.49718802894	3881272.906367473	140
507785.3878324073	3881272.850824975	140
507785.19647193776	3881272.7397634056	140
507785.19647193776	3881272.7397634056	140
507785.1053501641	3881272.684236527	140
507785.1053501641	3881272.684236527	140
507785.01422839175	3881272.628709648	140
507785.01422839175	3881272.628709648	140
507784.92311611323	3881272.562093012	140
507784.831984839	3881272.5176558946	140
507784.92311611323	3881272.562093012	140
507784.74997998716	3881272.4621368265	140
507784.831984839	3881272.5176558946	140
507784.74997998716	3881272.4621368265	140
507784.6679751342	3881272.4066177607	140
507784.6679751342	3881272.4066177607	140
507784.5950682129	3881272.3732860195	140
507784.5950682129	3881272.3732860195	140
507784.51305386145	3881272.3288567145	140
