508017.3823	3881284.4268	1.000
508017.5949	3881284.5379	1.000
508017.7924	3881284.6490	1.000
508018.0657	3881284.7971	1.000
508018.2935	3881284.9267	1.000
508018.5517	3881285.0563	1.000
508018.8403	3881285.2229	1.000
508019.1592	3881285.3895	1.000
508019.5086	3881285.5747	1.000
508019.6908	3881285.6857	1.000
508019.8883	3881285.7783	1.000
508020.0857	3881285.8894	1.000
508020.2983	3881286.0005	1.000
508020.5261	3881286.1116	1.000
508020.7388	3881286.2227	1.000
508020.9818	3881286.3522	1.000
508021.2248	3881286.4634	1.000
508021.4830	3881286.5930	1.000
508021.7412	3881286.7226	1.000
508021.9994	3881286.8522	1.000
508022.2728	3881286.9818	1.000
508022.5614	3881287.1114	1.000
508022.8499	3881287.2596	1.000
508023.1537	3881287.3892	1.000
508023.4575	3881287.5373	1.000
508023.7765	3881287.6855	1.000
508024.1106	3881287.8336	1.000
508024.4448	3881287.9633	1.000
508024.7941	3881288.1115	1.000
508025.1435	3881288.2597	1.000
508025.5232	3881288.4079	1.000
508025.9030	3881288.5561	1.000
508026.2827	3881288.6858	1.000
508026.6625	3881288.8340	1.000
508027.0574	3881288.9822	1.000
508027.4523	3881289.1304	1.000
508027.8321	3881289.2601	1.000
508028.2119	3881289.3898	1.000
508028.5612	3881289.5195	1.000
508028.8954	3881289.6492	1.000
508029.2296	3881289.7604	1.000
508029.5486	3881289.8716	1.000
508029.8524	3881289.9827	1.000
508030.1410	3881290.0939	1.000
508030.4296	3881290.1866	1.000
508030.7030	3881290.2792	1.000
508030.9613	3881290.3719	1.000
508031.2195	3881290.4460	1.000
508031.4626	3881290.5202	1.000
508031.6904	3881290.5943	1.000
508031.9031	3881290.6684	1.000
508032.1158	3881290.7241	1.000
508032.3132	3881290.7797	1.000
508032.6778	3881290.9094	1.000
508032.9816	3881291.0021	1.000
508033.2399	3881291.0762	1.000
508033.4677	3881291.1504	1.000
508033.6804	3881291.2060	1.000
508033.9083	3881291.2616	1.000
508034.1210	3881291.3173	1.000
508034.3336	3881291.3914	1.000
508034.5463	3881291.4470	1.000
508034.7742	3881291.5212	1.000
508035.0020	3881291.5768	1.000
508035.2299	3881291.6510	1.000
508035.4426	3881291.7066	1.000
508035.6400	3881291.7622	1.000
508035.8527	3881291.8179	1.000
508036.0806	3881291.8735	1.000
508036.2781	3881291.9291	1.000
508036.5212	3881291.9848	1.000
508036.7794	3881292.0590	1.000
508037.0073	3881292.1146	1.000
508037.2351	3881292.1703	1.000
508037.4630	3881292.2259	1.000
508037.6909	3881292.2816	1.000
508037.9340	3881292.3372	1.000
508038.1770	3881292.4114	1.000
508038.4353	3881292.4670	1.000
508038.6480	3881292.5227	1.000
508038.8455	3881292.5598	1.000
508039.0885	3881292.6155	1.000
508039.3012	3881292.6526	1.000
508039.5139	3881292.7083	1.000
508039.7418	3881292.7639	1.000
508039.9848	3881292.8196	1.000
508040.2431	3881292.8753	1.000
508040.5014	3881292.9125	1.000
508040.7445	3881292.9681	1.000
508040.9875	3881293.0238	1.000
508041.2306	3881293.0794	1.000
508041.4585	3881293.1166	1.000
508041.7167	3881293.1723	1.000
508041.9902	3881293.2095	1.000
508042.2333	3881293.2652	1.000
508042.4612	3881293.3023	1.000
508042.6890	3881293.3580	1.000
508042.9625	3881293.3952	1.000
508043.1752	3881293.4508	1.000
508043.0383	3881293.5986	1.000
508042.8408	3881293.6354	1.000
508042.9929	3881293.4507	1.000
508042.7498	3881293.3765	1.000
508042.5523	3881293.3209	1.000
508042.3396	3881293.2653	1.000
508042.0662	3881293.1911	1.000
508041.7776	3881293.0984	1.000
508041.4434	3881293.0242	1.000
508041.0940	3881292.9315	1.000
508040.8965	3881292.8758	1.000
508040.6990	3881292.8387	1.000
508040.4863	3881292.7831	1.000
508040.2736	3881292.7274	1.000
508040.0457	3881292.6718	1.000
508039.8027	3881292.6161	1.000
508039.5596	3881292.5604	1.000
508039.3013	3881292.5233	1.000
508039.0431	3881292.4676	1.000
508038.7696	3881292.4119	1.000
508038.4810	3881292.3562	1.000
508038.1923	3881292.3005	1.000
508037.9036	3881292.2633	1.000
508037.6150	3881292.2076	1.000
508037.3415	3881292.1703	1.000
508037.0528	3881292.1331	1.000
508036.7794	3881292.0774	1.000
508036.5059	3881292.0217	1.000
508036.2324	3881291.9845	1.000
508035.9438	3881291.9473	1.000
508035.6703	3881291.8916	1.000
508035.3968	3881291.8544	1.000
508035.1234	3881291.8172	1.000
508034.8499	3881291.7800	1.000
508034.5764	3881291.7428	1.000
508034.3029	3881291.7056	1.000
508034.0447	3881291.6869	1.000
508033.7560	3881291.6497	1.000
508033.4825	3881291.6124	1.000
508033.2090	3881291.5752	1.000
508032.9356	3881291.5380	1.000
508032.6773	3881291.5193	1.000
508032.4190	3881291.5006	1.000
508032.1607	3881291.4634	1.000
508031.9024	3881291.4447	1.000
508031.6289	3881291.4260	1.000
508031.3554	3881291.4073	1.000
508031.0971	3881291.3885	1.000
508030.8388	3881291.3513	1.000
508030.5805	3881291.3326	1.000
508030.3222	3881291.3139	1.000
508030.0639	3881291.2952	1.000
508029.8057	3881291.2580	1.000
508029.5474	3881291.2393	1.000
508029.2891	3881291.2206	1.000
508029.0308	3881291.1834	1.000
508028.7725	3881291.1647	1.000
508028.4990	3881291.1460	1.000
508028.2407	3881291.1088	1.000
508027.9672	3881291.0901	1.000
508027.7241	3881291.0714	1.000
508027.4659	3881291.0342	1.000
508027.2076	3881291.0154	1.000
508026.9341	3881290.9967	1.000
508026.6758	3881290.9595	1.000
508026.4175	3881290.9408	1.000
508026.1744	3881290.9221	1.000
508025.9161	3881290.9034	1.000
508025.6578	3881290.8662	1.000
508025.3995	3881290.8475	1.000
508025.1564	3881290.8288	1.000
508024.9133	3881290.8101	1.000
508024.6550	3881290.7914	1.000
508024.4119	3881290.7542	1.000
508024.1688	3881290.7355	1.000
508023.9106	3881290.6983	1.000
508023.6675	3881290.6796	1.000
508023.4244	3881290.6609	1.000
508023.2117	3881290.6238	1.000
508022.9989	3881290.6051	1.000
508022.6495	3881290.5678	1.000
508022.3304	3881290.5306	1.000
508022.0570	3881290.4934	1.000
508021.7683	3881290.4746	1.000
508021.5556	3881290.4375	1.000
