508055.3824	3881304.1078	2.778
508056.2176	3881304.6630	2.778
508057.1896	3881305.2554	2.778
508058.1008	3881305.8291	2.778
508058.9664	3881306.3659	2.778
508059.9535	3881306.9767	2.778
508060.8495	3881307.5505	2.778
508061.7304	3881308.0318	2.778
508062.6872	3881308.5687	2.778
508063.7200	3881309.1056	2.778
508064.6768	3881309.6055	2.778
508065.6488	3881310.1054	2.778
508066.6057	3881310.5868	2.778
508067.6688	3881311.1053	2.778
508068.6105	3881311.5497	2.778
508069.7345	3881312.0682	2.778
508070.6913	3881312.5866	2.778
