332259.3111	4128604.2065	0.300
332258.4059	4128604.6314	0.300
332257.4904	4128605.0337	0.300
332256.5760	4128605.4384	0.300
332255.6706	4128605.8628	0.300
332254.7698	4128606.2970	0.300
332253.8634	4128606.7195	0.300
332252.9468	4128607.1191	0.300
332252.0221	4128607.4998	0.300
332251.0934	4128607.8707	0.300
332250.1637	4128608.2390	0.300
332249.2359	4128608.6122	0.300
332248.3147	4128609.0011	0.300
332247.3966	4128609.3975	0.300
332246.4746	4128609.7847	0.300
332245.5481	4128610.1609	0.300
332244.6210	4128610.5358	0.300
332243.6938	4128610.9103	0.300
332242.7631	4128611.2760	0.300
332241.8306	4128611.6371	0.300
332240.9000	4128612.0032	0.300
332239.9712	4128612.3739	0.300
332239.0435	4128612.7472	0.300
332238.1146	4128613.1176	0.300
332237.1842	4128613.4840	0.300
332236.2536	4128613.8501	0.300
332235.3229	4128614.2158	0.300
332234.3899	4128614.5759	0.300
332233.4548	4128614.9300	0.300
332232.5187	4128615.2818	0.300
332231.5812	4128615.6297	0.300
332230.6428	4128615.9754	0.300
332229.7074	4128616.3290	0.300
332228.7764	4128616.6939	0.300
332227.8443	4128617.0563	0.300
332226.9070	4128617.4048	0.300
332225.9645	4128617.7389	0.300
332225.0174	4128618.0598	0.300
332224.0702	4128618.3802	0.300
332223.1306	4128618.7224	0.300
332222.2010	4128619.0911	0.300
332221.2748	4128619.4679	0.300
332220.3480	4128619.8437	0.300
332219.4212	4128620.2192	0.300
332218.4937	4128620.5930	0.300
332217.5634	4128620.9597	0.300
332216.6299	4128621.3183	0.300
332215.6982	4128621.6816	0.300
332214.7709	4128622.0559	0.300
332213.8445	4128622.4325	0.300
332212.9142	4128622.7992	0.300
332211.9798	4128623.1554	0.300
332211.0426	4128623.5042	0.300
332210.1026	4128623.8453	0.300
332209.1597	4128624.1785	0.300
332208.2144	4128624.5046	0.300
332207.2683	4128624.8286	0.300
332206.3206	4128625.1477	0.300
332205.3679	4128625.4513	0.300
332204.4065	4128625.7264	0.300
332203.4349	4128625.9626	0.300
332202.4531	4128626.1521	0.300
332201.4613	4128626.2778	0.300
332200.4625	4128626.3139	0.300
332199.4665	4128626.2326	0.300
332198.4901	4128626.0202	0.300
332197.5477	4128625.6875	0.300
332196.6485	4128625.2512	0.300
332195.8011	4128624.7212	0.300
332195.0180	4128624.1002	0.300
332194.3051	4128623.3995	0.300
332193.6516	4128622.6428	0.300
332193.0437	4128621.8489	0.300
332192.4756	4128621.0261	0.300
332191.9493	4128620.1760	0.300
332191.4642	4128619.3016	0.300
332191.0154	4128618.4081	0.300
332190.5957	4128617.5004	0.300
332190.2021	4128616.5812	0.300
332189.8422	4128615.6483	0.300
332189.5229	4128614.7007	0.300
332189.2526	4128613.7381	0.300
332189.0498	4128612.7592	0.300
332188.9393	4128611.7658	0.300
332188.9371	4128610.7663	0.300
332189.0392	4128609.7720	0.300
332189.2462	4128608.7941	0.300
332189.5523	4128607.8426	0.300
332189.9564	4128606.9284	0.300
332190.4448	4128606.0562	0.300
332191.0068	4128605.2294	0.300
332191.6344	4128604.4512	0.300
332192.3231	4128603.7266	0.300
332193.0682	4128603.0600	0.300
332193.8621	4128602.4524	0.300
332194.6923	4128601.8952	0.300
332195.5479	4128601.3776	0.300
332196.4243	4128600.8962	0.300
332197.3253	4128600.4628	0.300
332198.2577	4128600.1026	0.300
332199.2241	4128599.8481	0.300
332200.2165	4128599.7345	0.300
332201.2136	4128599.7875	0.300
332202.1838	4128600.0225	0.300
332203.0957	4128600.4296	0.300
332203.9356	4128600.9708	0.300
332204.7047	4128601.6092	0.300
332205.4055	4128602.3220	0.300
332206.0433	4128603.0919	0.300
332206.6351	4128603.8979	0.300
332207.1979	4128604.7244	0.300
332207.7433	4128605.5626	0.300
332208.2912	4128606.3991	0.300
332208.8880	4128607.2008	0.300
332209.6159	4128607.8822	0.300
332210.5305	4128608.2696	0.300
332211.5261	4128608.3365	0.300
332212.5224	4128608.2537	0.300
332213.5117	4128608.1089	0.300
332214.4932	4128607.9179	0.300
332215.4641	4128607.6787	0.300
332216.4235	4128607.3970	0.300
332217.3715	4128607.0789	0.300
332218.3101	4128606.7339	0.300
332219.2402	4128606.3668	0.300
332220.1565	4128605.9666	0.300
332221.0426	4128605.5039	0.300
332221.8703	4128604.9441	0.300
332222.6085	4128604.2710	0.300
332223.2292	4128603.4884	0.300
332223.6882	4128602.6025	0.300
332223.9110	4128601.6306	0.300
332223.9084	4128600.6321	0.300
332223.7666	4128599.6427	0.300
332223.5494	4128598.6667	0.300
332223.2834	4128597.7028	0.300
332222.9827	4128596.7492	0.300
332222.6574	4128595.8036	0.300
332222.3137	4128594.8645	0.300
332221.9563	4128593.9305	0.300
332221.5858	4128593.0017	0.300
332221.2060	4128592.0767	0.300
332220.8291	4128591.1504	0.300
332220.4627	4128590.2200	0.300
332220.1019	4128589.2873	0.300
332219.7377	4128588.3560	0.300
332219.3682	4128587.4268	0.300
332218.9972	4128586.4981	0.300
332218.6245	4128585.5702	0.300
332218.2481	4128584.6437	0.300
332217.8715	4128583.7174	0.300
332217.4981	4128582.7897	0.300
332217.1284	4128581.8606	0.300
332216.7630	4128580.9297	0.300
332216.4000	4128579.9979	0.300
332216.0340	4128579.0673	0.300
332215.6582	4128578.1406	0.300
332215.2717	4128577.2183	0.300
332214.8806	4128576.2979	0.300
332214.4869	4128575.3787	0.300
332214.0880	4128574.4617	0.300
332213.6837	4128573.5471	0.300
332213.2788	4128572.6328	0.300
332212.8801	4128571.7157	0.300
332212.4888	4128570.7954	0.300
332212.1015	4128569.8734	0.300
332211.7174	4128568.9502	0.300
332211.3346	4128568.0263	0.300
332210.9518	4128567.1025	0.300
332210.5721	4128566.1774	0.300
332210.1949	4128565.2513	0.300
332209.8101	4128564.3283	0.300
332209.3976	4128563.4174	0.300
332208.9374	4128562.5298	0.300
332208.4174	4128561.6759	0.300
332207.8211	4128560.8737	0.300
332207.1330	4128560.1491	0.300
332206.3616	4128559.5135	0.300
332205.5368	4128558.9484	0.300
332204.6765	4128558.4390	0.300
332203.7714	4128558.0159	0.300
332202.8001	4128557.7939	0.300
332201.8075	4128557.8790	0.300
332200.8656	4128558.2086	0.300
332200.0513	4128558.7799	0.300
332199.4962	4128559.6057	0.300
332199.2397	4128560.5678	0.300
332199.2411	4128561.5663	0.300
332199.3575	4128562.5594	0.300
332199.4923	4128563.5503	0.300
332199.6009	4128564.5443	0.300
332199.6651	4128565.5421	0.300
332199.6690	4128566.5419	0.300
332199.5930	4128567.5387	0.300
332199.4268	4128568.5244	0.300
332199.1745	4128569.4917	0.300
332198.8471	4128570.4363	0.300
332198.4515	4128571.3545	0.300
332197.9914	4128572.2421	0.300
332197.4675	4128573.0936	0.300
332196.8761	4128573.8996	0.300
332196.2075	4128574.6425	0.300
332195.4598	4128575.3055	0.300
332194.6368	4128575.8723	0.300
332193.7515	4128576.3359	0.300
332192.8213	4128576.7019	0.300
332191.8648	4128576.9929	0.300
332190.8919	4128577.2234	0.300
332189.9083	4128577.4037	0.300
332188.9204	4128577.5589	0.300
332187.9349	4128577.7280	0.300
332186.9577	4128577.9397	0.300
332185.9965	4128578.2146	0.300
332185.0621	4128578.5698	0.300
332184.1661	4128579.0132	0.300
332183.3123	4128579.5332	0.300
332182.5092	4128580.1283	0.300
332181.7761	4128580.8075	0.300
332181.1269	4128581.5673	0.300
332180.5616	4128582.3917	0.300
332180.0986	4128583.2771	0.300
332179.7799	4128584.2235	0.300
332179.6288	4128585.2107	0.300
332179.6414	4128586.2096	0.300
332179.8149	4128587.1933	0.300
332180.1952	4128588.1143	0.300
332180.9414	4128588.7554	0.300
332181.8997	4128589.0332	0.300
332182.8884	4128589.1807	0.300
332183.8850	4128589.2624	0.300
332184.8843	4128589.2978	0.300
332185.8843	4128589.3012	0.300
332186.8839	4128589.2749	0.300
332187.8824	4128589.2217	0.300
332188.8797	4128589.1489	0.300
332189.8746	4128589.0484	0.300
332190.8652	4128588.9117	0.300
332191.8505	4128588.7413	0.300
332192.8305	4128588.5424	0.300
332193.8057	4128588.3212	0.300
332194.7781	4128588.0879	0.300
332195.7496	4128587.8508	0.300
332196.7197	4128587.6081	0.300
332197.6858	4128587.3501	0.300
332198.6465	4128587.0724	0.300
332199.6022	4128586.7780	0.300
332200.5540	4128586.4715	0.300
332201.5035	4128586.1576	0.300
332202.4514	4128585.8390	0.300
332203.3974	4128585.5149	0.300
332204.3400	4128585.1812	0.300
332205.2789	4128584.8368	0.300
332206.2138	4128584.4819	0.300
332207.1431	4128584.1126	0.300
332208.0630	4128583.7207	0.300
332208.9728	4128583.3056	0.300
332209.8781	4128582.8808	0.300
332210.7858	4128582.4612	0.300
332211.6978	4128582.0510	0.300
332212.6118	4128581.6454	0.300
332213.5255	4128581.2388	0.300
332214.4378	4128580.8293	0.300
332215.3488	4128580.4170	0.300
332216.2574	4128579.9994	0.300
332217.1620	4128579.5732	0.300
332218.0652	4128579.1438	0.300
332218.9711	4128578.7205	0.300
332219.8806	4128578.3046	0.300
332220.7907	4128577.8903	0.300
332221.6986	4128577.4712	0.300
332222.5952	4128577.0285	0.300
332223.4621	4128576.5304	0.300
332224.2927	4128575.9738	0.300
332225.1201	4128575.4122	0.300
332225.9336	4128574.8319	0.300
332226.5082	4128574.0296	0.300
332226.6299	4128573.0432	0.300
332226.5035	4128572.0524	0.300
332226.2564	4128571.0837	0.300
332225.9623	4128570.1280	0.300
332225.6637	4128569.1736	0.300
332225.3566	4128568.2219	0.300
332225.0357	4128567.2749	0.300
332224.7070	4128566.3304	0.300
332224.3707	4128565.3887	0.300
332224.0235	4128564.4509	0.300
332223.6655	4128563.5172	0.300
332223.3011	4128562.5859	0.300
332222.9286	4128561.6579	0.300
332222.5349	4128560.7387	0.300
332222.1207	4128559.8286	0.300
332221.9025	4128558.8670	0.300
332222.2816	4128557.9879	0.300
332223.1366	4128557.5376	0.300
332224.1343	4128557.4872	0.300
332225.1314	4128557.4205	0.300
332226.1114	4128557.2245	0.300
332227.0708	4128556.9432	0.300
332228.0182	4128556.6231	0.300
332228.9726	4128556.3255	0.300
332229.8484	4128556.5392	0.300
332230.5290	4128557.2719	0.300
332230.1803	4128558.1731	0.300
332229.4573	4128558.8638	0.300
332228.7851	4128559.6027	0.300
332228.2954	4128560.4702	0.300
332228.1352	4128561.4525	0.300
332228.2192	4128562.4478	0.300
332228.4241	4128563.4263	0.300
332228.7039	4128564.3860	0.300
332229.0689	4128565.3166	0.300
332229.5366	4128566.1998	0.300
332230.1065	4128567.0207	0.300
332230.7892	4128567.7497	0.300
332231.5957	4128568.3380	0.300
332232.5007	4128568.7604	0.300
332233.4662	4128569.0137	0.300
332234.4629	4128569.0190	0.300
332235.4323	4128568.7815	0.300
332236.3310	4128568.3481	0.300
332237.0872	4128567.6993	0.300
332237.6269	4128566.8610	0.300
332237.9482	4128565.9160	0.300
332238.1127	4128564.9301	0.300
332238.1995	4128563.9340	0.300
332238.2284	4128562.9346	0.300
332238.1865	4128561.9358	0.300
332238.0678	4128560.9431	0.300
332237.9014	4128559.9570	0.300
332237.7296	4128558.9719	0.300
332237.5628	4128557.9859	0.300
332237.3912	4128557.0007	0.300
332237.2172	4128556.0160	0.300
332237.0317	4128555.0334	0.300
332236.8126	4128554.0578	0.300
332236.5564	4128553.0912	0.300
332236.2713	4128552.1327	0.300
332235.9354	4128551.1911	0.300
332235.4859	4128550.2992	0.300
332234.8987	4128549.4910	0.300
332234.2038	4128548.7729	0.300
332233.4304	4128548.1399	0.300
332232.5976	4128547.5870	0.300
332231.7255	4128547.0979	0.300
332230.8270	4128546.6593	0.300
332229.9027	4128546.2783	0.300
332228.9568	4128545.9541	0.300
332228.0001	4128545.6630	0.300
332227.0336	4128545.4069	0.300
332226.0471	4128545.2483	0.300
332225.0480	4128545.2308	0.300
332224.0513	4128545.3092	0.300
332223.0603	4128545.4426	0.300
332222.0761	4128545.6189	0.300
332221.0981	4128545.8276	0.300
332220.1271	4128546.0663	0.300
332219.1681	4128546.3494	0.300
332218.2296	4128546.6940	0.300
332217.3185	4128547.1058	0.300
332216.4394	4128547.5819	0.300
332215.6049	4128548.1319	0.300
332214.8544	4128548.7906	0.300
332214.2634	4128549.5938	0.300
332213.8729	4128550.5126	0.300
332213.6205	4128551.4796	0.300
332213.4713	4128552.4679	0.300
332213.4431	4128553.4668	0.300
332213.5143	4128554.4641	0.300
332213.6384	4128555.4563	0.300
332213.7930	4128556.4442	0.300
332213.9695	4128557.4285	0.300
332214.1679	4128558.4086	0.300
332214.3973	4128559.3819	0.300
332214.6584	4128560.3471	0.300
332214.9467	4128561.3047	0.300
332215.2540	4128562.2562	0.300
332215.5781	4128563.2023	0.300
332215.9151	4128564.1438	0.300
332216.2598	4128565.0825	0.300
332216.6088	4128566.0196	0.300
332216.9563	4128566.9573	0.300
332217.3003	4128567.8963	0.300
332217.6387	4128568.8372	0.300
332217.9731	4128569.7797	0.300
332218.3036	4128570.7235	0.300
332218.6257	4128571.6702	0.300
332218.9349	4128572.6212	0.300
332219.2203	4128573.5795	0.300
332219.4633	4128574.5494	0.300
332219.6413	4128575.5331	0.300
332219.7270	4128576.5290	0.300
332219.7046	4128577.5281	0.300
332219.5677	4128578.5181	0.300
332219.3244	4128579.4876	0.300
332218.9888	4128580.4292	0.300
332218.5688	4128581.3363	0.300
332218.0656	4128582.2000	0.300
332217.4780	4128583.0086	0.300
332216.8143	4128583.7560	0.300
332216.0925	4128584.4479	0.300
332215.3290	4128585.0934	0.300
332214.5269	4128585.6903	0.300
332213.6938	4128586.2434	0.300
332212.8434	4128586.7695	0.300
332211.9848	4128587.2821	0.300
332211.1217	4128587.7871	0.300
332210.2542	4128588.2845	0.300
332209.3824	4128588.7743	0.300
332208.5050	4128589.2541	0.300
332207.6213	4128589.7221	0.300
332206.7306	4128590.1768	0.300
332205.8332	4128590.6180	0.300
332204.9301	4128591.0474	0.300
332204.0228	4128591.4678	0.300
332203.1135	4128591.8839	0.300
332202.2045	4128592.3007	0.300
332201.2976	4128592.7221	0.300
332200.3930	4128593.1484	0.300
332199.4893	4128593.5765	0.300
332198.5837	4128594.0007	0.300
332197.6730	4128594.4137	0.300
332196.7568	4128594.8144	0.300
332195.8385	4128595.2103	0.300
332194.9226	4128595.6117	0.300
332194.0094	4128596.0192	0.300
332193.0951	4128596.4242	0.300
332192.1778	4128596.8223	0.300
332191.2581	4128597.2151	0.300
332190.3372	4128597.6048	0.300
332189.4149	4128597.9914	0.300
332188.4915	4128598.3751	0.300
332187.5678	4128598.7582	0.300
332186.6436	4128599.1401	0.300
332185.7164	4128599.5146	0.300
332184.7835	4128599.8749	0.300
332183.8403	4128600.2068	0.300
332182.8805	4128600.4869	0.300
332181.9014	4128600.6883	0.300
332180.9079	4128600.7982	0.300
332179.9084	4128600.8156	0.300
332178.9114	4128600.7428	0.300
332177.9263	4128600.5736	0.300
332176.9646	4128600.3013	0.300
332176.0368	4128599.9295	0.300
332175.1484	4128599.4712	0.300
332174.3013	4128598.9403	0.300
332173.5030	4128598.3386	0.300
332172.7622	4128597.6675	0.300
332172.0798	4128596.9369	0.300
332171.4481	4128596.1618	0.300
332170.8529	4128595.3583	0.300
332170.2809	4128594.5381	0.300
332169.7246	4128593.7071	0.300
332169.1871	4128592.8639	0.300
332168.6786	4128592.0029	0.300
332168.2037	4128591.1229	0.300
332167.7543	4128590.2296	0.300
332167.3156	4128589.3310	0.300
332166.8760	4128588.4328	0.300
332166.4283	4128587.5386	0.300
332165.9697	4128586.6500	0.300
332165.5045	4128585.7648	0.300
332165.0387	4128584.8799	0.300
332164.5796	4128583.9915	0.300
332164.1344	4128583.0961	0.300
332163.7083	4128582.1914	0.300
332163.2984	4128581.2793	0.300
332162.8954	4128580.3641	0.300
332162.4932	4128579.4486	0.300
332162.1007	4128578.5288	0.300
332161.7336	4128577.5987	0.300
332161.4030	4128576.6550	0.300
332161.1123	4128575.6983	0.300
332160.8563	4128574.7317	0.300
332160.6312	4128573.7574	0.300
332160.4431	4128572.7753	0.300
332160.3148	4128571.7838	0.300
332160.2895	4128570.7848	0.300
332160.4009	4128569.7921	0.300
332160.6559	4128568.8259	0.300
332161.0162	4128567.8934	0.300
332161.4350	4128566.9855	0.300
332161.9192	4128566.1109	0.300
332162.4956	4128565.2946	0.300
332163.1570	4128564.5450	0.300
332163.8626	4128563.8364	0.300
332164.5914	4128563.1518	0.300
332165.3577	4128562.5098	0.300
332166.1743	4128561.9330	0.300
332167.0291	4128561.4144	0.300
332167.8984	4128560.9201	0.300
332168.7717	4128560.4328	0.300
332169.6596	4128559.9731	0.300
332170.5690	4128559.5573	0.300
332171.4888	4128559.1650	0.300
332172.4043	4128558.7628	0.300
332173.3099	4128558.3385	0.300
332174.2100	4128557.9029	0.300
332175.1120	4128557.4712	0.300
332176.0225	4128557.0577	0.300
332176.9417	4128556.6640	0.300
332177.8648	4128556.2795	0.300
332178.7844	4128555.8865	0.300
332179.6964	4128555.4765	0.300
332180.6064	4128555.0618	0.300
332181.5207	4128554.6569	0.300
332182.4431	4128554.2706	0.300
332183.3710	4128553.8979	0.300
332184.3009	4128553.5300	0.300
332185.2276	4128553.1542	0.300
332186.1484	4128552.7642	0.300
332187.0658	4128552.3662	0.300
332187.9837	4128551.9694	0.300
332188.9058	4128551.5824	0.300
332189.8330	4128551.2081	0.300
332190.7629	4128550.8401	0.300
332191.6897	4128550.4646	0.300
332192.6088	4128550.0706	0.300
332193.5204	4128549.6596	0.300
332194.4304	4128549.2451	0.300
332195.3458	4128548.8426	0.300
332196.2699	4128548.4603	0.300
332197.2009	4128548.0954	0.300
332198.1354	4128547.7396	0.300
332199.0719	4128547.3888	0.300
332200.0109	4128547.0448	0.300
332200.9514	4128546.7052	0.300
332201.8904	4128546.3611	0.300
332202.8246	4128546.0044	0.300
332203.7538	4128545.6348	0.300
332204.6805	4128545.2590	0.300
332205.6066	4128544.8818	0.300
332206.5306	4128544.4994	0.300
332207.4512	4128544.1089	0.300
332208.3713	4128543.7172	0.300
332209.2941	4128543.3321	0.300
332210.2200	4128542.9543	0.300
332211.1462	4128542.5771	0.300
332212.0699	4128542.1940	0.300
332212.9907	4128541.8040	0.300
332213.9102	4128541.4109	0.300
332214.8307	4128541.0202	0.300
332215.7539	4128540.6359	0.300
332216.6792	4128540.2567	0.300
332217.6055	4128539.8799	0.300
332218.5318	4128539.5031	0.300
332219.4577	4128539.1253	0.300
332220.3841	4128538.7487	0.300
332221.3124	4128538.3770	0.300
332222.2444	4128538.0144	0.300
332223.1833	4128537.6703	0.300
332224.1329	4128537.3573	0.300
332225.0973	4128537.0934	0.300
332226.0770	4128536.8939	0.300
332227.0688	4128536.7683	0.300
332228.0676	4128536.7287	0.300
332229.0654	4128536.7871	0.300
332230.0498	4128536.9594	0.300
332231.0071	4128537.2465	0.300
332231.9288	4128537.6334	0.300
332232.8074	4128538.1097	0.300
332233.6231	4128538.6869	0.300
332234.3592	4128539.3629	0.300
332235.0357	4128540.0991	0.300
332235.6893	4128540.8560	0.300
332236.3410	4128541.6144	0.300
332236.9910	4128542.3744	0.300
332237.6355	4128543.1390	0.300
332238.2622	4128543.9182	0.300
332238.8595	4128544.7201	0.300
332239.4289	4128545.5421	0.300
332239.9791	4128546.3772	0.300
332240.5160	4128547.2208	0.300
332241.0372	4128548.0742	0.300
332241.5388	4128548.9392	0.300
332242.0257	4128549.8127	0.300
332242.5011	4128550.6925	0.300
332242.9723	4128551.5745	0.300
332243.4552	4128552.4502	0.300
332243.9529	4128553.3175	0.300
332244.4442	4128554.1884	0.300
332244.9011	4128555.0778	0.300
332245.3077	4128555.9913	0.300
332245.6681	4128556.9240	0.300
332245.9898	4128557.8708	0.300
332246.2862	4128558.8258	0.300
332246.5746	4128559.7834	0.300
332246.8631	4128560.7408	0.300
332247.1432	4128561.7008	0.300
332247.3980	4128562.6677	0.300
332247.6111	4128563.6447	0.300
332247.7705	4128564.6317	0.300
332247.8626	4128565.6272	0.300
332247.8625	4128566.6269	0.300
332247.7523	4128567.6201	0.300
332247.5183	4128568.5915	0.300
332247.1569	4128569.5231	0.300
332246.6851	4128570.4041	0.300
332246.1205	4128571.2290	0.300
332245.4821	4128571.9982	0.300
332244.7887	4128572.7186	0.300
332244.0625	4128573.4059	0.300
332243.3144	4128574.0695	0.300
332242.5417	4128574.7041	0.300
332241.7379	4128575.2988	0.300
332240.9022	4128575.8478	0.300
332240.0435	4128576.3602	0.300
332239.1714	4128576.8494	0.300
332238.2912	4128577.3241	0.300
332237.4047	4128577.7868	0.300
332236.5127	4128578.2388	0.300
332235.6157	4128578.6808	0.300
332234.7152	4128579.1156	0.300
332233.8127	4128579.5464	0.300
332232.9117	4128579.9802	0.300
332232.0204	4128580.4335	0.300
332231.1528	4128580.9303	0.300
332230.3291	4128581.4966	0.300
332229.5796	4128582.1573	0.300
332228.9460	4128582.9292	0.300
332228.4543	4128583.7985	0.300
332228.1118	4128584.7367	0.300
332227.9481	4128585.7216	0.300
332227.9705	4128586.7198	0.300
332228.1905	4128587.6931	0.300
332228.6312	4128588.5879	0.300
332229.2685	4128589.3558	0.300
332230.0524	4128589.9740	0.300
332230.9420	4128590.4274	0.300
332231.8994	4128590.7124	0.300
332232.8871	4128590.8647	0.300
332233.8857	4128590.9102	0.300
332234.8848	4128590.8739	0.300
332235.8801	4128590.7780	0.300
332236.8692	4128590.6317	0.300
332237.8508	4128590.4408	0.300
332238.8260	4128590.2198	0.300
332239.7967	4128589.9796	0.300
332240.7631	4128589.7227	0.300
332241.7256	4128589.4512	0.300
332242.6863	4128589.1737	0.300
332243.6464	4128588.8941	0.300
332244.6045	4128588.6075	0.300
332245.5599	4128588.3124	0.300
332246.5150	4128588.0161	0.300
332247.4726	4128587.7280	0.300
332248.4319	4128587.4457	0.300
332249.3900	4128587.1590	0.300
332250.3467	4128586.8681	0.300
332251.3063	4128586.5866	0.300
332252.2747	4128586.3379	0.300
332253.2558	4128586.1451	0.300
332254.2479	4128586.0220	0.300
332255.2461	4128585.9639	0.300
