332259.2084	4128603.1369	1.000
332259.0185	4128603.2517	1.000
332258.7699	4128603.3861	1.000
332258.4471	4128603.5036	1.000
332258.2717	4128603.5996	1.000
332258.0818	4128603.7144	1.000
332257.8912	4128603.7922	1.000
332257.7158	4128603.8882	1.000
332257.3482	4128603.9881	1.000
332257.1728	4128604.0841	1.000
332256.9678	4128604.1807	1.000
332256.6449	4128604.2982	1.000
332256.2926	4128604.4162	1.000
332256.1171	4128604.5122	1.000
332255.9272	4128604.6270	1.000
332255.5752	4128604.7636	1.000
332255.2243	4128604.9556	1.000
332255.0197	4128605.0707	1.000
332254.8295	4128605.1670	1.000
332254.4634	4128605.3408	1.000
332254.2880	4128605.4368	1.000
332253.9515	4128605.6101	1.000
332253.5851	4128605.7654	1.000
332253.2338	4128605.9389	1.000
332253.0432	4128606.0168	1.000
332252.8526	4128606.0946	1.000
332252.6324	4128606.1730	1.000
332252.2660	4128606.3283	1.000
332252.0462	4128606.4252	1.000
332251.6351	4128606.5629	1.000
332251.4445	4128606.6408	1.000
332251.2395	4128606.7374	1.000
332250.9906	4128606.8533	1.000
332250.7852	4128606.9315	1.000
332250.5651	4128607.0099	1.000
332250.3593	4128607.0695	1.000
332250.1691	4128607.1658	1.000
332249.9198	4128607.2633	1.000
332249.7144	4128607.3414	1.000
332249.5090	4128607.4195	1.000
332249.2889	4128607.4979	1.000
332249.0983	4128607.5757	1.000
332248.8933	4128607.6723	1.000
332248.7027	4128607.7501	1.000
332248.5121	4128607.8280	1.000
332248.2919	4128607.9064	1.000
332248.1013	4128607.9842	1.000
332247.8963	4128608.0808	1.000
332247.6769	4128608.1962	1.000
332247.4863	4128608.2740	1.000
332247.2665	4128608.3709	1.000
332247.0759	4128608.4487	1.000
332246.8709	4128608.5453	1.000
332246.6512	4128608.6422	1.000
332246.4606	4128608.7200	1.000
332246.2404	4128608.7984	1.000
332245.8596	4128608.9725	1.000
332245.6395	4128609.0510	1.000
332245.4341	4128609.1291	1.000
332245.2139	4128609.2075	1.000
332245.0233	4128609.2853	1.000
332244.8183	4128609.3819	1.000
332244.5838	4128609.4791	1.000
332244.3784	4128609.5572	1.000
332244.1583	4128609.6356	1.000
332243.9529	4128609.7137	1.000
332243.7475	4128609.7918	1.000
332243.5429	4128609.9069	1.000
332243.3379	4128610.0035	1.000
332243.1177	4128610.0819	1.000
332242.8976	4128610.1603	1.000
332242.6627	4128610.2390	1.000
332242.4281	4128610.3362	1.000
332242.1936	4128610.4334	1.000
332241.9439	4128610.5124	1.000
332241.7237	4128610.5908	1.000
332241.4892	4128610.6880	1.000
332241.2546	4128610.7852	1.000
332241.0348	4128610.8821	1.000
332240.7999	4128610.9608	1.000
332240.5798	4128611.0392	1.000
332240.3600	4128611.1361	1.000
332240.1258	4128611.2518	1.000
332239.8913	4128611.3490	1.000
332239.6560	4128611.4092	1.000
332239.4362	4128611.5061	1.000
332239.2160	4128611.5845	1.000
332238.9819	4128611.7002	1.000
332238.7617	4128611.7786	1.000
332238.5419	4128611.8755	1.000
332238.3070	4128611.9542	1.000
332238.0725	4128612.0514	1.000
332237.8239	4128612.1859	1.000
332237.5745	4128612.2834	1.000
332237.3396	4128612.3621	1.000
332237.0899	4128612.4411	1.000
332236.8402	4128612.5201	1.000
332236.5913	4128612.6361	1.000
332236.3567	4128612.7333	1.000
332236.1070	4128612.8123	1.000
332235.8872	4128612.9092	1.000
332235.6531	4128613.0248	1.000
332235.3893	4128613.1411	1.000
332235.1544	4128613.2198	1.000
332234.8903	4128613.3176	1.000
332234.6554	4128613.3963	1.000
332234.4208	4128613.4935	1.000
332234.1423	4128613.6101	1.000
332233.9074	4128613.6888	1.000
332233.6729	4128613.7860	1.000
332233.3936	4128613.8656	1.000
332233.1738	4128613.9625	1.000
332232.9101	4128614.0788	1.000
332232.6608	4128614.1762	1.000
332232.4258	4128614.2549	1.000
332232.1617	4128614.3527	1.000
332231.9412	4128614.4126	1.000
332231.6919	4128614.5101	1.000
332231.4429	4128614.6261	1.000
332231.2228	4128614.7045	1.000
332230.9735	4128614.8020	1.000
332230.7238	4128614.8810	1.000
332230.4888	4128614.9597	1.000
332230.2103	4128615.0763	1.000
332229.9754	4128615.1550	1.000
332229.7257	4128615.2340	1.000
332229.4908	4128615.3127	1.000
332229.2707	4128615.3911	1.000
332229.0221	4128615.5256	1.000
332228.7875	4128615.6228	1.000
332228.5382	4128615.7203	1.000
332228.2741	4128615.8181	1.000
332228.0539	4128615.8965	1.000
332227.8050	4128616.0124	1.000
332227.5560	4128616.1284	1.000
332227.3211	4128616.2071	1.000
332227.0566	4128616.2864	1.000
332226.8217	4128616.3651	1.000
332226.5728	4128616.4811	1.000
332226.3083	4128616.5604	1.000
332226.0586	4128616.6394	1.000
332225.8237	4128616.7181	1.000
332225.6039	4128616.8150	1.000
332225.3398	4128616.9128	1.000
332225.0905	4128617.0103	1.000
332224.8408	4128617.0893	1.000
332224.5467	4128617.1692	1.000
332224.2967	4128617.2297	1.000
332224.0326	4128617.3275	1.000
332223.7829	4128617.4065	1.000
332223.5332	4128617.4855	1.000
332223.2979	4128617.5457	1.000
332223.0781	4128617.6426	1.000
332222.8291	4128617.7586	1.000
332222.5946	4128617.8558	1.000
332222.3600	4128617.9529	1.000
332222.1251	4128618.0316	1.000
332221.8906	4128618.1288	1.000
332221.6416	4128618.2448	1.000
332221.4071	4128618.3420	1.000
332221.1725	4128618.4392	1.000
332220.9080	4128618.5185	1.000
332220.6739	4128618.6342	1.000
332220.4249	4128618.7502	1.000
332220.1900	4128618.8289	1.000
332219.9554	4128618.9261	1.000
332219.7353	4128619.0045	1.000
332219.5007	4128619.1017	1.000
332219.2518	4128619.2177	1.000
332219.0168	4128619.2964	1.000
332218.7527	4128619.3942	1.000
332218.5333	4128619.5096	1.000
332218.2696	4128619.6258	1.000
332218.0203	4128619.7233	1.000
332217.7706	4128619.8023	1.000
332217.5065	4128619.9001	1.000
332217.2719	4128619.9973	1.000
332217.0230	4128620.1133	1.000
332216.7736	4128620.2108	1.000
332216.5387	4128620.2895	1.000
332216.3038	4128620.3682	1.000
332216.0545	4128620.4657	1.000
332215.8051	4128620.5632	1.000
332215.5702	4128620.6419	1.000
332215.3058	4128620.7212	1.000
332215.0863	4128620.8366	1.000
332214.8370	4128620.9341	1.000
332214.6028	4128621.0497	1.000
332214.3831	4128621.1466	1.000
332214.1190	4128621.2444	1.000
332213.8848	4128621.3601	1.000
332213.6207	4128621.4579	1.000
332213.3713	4128621.5554	1.000
332213.1217	4128621.6344	1.000
332212.8871	4128621.7316	1.000
332212.6378	4128621.8291	1.000
332212.4036	4128621.9448	1.000
332212.1687	4128622.0235	1.000
332211.9046	4128622.1213	1.000
332211.6700	4128622.2185	1.000
332211.4059	4128622.3162	1.000
332211.1414	4128622.3955	1.000
332210.8917	4128622.4745	1.000
332210.6424	4128622.5720	1.000
332210.3935	4128622.6880	1.000
332210.1297	4128622.8043	1.000
332209.8944	4128622.8645	1.000
332209.6156	4128622.9626	1.000
332209.3806	4128623.0413	1.000
332209.1165	4128623.1391	1.000
332208.8377	4128623.2372	1.000
332208.5880	4128623.3162	1.000
332208.3091	4128623.4142	1.000
332208.0450	4128623.5120	1.000
332207.7661	4128623.6101	1.000
332207.5016	4128623.6894	1.000
332207.2228	4128623.7875	1.000
332206.9583	4128623.8668	1.000
332206.6942	4128623.9646	1.000
332206.4153	4128624.0627	1.000
332206.1660	4128624.1602	1.000
332205.8867	4128624.2397	1.000
332205.6374	4128624.3372	1.000
332205.3585	4128624.4353	1.000
332205.0793	4128624.5149	1.000
332204.8000	4128624.5945	1.000
332204.5208	4128624.6741	1.000
332204.2415	4128624.7537	1.000
332203.9479	4128624.8521	1.000
332203.6830	4128624.9129	1.000
332203.3591	4128624.9748	1.000
332203.0943	4128625.0357	1.000
332202.7855	4128625.1158	1.000
332202.4763	4128625.1775	1.000
332202.1668	4128625.2207	1.000
332201.8720	4128625.2636	1.000
332201.5920	4128625.3062	1.000
332201.2825	4128625.3494	1.000
332201.0021	4128625.3735	1.000
332200.6922	4128625.3982	1.000
332200.4111	4128625.3854	1.000
332200.1156	4128625.3913	1.000
332199.8050	4128625.3790	1.000
332199.5379	4128625.3289	1.000
332199.2261	4128625.2611	1.000
332198.9735	4128625.1922	1.000
332198.6913	4128625.1238	1.000
332198.4235	4128625.0367	1.000
332198.1996	4128624.9302	1.000
332197.9458	4128624.8057	1.000
332197.7076	4128624.7180	1.000
332197.4690	4128624.6118	1.000
332197.2300	4128624.4871	1.000
332197.0057	4128624.3621	1.000
332196.7664	4128624.2189	1.000
332196.5569	4128624.0936	1.000
332196.3028	4128623.9506	1.000
332196.0926	4128623.7884	1.000
332195.8821	4128623.6076	1.000
332195.6715	4128623.4268	1.000
332195.4757	4128623.2457	1.000
332195.2504	4128623.0652	1.000
332195.0834	4128622.8466	1.000
332194.9161	4128622.6094	1.000
332194.7498	4128622.4278	1.000
332194.5681	4128622.2094	1.000
332194.3716	4128621.9913	1.000
332194.2050	4128621.7912	1.000
332194.0524	4128621.5537	1.000
332193.8858	4128621.3536	1.000
332193.7037	4128621.1167	1.000
332193.5364	4128620.8796	1.000
332193.3989	4128620.6603	1.000
332193.2611	4128620.4226	1.000
332193.1237	4128620.2033	1.000
332192.9564	4128619.9662	1.000
332192.8038	4128619.7287	1.000
332192.6808	4128619.4907	1.000
332192.5279	4128619.2348	1.000
332192.4049	4128618.9967	1.000
332192.2519	4128618.7408	1.000
332192.1437	4128618.5025	1.000
332192.0347	4128618.2271	1.000
332191.9265	4128617.9888	1.000
332191.8034	4128617.7508	1.000
332191.6501	4128617.4763	1.000
332191.5563	4128617.2192	1.000
332191.4473	4128616.9439	1.000
332191.3247	4128616.7244	1.000
332191.2009	4128616.4494	1.000
332191.0772	4128616.1743	1.000
332190.9981	4128615.9169	1.000
332190.8891	4128615.6416	1.000
332190.7805	4128615.3848	1.000
332190.6715	4128615.1095	1.000
332190.5770	4128614.8154	1.000
332190.4975	4128614.5394	1.000
332190.4181	4128614.2635	1.000
332190.3243	4128614.0064	1.000
332190.2297	4128613.7123	1.000
332190.1798	4128613.4358	1.000
332190.1148	4128613.1411	1.000
332190.0357	4128612.8837	1.000
332189.9707	4128612.5890	1.000
332189.9057	4128612.2943	1.000
332189.8853	4128612.0172	1.000
332189.8646	4128611.7216	1.000
332189.8447	4128611.4630	1.000
332189.8384	4128611.1487	1.000
332189.8616	4128610.8337	1.000
332189.9000	4128610.5369	1.000
332189.9381	4128610.2217	1.000
332189.9621	4128609.9437	1.000
332190.0001	4128609.6284	1.000
332190.0677	4128609.3126	1.000
332190.1504	4128609.0149	1.000
332190.2331	4128608.7173	1.000
332190.3014	4128608.4384	1.000
332190.3989	4128608.1405	1.000
332190.5411	4128607.8601	1.000
332190.6977	4128607.5610	1.000
332190.8403	4128607.2991	1.000
332190.9674	4128607.0006	1.000
332191.1243	4128606.7199	1.000
332191.2824	4128606.4948	1.000
332191.4697	4128606.2505	1.000
332191.6278	4128606.0254	1.000
332191.7855	4128605.7817	1.000
332191.9580	4128605.5377	1.000
332192.1312	4128605.3308	1.000
332192.3188	4128605.1050	1.000
332192.5068	4128604.8978	1.000
332192.7092	4128604.6717	1.000
332192.9272	4128604.4823	1.000
332193.1447	4128604.2745	1.000
332193.3479	4128604.0854	1.000
332193.5510	4128603.8964	1.000
332193.7686	4128603.6885	1.000
332193.9725	4128603.5364	1.000
332194.2355	4128603.3832	1.000
332194.4541	4128603.2308	1.000
332194.6872	4128603.0596	1.000
332194.9203	4128602.8884	1.000
332195.1833	4128602.7352	1.000
332195.4466	4128602.6004	1.000
332195.6801	4128602.4477	1.000
332195.9279	4128602.2763	1.000
332196.1765	4128602.1418	1.000
332196.4543	4128601.9882	1.000
332196.7029	4128601.8538	1.000
332196.9658	4128601.7005	1.000
332197.2436	4128601.5469	1.000
332197.5073	4128601.4306	1.000
332197.8006	4128601.3138	1.000
332198.0496	4128601.1978	1.000
332198.3277	4128601.0627	1.000
332198.6062	4128600.9461	1.000
332198.8855	4128600.8666	1.000
332199.1647	4128600.7870	1.000
332199.4443	4128600.7259	1.000
332199.7535	4128600.6642	1.000
332200.0339	4128600.6401	1.000
332200.3290	4128600.6157	1.000
332200.6397	4128600.6279	1.000
332200.9208	4128600.6408	1.000
332201.2166	4128600.6534	1.000
332201.4841	4128600.7220	1.000
332201.7515	4128600.7907	1.000
332201.9901	4128600.8969	1.000
332202.2287	4128601.0031	1.000
332202.4530	4128601.1281	1.000
332202.6772	4128601.2531	1.000
332202.9021	4128601.4151	1.000
332203.1264	4128601.5401	1.000
332203.3517	4128601.7206	1.000
332203.5914	4128601.8823	1.000
332203.7721	4128602.0452	1.000
332203.9830	4128602.2445	1.000
332204.1784	4128602.4071	1.000
332204.3890	4128602.5878	1.000
332204.5556	4128602.7880	1.000
332204.7225	4128603.0067	1.000
332204.8891	4128603.2068	1.000
332205.0557	4128603.4070	1.000
332205.2375	4128603.6254	1.000
332205.3745	4128603.8261	1.000
332205.5267	4128604.0451	1.000
332205.6789	4128604.2640	1.000
332205.8459	4128604.4827	1.000
332206.0129	4128604.7013	1.000
332206.1503	4128604.9206	1.000
332206.3032	4128605.1765	1.000
332206.4406	4128605.3958	1.000
332206.6080	4128605.6329	1.000
332206.7753	4128605.8700	1.000
332206.9283	4128606.1260	1.000
332207.0664	4128606.3822	1.000
332207.2186	4128606.6012	1.000
332207.3863	4128606.8568	1.000
332207.5389	4128607.0943	1.000
332207.6918	4128607.3502	1.000
332207.8148	4128607.5882	1.000
332207.9970	4128607.8251	1.000
332208.1935	4128608.0431	1.000
332208.3752	4128608.2615	1.000
332208.5721	4128608.4981	1.000
332208.7679	4128608.6791	1.000
332209.0080	4128608.8593	1.000
332209.2477	4128609.0210	1.000
332209.4867	4128609.1457	1.000
332209.7553	4128609.2699	1.000
332210.0227	4128609.3385	1.000
332210.3193	4128609.3881	1.000
332210.5864	4128609.4382	1.000
332210.8823	4128609.4508	1.000
332211.1778	4128609.4449	1.000
332211.4578	4128609.4023	1.000
332211.7669	4128609.3406	1.000
332212.0473	4128609.3165	1.000
332212.3572	4128609.2918	1.000
332212.6375	4128609.2677	1.000
332212.9327	4128609.2432	1.000
332213.2271	4128609.1819	1.000
332213.5222	4128609.1574	1.000
332213.8465	4128609.1139	1.000
332214.1114	4128609.0531	1.000
332214.4054	4128608.9733	1.000
332214.7146	4128608.9116	1.000
332215.0389	4128608.8681	1.000
332215.3181	4128608.7885	1.000
332215.5974	4128608.7089	1.000
332215.8906	4128608.5920	1.000
332216.1555	4128608.5312	1.000
332216.4647	4128608.4695	1.000
332216.7291	4128608.3902	1.000
332217.0080	4128608.2922	1.000
332217.2865	4128608.1756	1.000
332217.5506	4128608.0778	1.000
332217.8594	4128607.9976	1.000
332218.1087	4128607.9001	1.000
332218.3873	4128607.7835	1.000
332218.6658	4128607.6670	1.000
332218.9594	4128607.5686	1.000
332219.2527	4128607.4517	1.000
332219.5164	4128607.3354	1.000
332219.8097	4128607.2186	1.000
332220.0738	4128607.1208	1.000
332220.3822	4128607.0221	1.000
332220.6460	4128606.9058	1.000
332220.9241	4128606.7708	1.000
332221.2015	4128606.5987	1.000
332221.4649	4128606.4639	1.000
332221.7434	4128606.3474	1.000
332221.9916	4128606.1944	1.000
332222.2538	4128606.0041	1.000
332222.4865	4128605.8145	1.000
332222.7196	4128605.6433	1.000
332222.9671	4128605.4534	1.000
332223.1555	4128605.2646	1.000
332223.3575	4128605.0200	1.000
332223.5455	4128604.8128	1.000
332223.7483	4128604.6052	1.000
332223.9212	4128604.3798	1.000
332224.0645	4128604.1549	1.000
332224.2222	4128603.9112	1.000
332224.3655	4128603.6864	1.000
332224.5236	4128603.4612	1.000
332224.6370	4128603.2184	1.000
332224.7352	4128602.9575	1.000
332224.8331	4128602.6780	1.000
332224.8874	4128602.4364	1.000
332224.9561	4128602.1761	1.000
332225.0100	4128601.9160	1.000
332225.0336	4128601.6195	1.000
332225.0129	4128601.3239	1.000
332225.0073	4128601.0465	1.000
332225.0014	4128600.7507	1.000
332224.9512	4128600.4557	1.000
332224.9006	4128600.1422	1.000
332224.8799	4128599.8466	1.000
332224.8148	4128599.5519	1.000
332224.7642	4128599.2384	1.000
332224.6996	4128598.9622	1.000
332224.5747	4128598.6317	1.000
332224.4945	4128598.3188	1.000
332224.4291	4128598.0056	1.000
332224.3497	4128597.7297	1.000
332224.2847	4128597.4350	1.000
332224.1897	4128597.1224	1.000
332224.0952	4128596.8283	1.000
332223.9847	4128596.4790	1.000
332223.8753	4128596.1852	1.000
332223.7357	4128595.8550	1.000
332223.6112	4128595.5430	1.000
332223.5166	4128595.2489	1.000
332223.4221	4128594.9548	1.000
332223.3279	4128594.6792	1.000
332223.2181	4128594.3669	1.000
332223.0944	4128594.0919	1.000
332222.9843	4128593.7611	1.000
332222.8749	4128593.4673	1.000
332222.7504	4128593.1553	1.000
332222.5968	4128592.8623	1.000
332222.4723	4128592.5503	1.000
332222.3625	4128592.2380	1.000
332222.2536	4128591.9627	1.000
332222.1298	4128591.6877	1.000
332222.0061	4128591.4127	1.000
332221.9122	4128591.1556	1.000
332221.7885	4128590.8805	1.000
332221.6795	4128590.6052	1.000
332221.5410	4128590.3305	1.000
332221.4467	4128590.0549	1.000
332221.3522	4128589.7608	1.000
332221.2580	4128589.4852	1.000
332221.1490	4128589.2098	1.000
332221.0396	4128588.9160	1.000
332220.9454	4128588.6404	1.000
332220.8361	4128588.3466	1.000
332220.7127	4128588.0901	1.000
332220.6037	4128587.8148	1.000
332220.4803	4128587.5582	1.000
332220.3710	4128587.2644	1.000
332220.2620	4128586.9891	1.000
332220.1527	4128586.6953	1.000
332220.0289	4128586.4203	1.000
332219.9343	4128586.1262	1.000
332219.8250	4128585.8324	1.000
332219.7160	4128585.5571	1.000
332219.5922	4128585.2820	1.000
332219.4685	4128585.0070	1.000
332219.3595	4128584.7317	1.000
332219.2501	4128584.4379	1.000
332219.1412	4128584.1626	1.000
332219.0023	4128583.8694	1.000
332218.8781	4128583.5758	1.000
332218.7684	4128583.2635	1.000
332218.6443	4128582.9700	1.000
332218.5353	4128582.6947	1.000
332218.4112	4128582.4012	1.000
332218.3022	4128582.1259	1.000
332218.2073	4128581.8133	1.000
332218.0839	4128581.5568	1.000
332217.9598	4128581.2632	1.000
332217.8356	4128580.9697	1.000
332217.7263	4128580.6759	1.000
332217.6317	4128580.3818	1.000
332217.5079	4128580.1068	1.000
332217.3834	4128579.7948	1.000
332217.2741	4128579.5010	1.000
332217.1788	4128579.1699	1.000
332217.0550	4128578.8949	1.000
332216.9460	4128578.6196	1.000
332216.8071	4128578.3263	1.000
332216.6974	4128578.0140	1.000
332216.5877	4128577.7017	1.000
332216.4643	4128577.4452	1.000
332216.3254	4128577.1520	1.000
332216.2013	4128576.8585	1.000
332216.0919	4128576.5647	1.000
332215.9678	4128576.2712	1.000
332215.8444	4128576.0146	1.000
332215.6907	4128575.7217	1.000
332215.5814	4128575.4279	1.000
332215.4717	4128575.1156	1.000
332215.3623	4128574.8218	1.000
332215.2234	4128574.5286	1.000
332215.0845	4128574.2353	1.000
332214.9755	4128573.9600	1.000
332214.8514	4128573.6665	1.000
332214.7129	4128573.3918	1.000
332214.5592	4128573.0989	1.000
332214.4355	4128572.8239	1.000
332214.3261	4128572.5300	1.000
332214.2023	4128572.2550	1.000
332214.0786	4128571.9800	1.000
332213.9397	4128571.6868	1.000
332213.8307	4128571.4115	1.000
332213.7210	4128571.0992	1.000
332213.5821	4128570.8059	1.000
332213.4432	4128570.5127	1.000
332213.3043	4128570.2195	1.000
332213.1946	4128569.9072	1.000
332213.0852	4128569.6134	1.000
332212.9615	4128569.3384	1.000
332212.8370	4128569.0264	1.000
332212.7128	4128568.7329	1.000
332212.5732	4128568.4027	1.000
332212.4491	4128568.1091	1.000
332212.3249	4128567.8156	1.000
332212.1857	4128567.5039	1.000
332212.0612	4128567.1919	1.000
332211.9511	4128566.8611	1.000
332211.8421	4128566.5858	1.000
332211.7032	4128566.2926	1.000
332211.5643	4128565.9994	1.000
332211.4402	4128565.7059	1.000
332211.3304	4128565.3936	1.000
332211.2067	4128565.1185	1.000
332211.0822	4128564.8065	1.000
332210.9732	4128564.5312	1.000
332210.8783	4128564.2186	1.000
332210.7689	4128563.9248	1.000
332210.6300	4128563.6316	1.000
332210.4907	4128563.3199	1.000
332210.3670	4128563.0449	1.000
332210.2277	4128562.7332	1.000
332210.0892	4128562.4584	1.000
332209.9207	4128562.1658	1.000
332209.7674	4128561.8914	1.000
332209.5986	4128561.5803	1.000
332209.4305	4128561.3061	1.000
332209.2624	4128561.0320	1.000
332209.0652	4128560.7769	1.000
332208.8971	4128560.5028	1.000
332208.6995	4128560.2293	1.000
332208.4878	4128559.9930	1.000
332208.2758	4128559.7383	1.000
332208.0497	4128559.5208	1.000
332207.8232	4128559.2848	1.000
332207.5680	4128559.0864	1.000
332207.3279	4128558.9062	1.000
332207.0586	4128558.7451	1.000
332206.8185	4128558.5649	1.000
332206.5488	4128558.3853	1.000
332206.2792	4128558.2057	1.000
332206.0099	4128558.0446	1.000
332205.7402	4128557.8650	1.000
332205.4857	4128557.7036	1.000
332205.2164	4128557.5425	1.000
332204.9771	4128557.3993	1.000
332204.7085	4128557.2752	1.000
332204.4547	4128557.1508	1.000
332204.2010	4128557.0264	1.000
332203.9472	4128556.9019	1.000
332203.7093	4128556.8327	1.000
332203.4419	4128556.7641	1.000
332203.1896	4128556.7136	1.000
332202.9225	4128556.6635	1.000
332202.6710	4128556.6500	1.000
332202.4050	4128556.6553	1.000
332202.1402	4128556.7161	1.000
332201.8897	4128556.7581	1.000
332201.6101	4128556.8192	1.000
332201.3748	4128556.8794	1.000
332201.1255	4128556.9769	1.000
332200.8906	4128557.0556	1.000
332200.6700	4128557.1156	1.000
332200.4359	4128557.2312	1.000
332200.2456	4128557.3276	1.000
332200.0558	4128557.4424	1.000
332199.8663	4128557.5756	1.000
332199.6761	4128557.6720	1.000
332199.5010	4128557.7865	1.000
332199.3255	4128557.8825	1.000
332199.0189	4128558.0736	1.000
332198.7737	4128558.3745	1.000
332198.6031	4128558.7109	1.000
332198.4479	4128559.0840	1.000
332198.3781	4128559.2889	1.000
332198.2828	4128559.6978	1.000
332198.2426	4128559.9021	1.000
332198.2035	4128560.1619	1.000
332198.1632	4128560.3662	1.000
332198.1532	4128560.6069	1.000
332198.1581	4128560.8473	1.000
332198.1629	4128561.0877	1.000
332198.1536	4128561.3654	1.000
332198.1732	4128561.6055	1.000
332198.2227	4128561.8635	1.000
332198.2878	4128562.1582	1.000
332198.3229	4128562.4350	1.000
332198.3583	4128562.7303	1.000
332198.4086	4128563.0253	1.000
332198.4736	4128563.3200	1.000
332198.5235	4128563.5965	1.000
332198.5594	4128563.9103	1.000
332198.5948	4128564.2056	1.000
332198.6159	4128564.5196	1.000
332198.6661	4128564.8146	1.000
332198.6872	4128565.1287	1.000
332198.6784	4128565.4249	1.000
332198.6843	4128565.7208	1.000
332198.7054	4128566.0348	1.000
332198.7261	4128566.3304	1.000
332198.7168	4128566.6081	1.000
332198.7080	4128566.9043	1.000
332198.6991	4128567.2005	1.000
332198.6755	4128567.4969	1.000
332198.6375	4128567.8122	1.000
332198.5692	4128568.0911	1.000
332198.4720	4128568.4075	1.000
332198.4037	4128568.6864	1.000
332198.3217	4128569.0210	1.000
332198.2390	4128569.3187	1.000
332198.1267	4128569.6169	1.000
332198.0288	4128569.8964	1.000
332197.9313	4128570.1943	1.000
332197.8191	4128570.4926	1.000
332197.6913	4128570.7541	1.000
332197.5487	4128571.0160	1.000
332197.4065	4128571.2963	1.000
332197.2639	4128571.5582	1.000
332197.1217	4128571.8385	1.000
332196.9792	4128572.1004	1.000
332196.8070	4128572.3628	1.000
332196.6493	4128572.6065	1.000
332196.4768	4128572.8504	1.000
332196.3047	4128573.1129	1.000
332196.1319	4128573.3383	1.000
332195.9439	4128573.5456	1.000
332195.7706	4128573.7526	1.000
332195.5826	4128573.9598	1.000
332195.3939	4128574.1301	1.000
332195.1904	4128574.3007	1.000
332194.9868	4128574.4713	1.000
332194.7833	4128574.6418	1.000
332194.5650	4128574.8127	1.000
332194.3316	4128574.9654	1.000
332194.1125	4128575.0993	1.000
332193.8787	4128575.2334	1.000
332193.6597	4128575.3673	1.000
332193.4104	4128575.4648	1.000
332193.1758	4128575.5620	1.000
332192.9261	4128575.6410	1.000
332192.6764	4128575.7200	1.000
332192.4415	4128575.7987	1.000
332192.1774	4128575.8965	1.000
332191.9129	4128575.9758	1.000
332191.6333	4128576.0369	1.000
332191.3836	4128576.1159	1.000
332191.1043	4128576.1955	1.000
332190.8247	4128576.2566	1.000
332190.5747	4128576.3171	1.000
332190.3091	4128576.3409	1.000
332190.0586	4128576.3829	1.000
332189.7786	4128576.4255	1.000
332189.4987	4128576.4681	1.000
332189.2334	4128576.5105	1.000
332188.9383	4128576.5349	1.000
332188.6579	4128576.5590	1.000
332188.3783	4128576.6201	1.000
332188.1131	4128576.6624	1.000
332187.8184	4128576.7053	1.000
332187.5236	4128576.7482	1.000
332187.2440	4128576.8093	1.000
332186.9499	4128576.8892	1.000
332186.6559	4128576.9691	1.000
332186.3464	4128577.0123	1.000
332186.0819	4128577.0916	1.000
332185.7883	4128577.1899	1.000
332185.4946	4128577.2883	1.000
332185.2006	4128577.3682	1.000
332184.9069	4128577.4666	1.000
332184.6288	4128577.6017	1.000
332184.3211	4128577.7373	1.000
332184.0430	4128577.8724	1.000
332183.7504	4128578.0262	1.000
332183.5022	4128578.1792	1.000
332183.2396	4128578.3510	1.000
332182.9770	4128578.5227	1.000
332182.7143	4128578.6945	1.000
332182.4517	4128578.8663	1.000
332182.2183	4128579.0189	1.000
332181.9708	4128579.2089	1.000
332181.7229	4128579.3803	1.000
332181.4758	4128579.5888	1.000
332181.2435	4128579.7969	1.000
332181.0404	4128579.9860	1.000
332180.8531	4128580.2303	1.000
332180.6806	4128580.4742	1.000
332180.4786	4128580.7188	1.000
332180.3053	4128580.9257	1.000
332180.1473	4128581.1509	1.000
332179.9748	4128581.3948	1.000
332179.8167	4128581.6200	1.000
332179.6294	4128581.8643	1.000
332179.5009	4128582.0888	1.000
332179.3727	4128582.3319	1.000
332179.2449	4128582.5934	1.000
332179.1171	4128582.8550	1.000
332179.0037	4128583.0978	1.000
332178.9055	4128583.3587	1.000
332178.8076	4128583.6382	1.000
332178.7393	4128583.9171	1.000
332178.6566	4128584.2147	1.000
332178.6030	4128584.4933	1.000
332178.5798	4128584.8083	1.000
332178.5565	4128585.1232	1.000
332178.5473	4128585.4009	1.000
332178.5244	4128585.7344	1.000
332178.5300	4128586.0117	1.000
332178.5806	4128586.3252	1.000
332178.6161	4128586.6205	1.000
332178.6516	4128586.9158	1.000
332178.6874	4128587.2296	1.000
332178.7672	4128587.5240	1.000
332178.8621	4128587.8366	1.000
332178.9567	4128588.1307	1.000
332179.0805	4128588.4057	1.000
332179.1887	4128588.6440	1.000
332179.3265	4128588.8818	1.000
332179.4639	4128589.1010	1.000
332179.6158	4128589.3015	1.000
332179.7964	4128589.4644	1.000
332179.9759	4128589.5718	1.000
332180.2293	4128589.6777	1.000
332180.4971	4128589.7648	1.000
332180.7202	4128589.8344	1.000
332180.9581	4128589.9036	1.000
332181.1809	4128589.9546	1.000
332181.4476	4128589.9863	1.000
332181.6851	4128590.0370	1.000
332181.9673	4128590.1054	1.000
332182.2340	4128590.1371	1.000
332182.4859	4128590.1690	1.000
332182.7374	4128590.1825	1.000
332182.9894	4128590.2144	1.000
332183.2564	4128590.2646	1.000
332183.5080	4128590.2780	1.000
332183.7739	4128590.2727	1.000
332184.0403	4128590.2859	1.000
332184.3066	4128590.2990	1.000
332184.6025	4128590.3116	1.000
332184.8684	4128590.3063	1.000
332185.1491	4128590.3007	1.000
332185.4155	4128590.3138	1.000
332185.6966	4128590.3267	1.000
332185.9330	4128590.3220	1.000
332186.1838	4128590.2985	1.000
332186.4497	4128590.2931	1.000
332186.6865	4128590.3069	1.000
332186.9672	4128590.3013	1.000
332187.2180	4128590.2777	1.000
332187.4984	4128590.2536	1.000
332187.7640	4128590.2298	1.000
332188.0743	4128590.2236	1.000
332188.3694	4128590.1992	1.000
332188.6202	4128590.1757	1.000
332188.9002	4128590.1331	1.000
332189.1514	4128590.1280	1.000
332189.4473	4128590.1406	1.000
332189.7128	4128590.1168	1.000
332189.9928	4128590.0742	1.000
332190.2876	4128590.0313	1.000
332190.5824	4128589.9884	1.000
332190.9067	4128589.9449	1.000
332191.2011	4128589.8835	1.000
332191.5102	4128589.8218	1.000
332191.7902	4128589.7792	1.000
332192.1142	4128589.7172	1.000
332192.3942	4128589.6746	1.000
332192.6886	4128589.6132	1.000
332192.9829	4128589.5518	1.000
332193.2925	4128589.5086	1.000
332193.5865	4128589.4287	1.000
332193.8802	4128589.3303	1.000
332194.1742	4128589.2505	1.000
332194.4538	4128589.1894	1.000
332194.7774	4128589.1089	1.000
332195.0718	4128589.0475	1.000
332195.3806	4128588.9673	1.000
332195.6894	4128588.8871	1.000
332195.9838	4128588.8257	1.000
332196.3077	4128588.7637	1.000
332196.5870	4128588.6841	1.000
332196.9105	4128588.6037	1.000
332197.2046	4128588.5238	1.000
332197.5281	4128588.4433	1.000
332197.8369	4128588.3631	1.000
332198.1310	4128588.2832	1.000
332198.4394	4128588.1846	1.000
332198.7334	4128588.1047	1.000
332199.0570	4128588.0242	1.000
332199.3359	4128587.9261	1.000
332199.6439	4128587.8089	1.000
332199.9376	4128587.7106	1.000
332200.2464	4128587.6304	1.000
332200.5696	4128587.5314	1.000
332200.8632	4128587.4330	1.000
332201.1565	4128587.3162	1.000
332201.4505	4128587.2363	1.000
332201.7737	4128587.1373	1.000
332202.0674	4128587.0389	1.000
332202.3607	4128586.9220	1.000
332202.6835	4128586.8046	1.000
332202.9919	4128586.7059	1.000
332203.3151	4128586.6069	1.000
332203.5940	4128586.5089	1.000
332203.9024	4128586.4102	1.000
332204.2105	4128586.2930	1.000
332204.5337	4128586.1940	1.000
332204.8274	4128586.0957	1.000
332205.1059	4128585.9791	1.000
332205.4139	4128585.8619	1.000
332205.7076	4128585.7635	1.000
332206.0149	4128585.6094	1.000
332206.2790	4128585.5116	1.000
332206.5874	4128585.4129	1.000
332206.8955	4128585.2958	1.000
332207.2035	4128585.1786	1.000
332207.5267	4128585.0796	1.000
332207.8053	4128584.9630	1.000
332208.0982	4128584.8277	1.000
332208.3911	4128584.6923	1.000
332208.6692	4128584.5572	1.000
332208.9625	4128584.4404	1.000
332209.2259	4128584.3056	1.000
332209.5184	4128584.1517	1.000
332209.7962	4128583.9982	1.000
332210.1042	4128583.8810	1.000
332210.3824	4128583.7459	1.000
332210.6605	4128583.6109	1.000
332210.9387	4128583.4758	1.000
332211.2316	4128583.3404	1.000
332211.5248	4128583.2236	1.000
332211.8178	4128583.0882	1.000
332212.0959	4128582.9531	1.000
332212.3892	4128582.8363	1.000
332212.6673	4128582.7012	1.000
332212.9610	4128582.6028	1.000
332213.2391	4128582.4678	1.000
332213.5176	4128582.3512	1.000
332213.8105	4128582.2158	1.000
332214.0739	4128582.0810	1.000
332214.3672	4128581.9642	1.000
332214.6453	4128581.8291	1.000
332214.9090	4128581.7128	1.000
332215.2020	4128581.5775	1.000
332215.4653	4128581.4427	1.000
332215.7738	4128581.3440	1.000
332216.0371	4128581.2092	1.000
332216.3156	4128581.0927	1.000
332216.5790	4128580.9579	1.000
332216.8424	4128580.8231	1.000
332217.1356	4128580.7062	1.000
332217.3994	4128580.5900	1.000
332217.6775	4128580.4549	1.000
332217.9405	4128580.3016	1.000
332218.1891	4128580.1672	1.000
332218.4824	4128580.0503	1.000
332218.7313	4128579.9343	1.000
332218.9947	4128579.7995	1.000
332219.2581	4128579.6648	1.000
332219.5218	4128579.5485	1.000
332219.8151	4128579.4316	1.000
332220.0644	4128579.3341	1.000
332220.3134	4128579.2181	1.000
332220.5475	4128579.1024	1.000
332220.7965	4128578.9865	1.000
332221.0455	4128578.8705	1.000
332221.2800	4128578.7733	1.000
332221.5146	4128578.6761	1.000
332221.7336	4128578.5422	1.000
332221.9534	4128578.4453	1.000
332222.1732	4128578.3484	1.000
332222.4077	4128578.2512	1.000
332222.6131	4128578.1731	1.000
332222.8181	4128578.0765	1.000
332223.0227	4128577.9614	1.000
332223.2126	4128577.8466	1.000
332223.5642	4128577.6916	1.000
332223.8427	4128577.5750	1.000
332224.0606	4128577.3856	1.000
332224.2202	4128577.2344	1.000
332224.4540	4128577.1002	1.000
332224.6443	4128577.0039	1.000
332224.8042	4128576.8712	1.000
332224.9634	4128576.7016	1.000
332225.1385	4128576.5870	1.000
332225.2829	4128576.4177	1.000
332225.5030	4128576.3392	1.000
332225.7365	4128576.1866	1.000
332225.9540	4128575.9787	1.000
332226.2178	4128575.8624	1.000
332226.4815	4128575.7462	1.000
332226.7297	4128575.5932	1.000
332226.9646	4128575.5145	1.000
332227.2273	4128575.3427	1.000
332227.4747	4128575.1528	1.000
332227.6321	4128574.8906	1.000
332227.6542	4128574.5202	1.000
332227.7056	4128574.1307	1.000
332227.7421	4128573.7414	1.000
332227.7380	4128573.5380	1.000
332227.7303	4128573.1497	1.000
332227.7410	4128572.9460	1.000
332227.6896	4128572.5955	1.000
332227.6227	4128572.2083	1.000
332227.5887	4128571.9870	1.000
332227.4775	4128571.6007	1.000
332227.4140	4128571.3800	1.000
332227.3652	4128571.1590	1.000
332227.2865	4128570.9201	1.000
332227.1938	4128570.7184	1.000
332227.1007	4128570.4983	1.000
332227.0224	4128570.2779	1.000
332226.9729	4128570.0199	1.000
332226.9093	4128569.7991	1.000
332226.8458	4128569.5784	1.000
332226.7679	4128569.3765	1.000
332226.7036	4128569.1188	1.000
332226.6245	4128568.8613	1.000
332226.5606	4128568.6221	1.000
332226.4823	4128568.4017	1.000
332226.3740	4128568.1634	1.000
332226.3101	4128567.9241	1.000
332226.2311	4128567.6667	1.000
332226.1671	4128567.4275	1.000
332226.0892	4128567.2256	1.000
332225.9957	4128566.9869	1.000
332225.9174	4128566.7665	1.000
332225.8240	4128566.5279	1.000
332225.7449	4128566.2705	1.000
332225.6662	4128566.0315	1.000
332225.5724	4128565.7744	1.000
332225.4940	4128565.5540	1.000
332225.4150	4128565.2966	1.000
332225.3212	4128565.0395	1.000
332225.2277	4128564.8008	1.000
332225.1339	4128564.5437	1.000
332225.0404	4128564.3051	1.000
332224.9469	4128564.0665	1.000
332224.8682	4128563.8275	1.000
332224.7748	4128563.5889	1.000
332224.6665	4128563.3506	1.000
332224.5878	4128563.1116	1.000
332224.4796	4128562.8733	1.000
332224.4005	4128562.6159	1.000
332224.2923	4128562.3776	1.000
332224.1988	4128562.1389	1.000
332224.1054	4128561.9003	1.000
332224.0115	4128561.6432	1.000
332223.9181	4128561.4046	1.000
332223.8246	4128561.1659	1.000
332223.7012	4128560.9094	1.000
332223.6078	4128560.6708	1.000
332223.4992	4128560.4140	1.000
332223.4205	4128560.1750	1.000
332223.3126	4128559.9552	1.000
332223.1896	4128559.7172	1.000
332223.0821	4128559.5158	1.000
332222.9594	4128559.2963	1.000
332222.8667	4128559.0946	1.000
332222.7592	4128558.8933	1.000
332222.6377	4128558.7292	1.000
332222.4991	4128558.4545	1.000
332222.3462	4128558.1986	1.000
332222.6428	4128558.2481	1.000
332222.8826	4128558.4098	1.000
332223.1504	4128558.4969	1.000
332223.4027	4128558.5474	1.000
332223.6690	4128558.5606	1.000
332223.9793	4128558.5544	1.000
332224.3645	4128558.6021	1.000
332224.7180	4128558.5396	1.000
332224.9245	4128558.5169	1.000
332225.1314	4128558.5128	1.000
332225.5140	4128558.4311	1.000
332225.7046	4128558.3533	1.000
332225.9104	4128558.2937	1.000
332226.1464	4128558.2705	1.000
332226.3673	4128558.2290	1.000
332226.5878	4128558.1691	1.000
332226.7784	4128558.0913	1.000
332226.9845	4128558.0502	1.000
332227.1903	4128557.9906	1.000
332227.5571	4128557.8537	1.000
332227.7477	4128557.7759	1.000
332227.9534	4128557.7163	1.000
332228.1440	4128557.6385	1.000
332228.5256	4128557.5013	1.000
332228.7162	4128557.4235	1.000
332228.9219	4128557.3639	1.000
332229.1125	4128557.2861	1.000
332229.4645	4128557.1495	1.000
332229.8029	4128557.0688	1.000
332230.0530	4128557.0083	1.000
332230.2432	4128556.9120	1.000
332230.0404	4128557.1195	1.000
332229.8354	4128557.2161	1.000
332229.6459	4128557.3494	1.000
332229.4568	4128557.5012	1.000
332229.2680	4128557.6715	1.000
332229.0509	4128557.8978	1.000
332228.7598	4128558.1256	1.000
332228.4388	4128558.3356	1.000
332228.2789	4128558.4683	1.000
332227.9594	4128558.7522	1.000
332227.6990	4128559.0349	1.000
332227.4840	4128559.3722	1.000
332227.3285	4128559.7268	1.000
332227.2738	4128559.9499	1.000
332227.2188	4128560.1545	1.000
332227.1494	4128560.3779	1.000
332227.0681	4128560.7495	1.000
332227.0578	4128560.9717	1.000
332227.0323	4128561.1757	1.000
332227.0224	4128561.4164	1.000
332227.0896	4128561.8221	1.000
332227.1236	4128562.0434	1.000
332227.1428	4128562.2650	1.000
332227.1772	4128562.5048	1.000
332227.2112	4128562.7261	1.000
332227.2747	4128562.9469	1.000
332227.3235	4128563.1679	1.000
332227.3726	4128563.4074	1.000
332227.4066	4128563.6287	1.000
332227.4702	4128563.8494	1.000
332227.5489	4128564.0884	1.000
332227.6128	4128564.3276	1.000
332227.6918	4128564.5850	1.000
332227.7557	4128564.8242	1.000
332227.8341	4128565.0446	1.000
332227.9275	4128565.2833	1.000
332228.0062	4128565.5222	1.000
332228.0997	4128565.7608	1.000
332228.2223	4128565.9804	1.000
332228.3601	4128566.2181	1.000
332228.4831	4128566.4561	1.000
332228.6058	4128566.6757	1.000
332228.7288	4128566.9137	1.000
332228.8810	4128567.1327	1.000
332229.0476	4128567.3328	1.000
332229.1994	4128567.5333	1.000
332229.3516	4128567.7522	1.000
332229.4890	4128567.9715	1.000
332229.6553	4128568.1532	1.000
332229.8507	4128568.3158	1.000
332230.0317	4128568.4971	1.000
332230.2271	4128568.6597	1.000
332230.3929	4128568.8229	1.000
332230.5732	4128568.9673	1.000
332230.8274	4128569.1102	1.000
332231.0372	4128569.2540	1.000
332231.2614	4128569.3790	1.000
332231.4705	4128569.4858	1.000
332231.6792	4128569.5741	1.000
332231.9174	4128569.6619	1.000
332232.1409	4128569.7499	1.000
332232.3795	4128569.8561	1.000
332232.7951	4128569.9403	1.000
332233.0034	4128570.0101	1.000
332233.2114	4128570.0615	1.000
332233.4345	4128570.1310	1.000
332233.6413	4128570.1269	1.000
332233.8781	4128570.1406	1.000
332234.0853	4128570.1550	1.000
332234.3073	4128570.1690	1.000
332234.7052	4128570.1056	1.000
332234.9257	4128570.0456	1.000
332235.3671	4128569.9443	1.000
332235.5728	4128569.8847	1.000
332235.7922	4128569.7693	1.000
332235.9828	4128569.6915	1.000
332236.1886	4128569.6319	1.000
332236.4084	4128569.5350	1.000
332236.7884	4128569.3239	1.000
332236.9787	4128569.2275	1.000
332237.1833	4128569.1125	1.000
332237.3728	4128568.9792	1.000
332237.5327	4128568.8465	1.000
332237.7067	4128568.6765	1.000
332237.9959	4128568.3562	1.000
332238.1104	4128568.1689	1.000
332238.2249	4128567.9816	1.000
332238.3390	4128567.7758	1.000
332238.4388	4128567.5888	1.000
332238.5669	4128567.3458	1.000
332238.6667	4128567.1588	1.000
332238.7656	4128566.9348	1.000
332238.8351	4128566.7114	1.000
332238.9045	4128566.4880	1.000
332238.9884	4128566.2458	1.000
332239.0135	4128566.0233	1.000
332239.0382	4128565.7823	1.000
332239.0629	4128565.5413	1.000
332239.0877	4128565.3004	1.000
332239.1128	4128565.0779	1.000
332239.1227	4128564.8372	1.000
332239.1623	4128564.5959	1.000
332239.1866	4128564.3364	1.000
332239.2258	4128564.0766	1.000
332239.2512	4128563.8726	1.000
332239.2464	4128563.6322	1.000
332239.2416	4128563.3918	1.000
332239.2520	4128563.1696	1.000
332239.2471	4128562.9292	1.000
332239.2431	4128562.7258	1.000
332239.2235	4128562.4856	1.000
332239.2338	4128562.2634	1.000
332239.2286	4128562.0045	1.000
332239.2238	4128561.7641	1.000
332239.1754	4128561.5616	1.000
332239.1555	4128561.3030	1.000
332239.1362	4128561.0814	1.000
332239.1163	4128560.8228	1.000
332239.0527	4128560.6021	1.000
332238.9741	4128560.3632	1.000
332238.9242	4128560.0867	1.000
332238.8894	4128559.8284	1.000
332238.8396	4128559.5519	1.000
332238.7904	4128559.3123	1.000
332238.7406	4128559.0358	1.000
332238.7062	4128558.7960	1.000
332238.6711	4128558.5192	1.000
332238.6367	4128558.2794	1.000
332238.5872	4128558.0214	1.000
332238.5377	4128557.7634	1.000
332238.5030	4128557.5051	1.000
332238.4682	4128557.2468	1.000
332238.4195	4128557.0258	1.000
332238.3703	4128556.7863	1.000
332238.3212	4128556.5467	1.000
332238.2717	4128556.2887	1.000
332238.2222	4128556.0307	1.000
332238.1730	4128555.7912	1.000
332238.1383	4128555.5329	1.000
332238.1183	4128555.2743	1.000
332238.0836	4128555.0160	1.000
332238.0492	4128554.7762	1.000
332237.9706	4128554.5373	1.000
332237.9066	4128554.2981	1.000
332237.8575	4128554.0585	1.000
332237.8076	4128553.7820	1.000
332237.7293	4128553.5616	1.000
332237.6503	4128553.3042	1.000
332237.5856	4128553.0280	1.000
332237.5065	4128552.7706	1.000
332237.4570	4128552.5126	1.000
332237.3636	4128552.2739	1.000
332237.2841	4128551.9980	1.000
332237.2199	4128551.7403	1.000
332237.1401	4128551.4459	1.000
332237.0614	4128551.2070	1.000
332236.9531	4128550.9687	1.000
332236.8597	4128550.7300	1.000
332236.7658	4128550.4729	1.000
332236.6868	4128550.2155	1.000
332236.5785	4128549.9772	1.000
332236.4555	4128549.7391	1.000
332236.2579	4128549.4656	1.000
332236.0750	4128549.1918	1.000
332235.8478	4128548.9188	1.000
332235.6362	4128548.6825	1.000
332235.3798	4128548.4287	1.000
332235.1390	4128548.2115	1.000
332234.8974	4128547.9573	1.000
332234.6713	4128547.7399	1.000
332234.4160	4128547.5415	1.000
332234.1612	4128547.3616	1.000
332233.9059	4128547.1632	1.000
332233.6662	4128547.0015	1.000
332233.3976	4128546.8774	1.000
332233.1431	4128546.7160	1.000
332232.9038	4128546.5728	1.000
332232.6496	4128546.4298	1.000
332232.4102	4128546.2866	1.000
332232.1417	4128546.1625	1.000
332231.8731	4128546.0384	1.000
332231.6190	4128545.8955	1.000
332231.3505	4128545.7714	1.000
332231.1115	4128545.6466	1.000
332230.8433	4128545.5410	1.000
332230.6047	4128545.4348	1.000
332230.3365	4128545.3292	1.000
332230.0683	4128545.2235	1.000
332229.8153	4128545.1361	1.000
332229.5327	4128545.0492	1.000
332229.2505	4128544.9809	1.000
332228.9387	4128544.9131	1.000
332228.6709	4128544.8260	1.000
332228.3883	4128544.7392	1.000
332228.1061	4128544.6708	1.000
332227.8383	4128544.5837	1.000
332227.5701	4128544.4780	1.000
332227.3319	4128544.3903	1.000
332227.0644	4128544.3217	1.000
332226.7970	4128544.2530	1.000
332226.5299	4128544.2029	1.000
332226.2632	4128544.1712	1.000
332226.0268	4128544.1759	1.000
332225.7605	4128544.1628	1.000
332225.4802	4128544.1869	1.000
332225.1846	4128544.1928	1.000
332224.9183	4128544.1796	1.000
332224.6535	4128544.2404	1.000
332224.3583	4128544.2648	1.000
332224.0329	4128544.2529	1.000
332223.6643	4128544.2972	1.000
332223.3695	4128544.3401	1.000
332223.0899	4128544.4012	1.000
332222.7811	4128544.4814	1.000
332222.5007	4128544.5055	1.000
332222.1912	4128544.5487	1.000
332221.9112	4128544.5913	1.000
332221.6172	4128544.6712	1.000
332221.3084	4128544.7514	1.000
332221.0140	4128544.8128	1.000
332220.7048	4128544.8745	1.000
332220.4403	4128544.9538	1.000
332220.1312	4128545.0155	1.000
332219.8224	4128545.0957	1.000
332219.4840	4128545.1764	1.000
332219.1453	4128545.2387	1.000
332218.8073	4128545.3380	1.000
332218.4845	4128545.4554	1.000
332218.2207	4128545.5717	1.000
332217.8983	4128545.7077	1.000
332217.5898	4128545.8063	1.000
332217.2973	4128545.9602	1.000
332216.9900	4128546.1144	1.000
332216.6826	4128546.2685	1.000
332216.3458	4128546.4232	1.000
332216.0241	4128546.5962	1.000
332215.7319	4128546.7685	1.000
332215.4545	4128546.9406	1.000
332215.1775	4128547.1311	1.000
332214.8856	4128547.3220	1.000
332214.6522	4128547.4747	1.000
332214.4346	4128547.6825	1.000
332214.2171	4128547.8904	1.000
332213.9995	4128548.0982	1.000
332213.7820	4128548.3061	1.000
332213.6232	4128548.4942	1.000
332213.4950	4128548.7373	1.000
332213.3668	4128548.9804	1.000
332213.2383	4128549.2050	1.000
332213.0957	4128549.4668	1.000
332213.0263	4128549.6902	1.000
332212.9572	4128549.9321	1.000
332212.8738	4128550.1927	1.000
332212.8051	4128550.4531	1.000
332212.7364	4128550.7135	1.000
332212.6817	4128550.9366	1.000
332212.6274	4128551.1782	1.000
332212.6031	4128551.4377	1.000
332212.5488	4128551.6792	1.000
332212.4793	4128551.9026	1.000
332212.4542	4128552.1251	1.000
332212.4295	4128552.3661	1.000
332212.4047	4128552.6071	1.000
332212.3804	4128552.8666	1.000
332212.3701	4128553.0888	1.000
332212.3900	4128553.3474	1.000
332212.4244	4128553.5872	1.000
332212.4440	4128553.8273	1.000
332212.4491	4128554.0862	1.000
332212.4839	4128554.3445	1.000
332212.5038	4128554.6031	1.000
332212.5393	4128554.8984	1.000
332212.5748	4128555.1937	1.000
332212.5951	4128555.4708	1.000
332212.6450	4128555.7473	1.000
332212.7093	4128556.0050	1.000
332212.7440	4128556.2633	1.000
332212.7943	4128556.5583	1.000
332212.8290	4128556.8166	1.000
332212.8785	4128557.0746	1.000
332212.9284	4128557.3511	1.000
332212.9930	4128557.6273	1.000
332213.0281	4128557.9041	1.000
332213.0777	4128558.1621	1.000
332213.1427	4128558.4568	1.000
332213.2077	4128558.7515	1.000
332213.2572	4128559.0095	1.000
332213.3075	4128559.3045	1.000
332213.3718	4128559.5622	1.000
332213.4667	4128559.8748	1.000
332213.5613	4128560.1689	1.000
332213.6566	4128560.5000	1.000
332213.7368	4128560.8129	1.000
332213.8154	4128561.0518	1.000
332213.8952	4128561.3462	1.000
332213.9895	4128561.6218	1.000
332214.0689	4128561.8978	1.000
332214.1487	4128562.1922	1.000
332214.2573	4128562.4490	1.000
332214.3663	4128562.7243	1.000
332214.4605	4128562.9999	1.000
332214.5558	4128563.3310	1.000
332214.6360	4128563.6439	1.000
332214.7449	4128563.9192	1.000
332214.8536	4128564.1760	1.000
332214.9622	4128564.4329	1.000
332215.0560	4128564.6900	1.000
332215.1657	4128565.0023	1.000
332215.2599	4128565.2779	1.000
332215.3841	4128565.5714	1.000
332215.4934	4128565.8652	1.000
332215.5880	4128566.1593	1.000
332215.6833	4128566.4904	1.000
332215.8226	4128566.8021	1.000
332215.9622	4128567.1323	1.000
332216.0863	4128567.4258	1.000
332216.1957	4128567.7196	1.000
332216.2751	4128567.9955	1.000
332216.3690	4128568.2527	1.000
332216.4783	4128568.5465	1.000
332216.5725	4128568.8221	1.000
332216.6667	4128569.0977	1.000
332216.7458	4128569.3551	1.000
332216.8544	4128569.6119	1.000
332216.9637	4128569.9057	1.000
332217.0576	4128570.1629	1.000
332217.1521	4128570.4570	1.000
332217.2464	4128570.7326	1.000
332217.3553	4128571.0079	1.000
332217.4499	4128571.3020	1.000
332217.5593	4128571.5958	1.000
332217.6538	4128571.8899	1.000
332217.7480	4128572.1655	1.000
332217.8275	4128572.4414	1.000
332217.9368	4128572.7353	1.000
332218.0163	4128573.0112	1.000
332218.1112	4128573.3238	1.000
332218.2058	4128573.6179	1.000
332218.3151	4128573.9117	1.000
332218.4097	4128574.2058	1.000
332218.4751	4128574.5190	1.000
332218.5401	4128574.8137	1.000
332218.6051	4128575.1084	1.000
332218.6702	4128575.4031	1.000
332218.7208	4128575.7165	1.000
332218.7714	4128576.0300	1.000
332218.7777	4128576.3444	1.000
332218.8135	4128576.6582	1.000
332218.8346	4128576.9723	1.000
332218.8261	4128577.2869	1.000
332218.8029	4128577.6019	1.000
332218.7501	4128577.9174	1.000
332218.6825	4128578.2333	1.000
332218.6149	4128578.5491	1.000
332218.5473	4128578.8650	1.000
332218.4498	4128579.1629	1.000
332218.3375	4128579.4612	1.000
332218.2249	4128579.7409	1.000
332218.1274	4128580.0389	1.000
332218.0288	4128580.2814	1.000
332217.9010	4128580.5429	1.000
332217.7880	4128580.8042	1.000
332217.6598	4128581.0473	1.000
332217.5165	4128581.2721	1.000
332217.3876	4128581.4782	1.000
332217.2295	4128581.7034	1.000
332217.1154	4128581.9091	1.000
332216.9573	4128582.1343	1.000
332216.8136	4128582.3407	1.000
332216.6548	4128582.5289	1.000
332216.4812	4128582.7173	1.000
332216.3220	4128582.8870	1.000
332216.1480	4128583.0570	1.000
332215.9596	4128583.2458	1.000
332215.7561	4128583.4164	1.000
332215.5674	4128583.5866	1.000
332215.4082	4128583.7563	1.000
332215.2194	4128583.9266	1.000
332215.0303	4128584.0784	1.000
332214.8412	4128584.2302	1.000
332214.6517	4128584.3635	1.000
332214.4630	4128584.5337	1.000
332214.2594	4128584.7043	1.000
332214.0703	4128584.8561	1.000
332213.8513	4128584.9900	1.000
332213.6323	4128585.1239	1.000
332213.3984	4128585.2580	1.000
332213.1650	4128585.4107	1.000
332212.9168	4128585.5637	1.000
332212.6386	4128585.6988	1.000
332212.4052	4128585.8514	1.000
332212.1721	4128586.0226	1.000
332211.9095	4128586.1944	1.000
332211.6613	4128586.3473	1.000
332211.3832	4128586.4824	1.000
332211.1346	4128586.6169	1.000
332210.8864	4128586.7698	1.000
332210.6378	4128586.9043	1.000
332210.3751	4128587.0761	1.000
332210.0822	4128587.2114	1.000
332209.8488	4128587.3641	1.000
332209.5714	4128587.5362	1.000
332209.2940	4128587.7082	1.000
332209.0015	4128587.8621	1.000
332208.7233	4128587.9971	1.000
332208.4603	4128588.1504	1.000
332208.1973	4128588.3037	1.000
332207.9192	4128588.4387	1.000
332207.6411	4128588.5738	1.000
332207.3633	4128588.7274	1.000
332207.1003	4128588.8806	1.000
332206.7933	4128589.0533	1.000
332206.5004	4128589.1886	1.000
332206.2075	4128589.3240	1.000
332205.9442	4128589.4588	1.000
332205.6668	4128589.6308	1.000
332205.3883	4128589.7474	1.000
332205.0654	4128589.8649	1.000
332204.7725	4128590.0002	1.000
332204.5091	4128590.1350	1.000
332204.2314	4128590.2886	1.000
332203.9529	4128590.4051	1.000
332203.6452	4128590.5408	1.000
332203.3966	4128590.6753	1.000
332203.1037	4128590.8106	1.000
332202.8104	4128590.9275	1.000
332202.5171	4128591.0444	1.000
332202.2094	4128591.1800	1.000
332201.9309	4128591.2966	1.000
332201.6532	4128591.4502	1.000
332201.3606	4128591.6040	1.000
332201.0673	4128591.7209	1.000
332200.7449	4128591.8569	1.000
332200.4523	4128592.0107	1.000
332200.1306	4128592.1837	1.000
332199.8229	4128592.3193	1.000
332199.5005	4128592.4553	1.000
332199.2075	4128592.5907	1.000
332198.9150	4128592.7445	1.000
332198.6077	4128592.8987	1.000
332198.3144	4128593.0155	1.000
332197.9923	4128593.1700	1.000
332197.7145	4128593.3235	1.000
332197.4220	4128593.4774	1.000
332197.1139	4128593.5946	1.000
332196.7915	4128593.7305	1.000
332196.4686	4128593.8480	1.000
332196.1757	4128593.9834	1.000
332195.8533	4128594.1193	1.000
332195.5448	4128594.2180	1.000
332195.2224	4128594.3539	1.000
332194.9151	4128594.5081	1.000
332194.6221	4128594.6435	1.000
332194.3145	4128594.7791	1.000
332194.0068	4128594.9148	1.000
332193.6847	4128595.0692	1.000
332193.3921	4128595.2231	1.000
332193.0844	4128595.3587	1.000
332192.7915	4128595.4941	1.000
332192.4391	4128595.6122	1.000
332192.1610	4128595.7472	1.000
332191.8533	4128595.8829	1.000
332191.5456	4128596.0186	1.000
332191.2372	4128596.1172	1.000
332190.9147	4128596.2532	1.000
332190.6218	4128596.3886	1.000
332190.3293	4128596.5424	1.000
332190.0216	4128596.6781	1.000
332189.6988	4128596.7955	1.000
332189.3907	4128596.9127	1.000
332189.0978	4128597.0481	1.000
332188.7753	4128597.1840	1.000
332188.4821	4128597.3009	1.000
332188.1592	4128597.4184	1.000
332187.8659	4128597.5352	1.000
332187.5878	4128597.6703	1.000
332187.3093	4128597.7869	1.000
332187.0160	4128597.9038	1.000
332186.7227	4128598.0206	1.000
332186.4442	4128598.1372	1.000
332186.1661	4128598.2723	1.000
332185.8728	4128598.3891	1.000
332185.5943	4128598.5057	1.000
332185.3006	4128598.6041	1.000
332185.0369	4128598.7204	1.000
332184.7436	4128598.8373	1.000
332184.4795	4128598.9350	1.000
332184.1859	4128599.0334	1.000
332183.9218	4128599.1312	1.000
332183.6724	4128599.2287	1.000
332183.3939	4128599.3453	1.000
332183.1298	4128599.4431	1.000
332182.8210	4128599.5232	1.000
332182.5270	4128599.6031	1.000
332182.2034	4128599.6836	1.000
332181.8946	4128599.7638	1.000
332181.6147	4128599.8064	1.000
332181.2900	4128599.8314	1.000
332181.0096	4128599.8555	1.000
332180.6849	4128599.8805	1.000
332180.3890	4128599.8679	1.000
332180.0784	4128599.8557	1.000
332179.7825	4128599.8431	1.000
332179.4870	4128599.8490	1.000
332179.1764	4128599.8367	1.000
332178.8949	4128599.8054	1.000
332178.6131	4128599.7555	1.000
332178.3312	4128599.7057	1.000
332178.0490	4128599.6373	1.000
332177.7524	4128599.5878	1.000
332177.4846	4128599.5006	1.000
332177.2016	4128599.3953	1.000
332176.9486	4128599.3078	1.000
332176.6948	4128599.1834	1.000
332176.4411	4128599.0590	1.000
332176.1725	4128598.9349	1.000
332175.9184	4128598.7920	1.000
332175.6650	4128598.6861	1.000
332175.4108	4128598.5431	1.000
332175.1711	4128598.3815	1.000
332174.9314	4128598.2198	1.000
332174.7060	4128598.0393	1.000
332174.4663	4128597.8776	1.000
332174.2114	4128597.6977	1.000
332173.9713	4128597.5175	1.000
332173.7308	4128597.3188	1.000
332173.5347	4128597.1192	1.000
332173.3385	4128596.9197	1.000
332173.1272	4128596.7019	1.000
332172.9455	4128596.4835	1.000
332172.7630	4128596.2282	1.000
332172.5812	4128596.0098	1.000
332172.3991	4128595.7730	1.000
332172.2174	4128595.5546	1.000
332172.0504	4128595.3360	1.000
332171.8683	4128595.0991	1.000
332171.6862	4128594.8623	1.000
332171.5188	4128594.6251	1.000
332171.3666	4128594.4062	1.000
332171.2133	4128594.1317	1.000
332171.0755	4128593.8940	1.000
332170.9233	4128593.6750	1.000
332170.7412	4128593.4382	1.000
332170.5739	4128593.2010	1.000
332170.4058	4128592.9269	1.000
332170.2385	4128592.6898	1.000
332170.0711	4128592.4526	1.000
332169.8886	4128592.1973	1.000
332169.7505	4128591.9410	1.000
332169.6119	4128591.6663	1.000
332169.4590	4128591.4104	1.000
332169.3057	4128591.1360	1.000
332169.1668	4128590.8427	1.000
332169.0430	4128590.5677	1.000
332168.9041	4128590.2745	1.000
332168.7512	4128590.0186	1.000
332168.5835	4128589.7629	1.000
332168.4745	4128589.4876	1.000
332168.3648	4128589.1753	1.000
332168.2410	4128588.9003	1.000
332168.1173	4128588.6253	1.000
332167.9492	4128588.3511	1.000
332167.8258	4128588.0946	1.000
332167.7020	4128587.8196	1.000
332167.5635	4128587.5449	1.000
332167.4253	4128587.2886	1.000
332167.2720	4128587.0142	1.000
332167.1486	4128586.7577	1.000
332167.0245	4128586.4642	1.000
332166.8863	4128586.2079	1.000
332166.7330	4128585.9335	1.000
332166.5797	4128585.6591	1.000
332166.4412	4128585.3844	1.000
332166.2875	4128585.0914	1.000
332166.1342	4128584.8170	1.000
332165.9658	4128584.5244	1.000
332165.8128	4128584.2684	1.000
332165.6891	4128583.9934	1.000
332165.5653	4128583.7184	1.000
332165.4268	4128583.4437	1.000
332165.2735	4128583.1693	1.000
332165.1501	4128582.9127	1.000
332165.0119	4128582.6565	1.000
332164.8878	4128582.3630	1.000
332164.7496	4128582.1067	1.000
332164.6111	4128581.8320	1.000
332164.4873	4128581.5570	1.000
332164.3636	4128581.2820	1.000
332164.2690	4128580.9879	1.000
332164.1449	4128580.6944	1.000
332164.0060	4128580.4011	1.000
332163.8970	4128580.1258	1.000
332163.7725	4128579.8138	1.000
332163.6340	4128579.5391	1.000
332163.4954	4128579.2644	1.000
332163.3565	4128578.9712	1.000
332163.2475	4128578.6958	1.000
332163.1230	4128578.3838	1.000
332162.9697	4128578.1094	1.000
332162.8456	4128577.8159	1.000
332162.7363	4128577.5221	1.000
332162.6269	4128577.2283	1.000
332162.5320	4128576.9157	1.000
332162.4226	4128576.6219	1.000
332162.3280	4128576.3278	1.000
332162.2187	4128576.0340	1.000
332162.1241	4128575.7399	1.000
332162.0443	4128575.4455	1.000
332161.9645	4128575.1511	1.000
332161.8987	4128574.8194	1.000
332161.8189	4128574.5250	1.000
332161.7532	4128574.1933	1.000
332161.6737	4128573.9174	1.000
332161.5935	4128573.6045	1.000
332161.5437	4128573.3280	1.000
332161.4934	4128573.0330	1.000
332161.4136	4128572.7386	1.000
332161.3637	4128572.4621	1.000
332161.3135	4128572.1671	1.000
332161.2784	4128571.8903	1.000
332161.2580	4128571.6132	1.000
332161.2229	4128571.3364	1.000
332161.2178	4128571.0775	1.000
332161.1974	4128570.8004	1.000
332161.2066	4128570.5228	1.000
332161.2162	4128570.2636	1.000
332161.2853	4128570.0217	1.000
332161.3544	4128569.7798	1.000
332161.4238	4128569.5564	1.000
332161.5076	4128569.3142	1.000
332161.5774	4128569.1093	1.000
332161.6472	4128568.9044	1.000
332161.7322	4128568.7177	1.000
332161.8164	4128568.4941	1.000
332161.9157	4128568.2886	1.000
332162.1000	4128567.8964	1.000
332162.1846	4128567.6912	1.000
332162.2540	4128567.4678	1.000
332162.4118	4128567.2241	1.000
332162.5255	4128566.9999	1.000
332162.6393	4128566.7756	1.000
332162.7386	4128566.5701	1.000
332162.8380	4128566.3646	1.000
332162.9968	4128566.1764	1.000
332163.1265	4128566.0073	1.000
332163.3004	4128565.8374	1.000
332163.4445	4128565.6495	1.000
332163.5885	4128565.4616	1.000
332163.7776	4128565.3098	1.000
332163.9668	4128565.1580	1.000
332164.1404	4128564.9695	1.000
332164.3143	4128564.7996	1.000
332164.4731	4128564.6114	1.000
332164.6763	4128564.4223	1.000
332164.8798	4128564.2517	1.000
332165.0822	4128564.0257	1.000
332165.2706	4128563.8369	1.000
332165.4590	4128563.6481	1.000
332165.7072	4128563.4952	1.000
332165.8956	4128563.3064	1.000
332166.0983	4128563.0988	1.000
332166.3170	4128562.9465	1.000
332166.5497	4128562.7568	1.000
332166.8430	4128562.6399	1.000
332167.0916	4128562.5054	1.000
332167.3549	4128562.3707	1.000
332167.6035	4128562.2362	1.000
332167.8669	4128562.1014	1.000
332168.1155	4128561.9669	1.000
332168.3789	4128561.8322	1.000
332168.6271	4128561.6792	1.000
332168.8605	4128561.5265	1.000
332169.1087	4128561.3736	1.000
332169.3573	4128561.2391	1.000
332169.5760	4128561.0867	1.000
332169.8238	4128560.9152	1.000
332170.0584	4128560.8180	1.000
332170.3517	4128560.7012	1.000
332170.6305	4128560.6031	1.000
332170.9094	4128560.5050	1.000
332171.1728	4128560.3702	1.000
332171.4513	4128560.2536	1.000
332171.7597	4128560.1550	1.000
332172.0238	4128560.0572	1.000
332172.2879	4128559.9594	1.000
332172.5509	4128559.8061	1.000
332172.8143	4128559.6714	1.000
332173.1076	4128559.5545	1.000
332173.4009	4128559.4376	1.000
332173.6642	4128559.3028	1.000
332173.9272	4128559.1496	1.000
332174.1758	4128559.0151	1.000
332174.4395	4128558.8988	1.000
332174.6885	4128558.7828	1.000
332174.9227	4128558.6671	1.000
332175.1857	4128558.5139	1.000
332175.4202	4128558.4167	1.000
332175.6991	4128558.3186	1.000
332175.9625	4128558.1838	1.000
332176.2258	4128558.0490	1.000
332176.4884	4128557.8773	1.000
332176.7673	4128557.7792	1.000
332177.0754	4128557.6620	1.000
332177.3546	4128557.5824	1.000
332177.6483	4128557.4841	1.000
332177.9408	4128557.3302	1.000
332178.2341	4128557.2133	1.000
332178.5569	4128557.0959	1.000
332178.8207	4128556.9796	1.000
332179.0992	4128556.8630	1.000
332179.3770	4128556.7094	1.000
332179.6558	4128556.6114	1.000
332179.9347	4128556.5133	1.000
332180.1833	4128556.3788	1.000
332180.4315	4128556.2258	1.000
332180.6949	4128556.0911	1.000
332180.9435	4128555.9566	1.000
332181.2371	4128555.8582	1.000
332181.5160	4128555.7601	1.000
332181.7650	4128555.6441	1.000
332182.0283	4128555.5094	1.000
332182.2924	4128555.4116	1.000
332182.5558	4128555.2768	1.000
332182.8347	4128555.1787	1.000
332183.1135	4128555.0806	1.000
332183.3917	4128554.9456	1.000
332183.6702	4128554.8290	1.000
332184.0078	4128554.7112	1.000
332184.3166	4128554.6310	1.000
332184.5803	4128554.5148	1.000
332184.8733	4128554.3794	1.000
332185.1518	4128554.2628	1.000
332185.4450	4128554.1459	1.000
332185.7391	4128554.0661	1.000
332186.0028	4128553.9498	1.000
332186.2806	4128553.7962	1.000
332186.5591	4128553.6796	1.000
332186.8376	4128553.5631	1.000
332187.1157	4128553.4280	1.000
332187.3647	4128553.3120	1.000
332187.6576	4128553.1766	1.000
332187.9217	4128553.0788	1.000
332188.2006	4128552.9808	1.000
332188.4495	4128552.8648	1.000
332188.6985	4128552.7488	1.000
332188.9914	4128552.6134	1.000
332189.2551	4128552.4972	1.000
332189.5488	4128552.3988	1.000
332189.8125	4128552.2825	1.000
332190.0763	4128552.1662	1.000
332190.3696	4128552.0493	1.000
332190.6484	4128551.9513	1.000
332190.9713	4128551.8338	1.000
332191.2501	4128551.7357	1.000
332191.5438	4128551.6373	1.000
332191.8371	4128551.5205	1.000
332192.1008	4128551.4042	1.000
332192.3790	4128551.2691	1.000
332192.6427	4128551.1528	1.000
332192.9212	4128551.0362	1.000
332193.1993	4128550.9012	1.000
332193.4926	4128550.7843	1.000
332193.8003	4128550.6486	1.000
332194.0785	4128550.5136	1.000
332194.3566	4128550.3785	1.000
332194.6347	4128550.2434	1.000
332194.9276	4128550.1081	1.000
332195.2209	4128549.9912	1.000
332195.4839	4128549.8379	1.000
332195.7768	4128549.7026	1.000
332196.0406	4128549.5863	1.000
332196.3486	4128549.4691	1.000
332196.6722	4128549.3886	1.000
332196.9655	4128549.2718	1.000
332197.2732	4128549.1361	1.000
332197.5369	4128549.0198	1.000
332197.8601	4128548.9209	1.000
332198.1682	4128548.8037	1.000
332198.4615	4128548.6868	1.000
332198.7544	4128548.5515	1.000
332199.0333	4128548.4534	1.000
332199.3421	4128548.3732	1.000
332199.6350	4128548.2378	1.000
332199.9283	4128548.1210	1.000
332200.2363	4128548.0038	1.000
332200.5599	4128547.9233	1.000
332200.8827	4128547.8058	1.000
332201.1612	4128547.6893	1.000
332201.4693	4128547.5721	1.000
332201.7630	4128547.4737	1.000
332202.0710	4128547.3566	1.000
332202.3946	4128547.2761	1.000
332202.7026	4128547.1589	1.000
332202.9956	4128547.0235	1.000
332203.2888	4128546.9067	1.000
332203.6117	4128546.7892	1.000
332203.8902	4128546.6726	1.000
332204.1975	4128546.5185	1.000
332204.5056	4128546.4013	1.000
332204.7989	4128546.2844	1.000
332205.1217	4128546.1670	1.000
332205.4146	4128546.0316	1.000
332205.7079	4128545.9147	1.000
332206.0156	4128545.7791	1.000
332206.3536	4128545.6798	1.000
332206.6468	4128545.5629	1.000
332206.9398	4128545.4276	1.000
332207.2327	4128545.2922	1.000
332207.5260	4128545.1753	1.000
332207.8192	4128545.0585	1.000
332208.0974	4128544.9234	1.000
332208.3755	4128544.7883	1.000
332208.6828	4128544.6342	1.000
332208.9765	4128544.5358	1.000
332209.2990	4128544.3999	1.000
332209.5922	4128544.2830	1.000
332209.8999	4128544.1473	1.000
332210.2080	4128544.0302	1.000
332210.5164	4128543.9315	1.000
332210.8245	4128543.8143	1.000
332211.1026	4128543.6792	1.000
332211.4103	4128543.5436	1.000
332211.7032	4128543.4082	1.000
332212.0264	4128543.3092	1.000
332212.3493	4128543.1918	1.000
332212.6126	4128543.0570	1.000
332212.9055	4128542.9216	1.000
332213.2136	4128542.8045	1.000
332213.5065	4128542.6691	1.000
332213.8146	4128542.5519	1.000
332214.1075	4128542.4166	1.000
332214.4004	4128542.2812	1.000
332214.6789	4128542.1646	1.000
332214.9866	4128542.0290	1.000
332215.2799	4128541.9121	1.000
332215.5580	4128541.7770	1.000
332215.8661	4128541.6599	1.000
332216.1594	4128541.5430	1.000
332216.4678	4128541.4443	1.000
332216.7460	4128541.3093	1.000
332217.0392	4128541.1924	1.000
332217.3174	4128541.0573	1.000
332217.6258	4128540.9587	1.000
332217.9339	4128540.8415	1.000
332218.1972	4128540.7067	1.000
332218.5053	4128540.5895	1.000
332218.7838	4128540.4730	1.000
332219.0919	4128540.3558	1.000
332219.3704	4128540.2392	1.000
332219.6640	4128540.1408	1.000
332219.9569	4128540.0055	1.000
332220.2355	4128539.8889	1.000
332220.5435	4128539.7717	1.000
332220.8217	4128539.6367	1.000
332221.1002	4128539.5201	1.000
332221.3934	4128539.4032	1.000
332221.6867	4128539.2864	1.000
332221.9952	4128539.1877	1.000
332222.2737	4128539.0711	1.000
332222.5670	4128538.9542	1.000
332222.8606	4128538.8559	1.000
332223.1687	4128538.7387	1.000
332223.4616	4128538.6033	1.000
332223.7549	4128538.4865	1.000
332224.0482	4128538.3696	1.000
332224.3570	4128538.2894	1.000
332224.6805	4128538.2089	1.000
332224.9746	4128538.1290	1.000
332225.2978	4128538.0301	1.000
332225.6066	4128537.9499	1.000
332225.8862	4128537.8888	1.000
332226.2101	4128537.8268	1.000
332226.4898	4128537.7657	1.000
332226.7997	4128537.7410	1.000
332227.0948	4128537.7166	1.000
332227.3903	4128537.7107	1.000
332227.6862	4128537.7233	1.000
332227.9806	4128537.6619	1.000
332228.2757	4128537.6375	1.000
332228.5428	4128537.6876	1.000
332228.8387	4128537.7002	1.000
332229.1349	4128537.7313	1.000
332229.4164	4128537.7626	1.000
332229.7130	4128537.8122	1.000
332229.9509	4128537.8814	1.000
332230.2335	4128537.9683	1.000
332230.5160	4128538.0551	1.000
332230.7842	4128538.1607	1.000
332231.0672	4128538.2661	1.000
332231.3065	4128538.4093	1.000
332231.5607	4128538.5522	1.000
332231.8141	4128538.6581	1.000
332232.0823	4128538.7637	1.000
332232.3065	4128538.8888	1.000
332232.5159	4128539.0141	1.000
332232.6966	4128539.1769	1.000
332232.8912	4128539.3025	1.000
332233.1011	4128539.4463	1.000
332233.2965	4128539.6089	1.000
332233.4627	4128539.7906	1.000
332233.6289	4128539.9723	1.000
332233.7952	4128540.1539	1.000
332233.9474	4128540.3729	1.000
332234.0988	4128540.5549	1.000
332234.2658	4128540.7735	1.000
332234.4324	4128540.9737	1.000
332234.6429	4128541.1545	1.000
332234.8239	4128541.3358	1.000
332234.9902	4128541.5175	1.000
332235.1280	4128541.7553	1.000
332235.2942	4128541.9369	1.000
332235.4460	4128542.1374	1.000
332235.6274	4128542.3373	1.000
332235.7933	4128542.5004	1.000
332235.9602	4128542.7191	1.000
332236.1265	4128542.9008	1.000
332236.2927	4128543.0824	1.000
332236.4589	4128543.2641	1.000
332236.6255	4128543.4643	1.000
332236.7777	4128543.6832	1.000
332236.9591	4128543.8831	1.000
332237.1405	4128544.0830	1.000
332237.3071	4128544.2831	1.000
332237.4744	4128544.5203	1.000
332237.6262	4128544.7207	1.000
332237.8076	4128544.9206	1.000
332237.9894	4128545.1390	1.000
332238.1419	4128545.3764	1.000
332238.2945	4128545.6138	1.000
332238.4471	4128545.8513	1.000
332238.5848	4128546.0890	1.000
332238.7522	4128546.3262	1.000
332238.9047	4128546.5636	1.000
332239.0577	4128546.8196	1.000
332239.2247	4128547.0382	1.000
332239.4071	4128547.2936	1.000
332239.5597	4128547.5310	1.000
332239.7278	4128547.8051	1.000
332239.8508	4128548.0432	1.000
332240.0034	4128548.2806	1.000
332240.1711	4128548.5363	1.000
332240.3089	4128548.7740	1.000
332240.4474	4128549.0487	1.000
332240.6000	4128549.2862	1.000
332240.7529	4128549.5421	1.000
332240.9210	4128549.8162	1.000
332241.0447	4128550.0913	1.000
332241.1833	4128550.3660	1.000
332241.3218	4128550.6407	1.000
332241.4747	4128550.8966	1.000
332241.6277	4128551.1526	1.000
332241.7658	4128551.4088	1.000
332241.9044	4128551.6835	1.000
332242.0577	4128551.9580	1.000
332242.1958	4128552.2142	1.000
332242.2897	4128552.4713	1.000
332242.4286	4128552.7645	1.000
332242.5660	4128552.9838	1.000
332242.7185	4128553.2212	1.000
332242.8715	4128553.4772	1.000
332243.0240	4128553.7146	1.000
332243.1770	4128553.9706	1.000
332243.3292	4128554.1895	1.000
332243.4965	4128554.4267	1.000
332243.6347	4128554.6829	1.000
332243.7437	4128554.9582	1.000
332243.8818	4128555.2144	1.000
332244.0348	4128555.4704	1.000
332244.1437	4128555.7457	1.000
332244.2527	4128556.0210	1.000
332244.3765	4128556.2960	1.000
332244.4851	4128556.5529	1.000
332244.6088	4128556.8279	1.000
332244.7477	4128557.1211	1.000
332244.8124	4128557.3973	1.000
332244.8929	4128557.7287	1.000
332244.9871	4128558.0043	1.000
332245.0965	4128558.2981	1.000
332245.1911	4128558.5922	1.000
332245.2712	4128558.9051	1.000
332245.3514	4128559.2180	1.000
332245.4456	4128559.4936	1.000
332245.5553	4128559.8059	1.000
332245.6203	4128560.1006	1.000
332245.7005	4128560.4135	1.000
332245.7803	4128560.7079	1.000
332245.8893	4128560.9832	1.000
332245.9990	4128561.2955	1.000
332246.0940	4128561.6081	1.000
332246.1889	4128561.9207	1.000
332246.2691	4128562.2336	1.000
332246.3788	4128562.5459	1.000
332246.4741	4128562.8770	1.000
332246.5550	4128563.2269	1.000
332246.6215	4128563.5955	1.000
332246.6877	4128563.9457	1.000
332246.7542	4128564.3144	1.000
332246.8347	4128564.6458	1.000
332246.8717	4128565.0150	1.000
332246.9086	4128565.3843	1.000
332246.9441	4128565.6796	1.000
332246.9507	4128566.0124	1.000
332246.9578	4128566.3638	1.000
332246.9497	4128566.6970	1.000
332246.9268	4128567.0304	1.000
332246.9043	4128567.3824	1.000
332246.8518	4128567.7164	1.000
332246.7695	4128568.0326	1.000
332246.6576	4128568.3493	1.000
332246.5453	4128568.6475	1.000
332246.4326	4128568.9273	1.000
332246.3045	4128569.1704	1.000
332246.1759	4128569.3949	1.000
332246.0031	4128569.6204	1.000
332245.8900	4128569.8817	1.000
332245.7619	4128570.1247	1.000
332245.6031	4128570.3129	1.000
332245.4590	4128570.5008	1.000
332245.3002	4128570.6890	1.000
332245.1713	4128570.8950	1.000
332245.0276	4128571.1014	1.000
332244.8684	4128571.2711	1.000
332244.6941	4128571.4226	1.000
332244.5053	4128571.5929	1.000
332244.3313	4128571.7628	1.000
332244.1433	4128571.9701	1.000
332243.9701	4128572.1771	1.000
332243.7374	4128572.3667	1.000
332243.5339	4128572.5373	1.000
332243.3311	4128572.7449	1.000
332243.1135	4128572.9527	1.000
332242.9248	4128573.1230	1.000
332242.6917	4128573.2942	1.000
332242.4882	4128573.4647	1.000
332242.2847	4128573.6353	1.000
332242.0671	4128573.8432	1.000
332241.8636	4128574.0137	1.000
332241.6305	4128574.1849	1.000
332241.4266	4128574.3370	1.000
332241.1939	4128574.5266	1.000
332240.9605	4128574.6793	1.000
332240.7123	4128574.8323	1.000
332240.4341	4128574.9673	1.000
332240.1863	4128575.1388	1.000
332239.9233	4128575.2921	1.000
332239.6751	4128575.4450	1.000
332239.3969	4128575.5801	1.000
332239.1631	4128575.7143	1.000
332238.9001	4128575.8675	1.000
332238.6519	4128576.0205	1.000
332238.3885	4128576.1553	1.000
332238.1100	4128576.2719	1.000
332237.8766	4128576.4245	1.000
332237.6132	4128576.5593	1.000
332237.3502	4128576.7126	1.000
332237.0573	4128576.8479	1.000
332236.7936	4128576.9642	1.000
332236.5306	4128577.1175	1.000
332236.2676	4128577.2707	1.000
332236.0039	4128577.3870	1.000
332235.6962	4128577.5227	1.000
332235.4328	4128577.6574	1.000
332235.1550	4128577.8110	1.000
332234.8621	4128577.9464	1.000
332234.5840	4128578.0814	1.000
332234.2907	4128578.1983	1.000
332234.0273	4128578.3331	1.000
332233.7348	4128578.4869	1.000
332233.4563	4128578.6035	1.000
332233.1486	4128578.7392	1.000
332232.8561	4128578.8930	1.000
332232.5635	4128579.0469	1.000
332232.2562	4128579.2010	1.000
332231.9629	4128579.3179	1.000
332231.6549	4128579.4351	1.000
332231.3919	4128579.5883	1.000
332231.0993	4128579.7422	1.000
332230.8068	4128579.8960	1.000
332230.5150	4128580.0869	1.000
332230.2228	4128580.2592	1.000
332229.9458	4128580.4498	1.000
332229.6691	4128580.6588	1.000
332229.4216	4128580.8488	1.000
332229.1306	4128581.0766	1.000
332228.8835	4128581.2850	1.000
332228.6663	4128581.5114	1.000
332228.4495	4128581.7562	1.000
332228.2618	4128581.9820	1.000
332228.0746	4128582.2262	1.000
332227.9316	4128582.4696	1.000
332227.7891	4128582.7314	1.000
332227.6620	4128583.0300	1.000
332227.5342	4128583.2915	1.000
332227.3920	4128583.5719	1.000
332227.2934	4128583.8144	1.000
332227.1952	4128584.0753	1.000
332227.0969	4128584.3363	1.000
332227.0138	4128584.6155	1.000
332226.9448	4128584.8573	1.000
332226.9204	4128585.1168	1.000
332226.8964	4128585.3948	1.000
332226.8720	4128585.6543	1.000
332226.8632	4128585.9505	1.000
332226.8687	4128586.2279	1.000
332226.8891	4128586.5049	1.000
332226.9242	4128586.7817	1.000
332226.9293	4128587.0406	1.000
332226.9648	4128587.3359	1.000
332226.9992	4128587.5757	1.000
332227.0930	4128587.8329	1.000
332227.1569	4128588.0721	1.000
332227.2352	4128588.2925	1.000
332227.3283	4128588.5126	1.000
332227.5570	4128588.8596	1.000
332227.6497	4128589.0612	1.000
332227.7576	4128589.2810	1.000
332227.8802	4128589.5006	1.000
332228.1968	4128589.8087	1.000
332228.3475	4128589.9537	1.000
332228.4986	4128590.1172	1.000
332228.7705	4128590.4078	1.000
332228.9360	4128590.5524	1.000
332229.2370	4128590.8239	1.000
332229.5654	4128590.9838	1.000
332229.9086	4128591.1435	1.000
332230.0877	4128591.2324	1.000
332230.4158	4128591.3738	1.000
332230.6093	4128591.4439	1.000
332230.7885	4128591.5329	1.000
332231.1457	4128591.6552	1.000
332231.5173	4128591.7588	1.000
332231.7249	4128591.7916	1.000
332232.1101	4128591.8394	1.000
332232.5249	4128591.8866	1.000
332232.7621	4128591.9188	1.000
332233.1762	4128591.9290	1.000
332233.3834	4128591.9434	1.000
332233.5906	4128591.9578	1.000
332233.8274	4128591.9715	1.000
332234.2404	4128591.9262	1.000
332234.4620	4128591.9218	1.000
332234.6980	4128591.8986	1.000
332234.9344	4128591.8938	1.000
332235.1557	4128591.8709	1.000
332235.3913	4128591.8292	1.000
332235.6281	4128591.8430	1.000
332235.8789	4128591.8194	1.000
332236.1146	4128591.7777	1.000
332236.3355	4128591.7363	1.000
332236.5859	4128591.6943	1.000
332236.8075	4128591.6899	1.000
332237.0875	4128591.6472	1.000
332237.3228	4128591.5870	1.000
332237.5877	4128591.5262	1.000
332237.8377	4128591.4657	1.000
332238.1033	4128591.4419	1.000
332238.3826	4128591.3623	1.000
332238.6470	4128591.2830	1.000
332238.8975	4128591.2410	1.000
332239.1328	4128591.1808	1.000
332239.3976	4128591.1200	1.000
332239.6625	4128591.0592	1.000
332239.9269	4128590.9799	1.000
332240.2062	4128590.9003	1.000
332240.4566	4128590.8583	1.000
332240.7362	4128590.7972	1.000
332241.0151	4128590.6991	1.000
332241.2796	4128590.6198	1.000
332241.5736	4128590.5399	1.000
332241.8529	4128590.4604	1.000
332242.1469	4128590.3805	1.000
332242.4114	4128590.3012	1.000
332242.6902	4128590.2031	1.000
332242.9547	4128590.1238	1.000
332243.2487	4128590.0439	1.000
332243.5431	4128589.9825	1.000
332243.8072	4128589.8847	1.000
332244.1009	4128589.7864	1.000
332244.3805	4128589.7253	1.000
332244.6749	4128589.6639	1.000
332244.9689	4128589.5840	1.000
332245.2622	4128589.4671	1.000
332245.5703	4128589.3499	1.000
332245.8639	4128589.2516	1.000
332246.1871	4128589.1526	1.000
332246.4811	4128589.0727	1.000
332246.7600	4128588.9746	1.000
332247.0537	4128588.8763	1.000
332247.3329	4128588.7967	1.000
332247.6421	4128588.7350	1.000
332247.9062	4128588.6372	1.000
332248.1999	4128588.5388	1.000
332248.4647	4128588.4780	1.000
332248.7587	4128588.3981	1.000
332249.0531	4128588.3367	1.000
332249.3320	4128588.2387	1.000
332249.6253	4128588.1218	1.000
332249.9193	4128588.0419	1.000
332250.2429	4128587.9614	1.000
332250.5365	4128587.8630	1.000
332250.8006	4128587.7653	1.000
332251.0943	4128587.6669	1.000
332251.3588	4128587.5876	1.000
332251.6380	4128587.5080	1.000
332251.9320	4128587.4281	1.000
332252.1821	4128587.3676	1.000
332252.4614	4128587.2880	1.000
332252.7262	4128587.2272	1.000
332253.0202	4128587.1473	1.000
332253.3006	4128587.1232	1.000
332253.5802	4128587.0621	1.000
332253.8598	4128587.0010	1.000
332254.1254	4128586.9772	1.000
332254.4061	4128586.9716	1.000
332254.6869	4128586.9660	1.000
332254.9380	4128586.9609	1.000
332255.2040	4128586.9556	1.000
332255.4552	4128586.9506	1.000
332255.7060	4128586.9271	1.000
332255.9727	4128586.9587	1.000
332256.2091	4128586.9540	1.000
