332268.8270	4128600.7244	1.000
332268.6046	4128600.6918	1.000
332268.3981	4128600.7144	1.000
332268.1924	4128600.7741	1.000
332267.9870	4128600.8522	1.000
332267.7229	4128600.9500	1.000
332267.5027	4128601.0284	1.000
332267.2534	4128601.1259	1.000
332266.9893	4128601.2236	1.000
332266.6813	4128601.3408	1.000
332262.0242	4128603.5060	1.000
332261.7896	4128603.6032	1.000
332261.5108	4128603.7013	1.000
332261.2027	4128603.8184	1.000
332260.9094	4128603.9353	1.000
332260.6158	4128604.0337	1.000
332260.3373	4128604.1503	1.000
332260.0436	4128604.2486	1.000
332259.7799	4128604.3649	1.000
332259.5010	4128604.4630	1.000
332259.2225	4128604.5796	1.000
332258.9436	4128604.6777	1.000
332258.6651	4128604.7942	1.000
332258.3862	4128604.8923	1.000
332258.0926	4128604.9907	1.000
332257.8285	4128605.0885	1.000
332257.5352	4128605.2053	1.000
332257.2567	4128605.3219	1.000
332256.9634	4128605.4388	1.000
332256.6849	4128605.5554	1.000
332256.3768	4128605.6725	1.000
332256.0835	4128605.7894	1.000
332255.7903	4128605.9063	1.000
332255.5413	4128606.0223	1.000
332255.2920	4128606.1197	1.000
332255.0282	4128606.2360	1.000
332254.7638	4128606.3153	1.000
332254.4993	4128606.3946	1.000
332254.2352	4128606.4924	1.000
332253.9711	4128606.5902	1.000
332253.7074	4128606.7065	1.000
332253.4433	4128606.8042	1.000
332253.1795	4128606.9205	1.000
332252.9010	4128607.0371	1.000
332252.6225	4128607.1537	1.000
332252.3433	4128607.2333	1.000
332252.0644	4128607.3313	1.000
332251.7855	4128607.4294	1.000
332251.5063	4128607.5090	1.000
332251.1975	4128607.5892	1.000
332250.8887	4128607.6694	1.000
332250.5799	4128607.7496	1.000
332250.2711	4128607.8297	1.000
332249.9623	4128607.9099	1.000
332249.6531	4128607.9716	1.000
332249.3591	4128608.0515	1.000
332249.0802	4128608.1496	1.000
332248.7865	4128608.2480	1.000
332248.4929	4128608.3463	1.000
332248.1992	4128608.4447	1.000
332247.9060	4128608.5616	1.000
332247.6127	4128608.6785	1.000
332247.3042	4128608.7771	1.000
332247.0110	4128608.8940	1.000
332246.7177	4128609.0109	1.000
332246.4244	4128609.1277	1.000
332246.1167	4128609.2634	1.000
332245.8094	4128609.4175	1.000
332245.5013	4128609.5347	1.000
332245.1936	4128609.6704	1.000
332244.9007	4128609.8057	1.000
332244.6078	4128609.9411	1.000
332244.3293	4128610.0577	1.000
332244.0512	4128610.1927	1.000
332243.7579	4128610.3096	1.000
332243.4794	4128610.4262	1.000
332243.2156	4128610.5425	1.000
332242.9368	4128610.6405	1.000
332242.6431	4128610.7389	1.000
332242.3642	4128610.8370	1.000
332242.0706	4128610.9354	1.000
332241.7766	4128611.0153	1.000
332241.4977	4128611.1134	1.000
332241.1896	4128611.2305	1.000
332240.8960	4128611.3289	1.000
332240.5879	4128611.4461	1.000
332240.2943	4128611.5444	1.000
332239.9858	4128611.6431	1.000
332239.6778	4128611.7603	1.000
332239.3841	4128611.8587	1.000
332239.0757	4128611.9573	1.000
332238.7676	4128612.0745	1.000
332238.4596	4128612.1917	1.000
332238.1367	4128612.3091	1.000
332237.8283	4128612.4078	1.000
332237.5203	4128612.5250	1.000
332237.2118	4128612.6236	1.000
332236.9041	4128612.7593	1.000
332236.5961	4128612.8765	1.000
332236.2880	4128612.9936	1.000
332235.9800	4128613.1108	1.000
332235.6867	4128613.2277	1.000
332235.3783	4128613.3263	1.000
332235.0702	4128613.4435	1.000
332234.7618	4128613.5422	1.000
332234.4238	4128613.6415	1.000
332234.1010	4128613.7589	1.000
332233.7781	4128613.8764	1.000
332233.4701	4128613.9935	1.000
332233.1620	4128614.1107	1.000
332232.8244	4128614.2285	1.000
332232.5160	4128614.3271	1.000
332232.1928	4128614.4261	1.000
332231.8847	4128614.5433	1.000
332231.5615	4128614.6422	1.000
332231.2535	4128614.7594	1.000
332230.9158	4128614.8772	1.000
332230.6078	4128614.9943	1.000
332230.2997	4128615.1115	1.000
332229.9773	4128615.2475	1.000
332229.6692	4128615.3646	1.000
332229.3612	4128615.4818	1.000
332229.0675	4128615.5802	1.000
332228.7450	4128615.7161	1.000
332228.4078	4128615.8524	1.000
332228.0702	4128615.9701	1.000
332227.7618	4128616.0688	1.000
332227.4537	4128616.1860	1.000
332227.1309	4128616.3034	1.000
332226.8228	4128616.4206	1.000
332226.5144	4128616.5193	1.000
332226.2207	4128616.6177	1.000
332225.8979	4128616.7351	1.000
332225.5751	4128616.8526	1.000
332225.2666	4128616.9513	1.000
332224.9586	4128617.0684	1.000
332224.6505	4128617.1856	1.000
332224.3569	4128617.2840	1.000
332224.0636	4128617.4008	1.000
332223.7552	4128617.4995	1.000
332223.4471	4128617.6167	1.000
332223.1391	4128617.7339	1.000
332222.8454	4128617.8322	1.000
332222.5665	4128617.9303	1.000
332222.2876	4128618.0284	1.000
332221.9796	4128618.1456	1.000
332221.7007	4128618.2436	1.000
332221.4071	4128618.3420	1.000
332221.1278	4128618.4216	1.000
332220.8633	4128618.5009	1.000
332220.5697	4128618.5993	1.000
332220.2904	4128618.6789	1.000
332219.9960	4128618.7403	1.000
332219.7312	4128618.8011	1.000
332219.4671	4128618.8989	1.000
332219.1882	4128618.9969	1.000
332218.8946	4128619.0953	1.000
332218.6157	4128619.1934	1.000
332218.3368	4128619.2915	1.000
332218.0435	4128619.4084	1.000
332217.7499	4128619.5067	1.000
332217.4415	4128619.6054	1.000
332217.1186	4128619.7229	1.000
332216.7958	4128619.8403	1.000
332216.4730	4128619.9578	1.000
332216.1498	4128620.0568	1.000
332215.8417	4128620.1739	1.000
332215.5045	4128620.3102	1.000
332215.1816	4128620.4277	1.000
332214.8588	4128620.5451	1.000
332214.5504	4128620.6438	1.000
332214.2427	4128620.7795	1.000
332213.9346	4128620.8966	1.000
332213.6114	4128620.9956	1.000
332213.3178	4128621.0940	1.000
332213.0241	4128621.1923	1.000
332212.7452	4128621.2904	1.000
332212.4368	4128621.3891	1.000
332212.1432	4128621.4875	1.000
332211.8351	4128621.6047	1.000
332211.5418	4128621.7215	1.000
332211.2190	4128621.8390	1.000
332210.8962	4128621.9565	1.000
332210.5593	4128622.1112	1.000
332210.2512	4128622.2284	1.000
332209.9136	4128622.3461	1.000
332209.5908	4128622.4636	1.000
332209.2388	4128622.6001	1.000
332208.8868	4128622.7367	1.000
332208.5495	4128622.8729	1.000
332208.2119	4128622.9907	1.000
332207.8743	4128623.1085	1.000
332207.5663	4128623.2256	1.000
332207.2434	4128623.3431	1.000
332206.9199	4128623.4236	1.000
332206.5970	4128623.5410	1.000
332206.2746	4128623.6770	1.000
332205.9517	4128623.7944	1.000
332205.6440	4128623.9301	1.000
332205.3216	4128624.0661	1.000
332204.9987	4128624.1835	1.000
332204.6907	4128624.3007	1.000
332204.3679	4128624.4182	1.000
332204.0447	4128624.5171	1.000
332203.7070	4128624.6349	1.000
332203.3842	4128624.7523	1.000
332203.0462	4128624.8516	1.000
332202.7378	4128624.9503	1.000
332202.3854	4128625.0683	1.000
332202.0622	4128625.1673	1.000
332201.7239	4128625.2481	1.000
332201.3855	4128625.3289	1.000
332201.0468	4128625.3911	1.000
332200.7229	4128625.4531	1.000
332200.3841	4128625.5154	1.000
332200.0303	4128625.5595	1.000
332199.6616	4128625.6039	1.000
332199.2923	4128625.6113	1.000
332198.9229	4128625.6187	1.000
332198.5679	4128625.6073	1.000
332198.1978	4128625.5777	1.000
332197.8417	4128625.5108	1.000
332197.4708	4128625.4443	1.000
332197.1292	4128625.3586	1.000
332196.7871	4128625.2544	1.000
332196.4598	4128625.1500	1.000
332196.1318	4128625.0086	1.000
332195.8182	4128624.8483	1.000
332195.5194	4128624.6878	1.000
332195.2054	4128624.5091	1.000
332194.9202	4128624.2928	1.000
332194.6351	4128624.0765	1.000
332194.3643	4128623.8415	1.000
332194.1079	4128623.5876	1.000
332193.8663	4128623.3334	1.000
332193.6392	4128623.0605	1.000
332193.4120	4128622.7875	1.000
332193.1996	4128622.5143	1.000
332193.0016	4128622.2223	1.000
332192.8036	4128621.9302	1.000
332192.6351	4128621.6376	1.000
332192.4667	4128621.3450	1.000
332192.2834	4128621.0526	1.000
332192.0998	4128620.7418	1.000
332191.9458	4128620.4304	1.000
332191.7917	4128620.1190	1.000
332191.6225	4128619.7894	1.000
332191.4685	4128619.4780	1.000
332191.3145	4128619.1666	1.000
332191.1456	4128618.8554	1.000
332190.9916	4128618.5440	1.000
332190.8375	4128618.2326	1.000
332190.6835	4128617.9212	1.000
332190.5294	4128617.6098	1.000
332190.3898	4128617.2796	1.000
332190.2358	4128616.9682	1.000
332190.0957	4128616.6195	1.000
332189.9561	4128616.2893	1.000
332189.8017	4128615.9594	1.000
332189.6920	4128615.6471	1.000
332189.5815	4128615.2978	1.000
332189.4714	4128614.9670	1.000
332189.3462	4128614.6180	1.000
332189.2361	4128614.2872	1.000
332189.1404	4128613.9376	1.000
332189.0451	4128613.6065	1.000
332188.9350	4128613.2757	1.000
332188.8397	4128612.9447	1.000
332188.7440	4128612.5951	1.000
332188.6483	4128612.2455	1.000
332188.5378	4128611.8962	1.000
332188.4274	4128611.5469	1.000
332188.3465	4128611.1970	1.000
332188.2807	4128610.8654	1.000
332188.2293	4128610.5149	1.000
332188.2075	4128610.1638	1.000
332188.2005	4128609.8125	1.000
332188.1934	4128609.4611	1.000
332188.1864	4128609.1098	1.000
332188.2233	4128608.7390	1.000
332188.2902	4128608.3862	1.000
332188.3869	4128608.0512	1.000
332188.4837	4128607.7163	1.000
332188.5952	4128607.3811	1.000
332188.7367	4128607.0637	1.000
332188.9073	4128606.7273	1.000
332189.0931	4128606.4091	1.000
332189.2789	4128606.0909	1.000
332189.4802	4128605.8094	1.000
332189.7110	4128605.5272	1.000
332189.9422	4128605.2636	1.000
332190.1731	4128604.9815	1.000
332190.4342	4128604.7358	1.000
332190.7105	4128604.5082	1.000
332190.9872	4128604.2992	1.000
332191.2782	4128604.0714	1.000
332191.5700	4128603.8805	1.000
332191.8914	4128603.6891	1.000
332192.1839	4128603.5352	1.000
332192.4909	4128603.3626	1.000
332192.7978	4128603.1899	1.000
332193.1055	4128603.0543	1.000
332193.4128	4128602.9001	1.000
332193.7201	4128602.7460	1.000
332194.0271	4128602.5733	1.000
332194.3492	4128602.4189	1.000
332194.6569	4128602.2832	1.000
332194.9642	4128602.1291	1.000
332195.2715	4128601.9749	1.000
332195.5940	4128601.8390	1.000
332195.9161	4128601.6845	1.000
332196.2237	4128601.5488	1.000
332196.5462	4128601.4129	1.000
332196.8690	4128601.2954	1.000
332197.2067	4128601.1777	1.000
332197.5450	4128601.0969	1.000
332197.8834	4128601.0161	1.000
332198.2516	4128600.9532	1.000
332198.6210	4128600.9459	1.000
332199.0055	4128600.9567	1.000
332199.3753	4128600.9677	1.000
332199.7458	4128601.0158	1.000
332200.1170	4128601.1009	1.000
332200.4886	4128601.2045	1.000
332200.8465	4128601.3638	1.000
332201.1901	4128601.5419	1.000
332201.4904	4128601.7764	1.000
332201.7763	4128602.0297	1.000
332202.0622	4128602.2829	1.000
332202.3337	4128602.5550	1.000
332202.5905	4128602.8274	1.000
332202.8180	4128603.1188	1.000
332203.0603	4128603.4099	1.000
332203.2883	4128603.7199	1.000
332203.4866	4128604.0304	1.000
332203.6846	4128604.3224	1.000
332203.8830	4128604.6330	1.000
332204.0958	4128604.9247	1.000
332204.3089	4128605.2349	1.000
332204.5073	4128605.5455	1.000
332204.6905	4128605.8378	1.000
332204.8741	4128606.1486	1.000
332205.0725	4128606.4591	1.000
332205.2557	4128606.7515	1.000
332205.4534	4128607.0250	1.000
332205.6805	4128607.2980	1.000
332205.9077	4128607.5709	1.000
332206.1201	4128607.8442	1.000
332206.3325	4128608.1174	1.000
332206.5889	4128608.3713	1.000
332206.8449	4128608.6066	1.000
332207.0861	4128608.8423	1.000
332207.3273	4128609.0780	1.000
332207.5829	4128609.2949	1.000
332207.8530	4128609.4930	1.000
332208.0938	4128609.7101	1.000
332208.3491	4128609.9085	1.000
332208.6187	4128610.0881	1.000
332208.9172	4128610.2301	1.000
332209.2153	4128610.3537	1.000
332209.5130	4128610.4587	1.000
332209.8100	4128610.5268	1.000
332210.1358	4128610.5572	1.000
332210.4464	4128610.5695	1.000
332210.7571	4128610.5818	1.000
332211.0666	4128610.5386	1.000
332211.3906	4128610.4766	1.000
332211.6997	4128610.4149	1.000
332212.0237	4128610.3529	1.000
332212.3325	4128610.2728	1.000
332212.6409	4128610.1741	1.000
332212.9490	4128610.0569	1.000
332213.2718	4128609.9395	1.000
332213.5946	4128609.8220	1.000
332213.9171	4128609.6860	1.000
332214.2396	4128609.5501	1.000
332214.5772	4128609.4323	1.000
332214.9000	4128609.3149	1.000
332215.2228	4128609.1974	1.000
332215.5302	4128609.0432	1.000
332215.8526	4128608.9073	1.000
332216.1751	4128608.7713	1.000
332216.4972	4128608.6169	1.000
332216.8344	4128608.4806	1.000
332217.1421	4128608.3450	1.000
332217.4797	4128608.2272	1.000
332217.8169	4128608.0910	1.000
332218.1546	4128607.9732	1.000
332218.4922	4128607.8554	1.000
332218.8298	4128607.7377	1.000
332219.1674	4128607.6199	1.000
332219.5194	4128607.4834	1.000
332219.8419	4128607.3474	1.000
332220.1787	4128607.1927	1.000
332220.5008	4128607.0382	1.000
332220.8225	4128606.8653	1.000
332221.1143	4128606.6744	1.000
332221.4058	4128606.4651	1.000
332221.6680	4128606.2749	1.000
332221.9295	4128606.0476	1.000
332222.1763	4128605.8207	1.000
332222.4079	4128605.5756	1.000
332222.6099	4128605.3310	1.000
332222.7964	4128605.0498	1.000
332222.9826	4128604.7501	1.000
332223.1687	4128604.4503	1.000
332223.3106	4128604.1515	1.000
332223.4516	4128603.8157	1.000
332223.5787	4128603.5171	1.000
332223.7054	4128603.2001	1.000
332223.8321	4128602.8831	1.000
332223.9144	4128602.5669	1.000
332223.9816	4128602.2326	1.000
332224.0193	4128601.8988	1.000
332224.0422	4128601.5654	1.000
332224.0359	4128601.2510	1.000
332223.9993	4128600.9002	1.000
332223.9631	4128600.5679	1.000
332223.9265	4128600.2172	1.000
332223.8463	4128599.9043	1.000
332223.7362	4128599.5735	1.000
332223.6262	4128599.2427	1.000
332223.5161	4128598.9119	1.000
332223.3916	4128598.5999	1.000
332223.2667	4128598.2694	1.000
332223.1570	4128597.9571	1.000
332223.0317	4128597.6081	1.000
332222.9072	4128597.2961	1.000
332222.7680	4128596.9844	1.000
332222.5988	4128596.6548	1.000
332222.4595	4128596.3431	1.000
332222.3051	4128596.0132	1.000
332222.1511	4128595.7018	1.000
332221.9966	4128595.3718	1.000
332221.8721	4128595.0598	1.000
332221.7329	4128594.7481	1.000
332221.6084	4128594.4361	1.000
332221.4687	4128594.1059	1.000
332221.3439	4128593.7754	1.000
332221.2334	4128593.4261	1.000
332221.1233	4128593.0953	1.000
332220.9837	4128592.7651	1.000
332220.8440	4128592.4349	1.000
332220.7192	4128592.1044	1.000
332220.5651	4128591.7930	1.000
332220.4107	4128591.4631	1.000
332220.2711	4128591.1329	1.000
332220.1166	4128590.8030	1.000
332219.9766	4128590.4543	1.000
332219.8215	4128590.0874	1.000
332219.6663	4128589.7205	1.000
332219.5112	4128589.3536	1.000
332219.3556	4128588.9683	1.000
332219.2001	4128588.5829	1.000
332219.0294	4128588.1793	1.000
332218.8735	4128587.7754	1.000
332218.7180	4128587.3900	1.000
332218.5477	4128587.0049	1.000
332218.3925	4128586.6381	1.000
332218.2222	4128586.2530	1.000
332218.0667	4128585.8676	1.000
332217.9116	4128585.5007	1.000
332217.7712	4128585.1335	1.000
332217.6160	4128584.7666	1.000
332217.4760	4128584.4179	1.000
332217.3209	4128584.0510	1.000
332217.1509	4128583.6844	1.000
332216.9806	4128583.2993	1.000
332216.8255	4128582.9324	1.000
332216.6555	4128582.5659	1.000
332216.4708	4128582.1996	1.000
332216.2861	4128581.8333	1.000
332216.1165	4128581.4851	1.000
332215.9618	4128581.1367	1.000
332215.7774	4128580.7889	1.000
332215.6079	4128580.4408	1.000
332215.4523	4128580.0555	1.000
332215.2972	4128579.6886	1.000
332215.1424	4128579.3402	1.000
332215.0020	4128578.9730	1.000
332214.8768	4128578.6240	1.000
332214.7368	4128578.2753	1.000
332214.5820	4128577.9269	1.000
332214.4420	4128577.5782	1.000
332214.2868	4128577.2113	1.000
332214.1464	4128576.8441	1.000
332214.0064	4128576.4954	1.000
332213.8516	4128576.1470	1.000
332213.7116	4128575.7983	1.000
332213.5572	4128575.4684	1.000
332213.4172	4128575.1197	1.000
332213.2628	4128574.7898	1.000
332213.1080	4128574.4414	1.000
332212.9680	4128574.0927	1.000
332212.8135	4128573.7628	1.000
332212.6588	4128573.4144	1.000
332212.5191	4128573.0842	1.000
332212.3791	4128572.7355	1.000
332212.2099	4128572.4059	1.000
332212.0555	4128572.0760	1.000
332211.9158	4128571.7458	1.000
332211.7762	4128571.4156	1.000
332211.6513	4128571.0851	1.000
332211.4969	4128570.7552	1.000
332211.3429	4128570.4438	1.000
332211.2029	4128570.0951	1.000
332211.0629	4128569.7464	1.000
332210.9084	4128569.4165	1.000
332210.7688	4128569.0863	1.000
332210.6140	4128568.7379	1.000
332210.4888	4128568.3889	1.000
332210.3488	4128568.0402	1.000
332210.2091	4128567.7100	1.000
332210.0695	4128567.3798	1.000
332209.9298	4128567.0496	1.000
332209.7906	4128566.7379	1.000
332209.6365	4128566.4265	1.000
332209.4821	4128566.0966	1.000
332209.3428	4128565.7849	1.000
332209.2183	4128565.4729	1.000
332209.0787	4128565.1426	1.000
332208.9390	4128564.8124	1.000
332208.7994	4128564.4822	1.000
332208.6598	4128564.1520	1.000
332208.5053	4128563.8221	1.000
332208.3361	4128563.4925	1.000
332208.1961	4128563.1438	1.000
332208.0561	4128562.7951	1.000
332207.9168	4128562.4834	1.000
332207.7621	4128562.1350	1.000
332207.6080	4128561.8236	1.000
332207.4540	4128561.5122	1.000
332207.2851	4128561.2011	1.000
332207.1019	4128560.9088	1.000
332206.9191	4128560.6349	1.000
332206.7214	4128560.3614	1.000
332206.5090	4128560.0881	1.000
332206.2674	4128559.8340	1.000
332206.0262	4128559.5983	1.000
332205.7698	4128559.3444	1.000
332205.5434	4128559.1085	1.000
332205.2878	4128558.8916	1.000
332205.0178	4128558.6935	1.000
332204.7485	4128558.5324	1.000
332204.4648	4128558.3901	1.000
332204.1814	4128558.2662	1.000
332203.8841	4128558.1797	1.000
332203.6015	4128558.0929	1.000
332203.3049	4128558.0433	1.000
332202.9935	4128557.9940	1.000
332202.6973	4128557.9630	1.000
332202.3870	4128557.9692	1.000
332202.0918	4128557.9936	1.000
332201.7823	4128558.0368	1.000
332201.4728	4128558.0800	1.000
332201.1787	4128558.1599	1.000
332200.8703	4128558.2585	1.000
332200.5766	4128558.3569	1.000
332200.2978	4128558.4550	1.000
332200.0049	4128558.5904	1.000
332199.7271	4128558.7439	1.000
332199.4648	4128558.9342	1.000
332199.2026	4128559.1244	1.000
332198.9706	4128559.3511	1.000
332198.7527	4128559.5404	1.000
332198.5351	4128559.7483	1.000
332198.3324	4128559.9558	1.000
332198.1299	4128560.1819	1.000
332197.9575	4128560.4259	1.000
332197.8001	4128560.6880	1.000
332197.6431	4128560.9686	1.000
332197.5006	4128561.2305	1.000
332197.3731	4128561.5105	1.000
332197.2609	4128561.8088	1.000
332197.1482	4128562.0885	1.000
332197.0651	4128562.3677	1.000
332196.9968	4128562.6466	1.000
332196.9580	4128562.9249	1.000
332196.9492	4128563.2210	1.000
332196.9407	4128563.5357	1.000
332196.9466	4128563.8316	1.000
332196.9681	4128564.1641	1.000
332197.0187	4128564.4776	1.000
332197.0549	4128564.8099	1.000
332197.0907	4128565.1237	1.000
332197.1414	4128565.4372	1.000
332197.1924	4128565.7691	1.000
332197.2430	4128566.0826	1.000
332197.2936	4128566.3961	1.000
332197.3442	4128566.7096	1.000
332197.3952	4128567.0416	1.000
332197.4610	4128567.3733	1.000
332197.4976	4128567.7240	1.000
332197.5338	4128568.0563	1.000
332197.5848	4128568.3883	1.000
332197.6210	4128568.7205	1.000
332197.6421	4128569.0346	1.000
332197.6339	4128569.3678	1.000
332197.6402	4128569.6822	1.000
332197.6321	4128570.0153	1.000
332197.5945	4128570.3491	1.000
332197.5568	4128570.6828	1.000
332197.4892	4128570.9987	1.000
332197.4368	4128571.3327	1.000
332197.3844	4128571.6668	1.000
332197.3315	4128571.9823	1.000
332197.2496	4128572.3170	1.000
332197.1672	4128572.6331	1.000
332197.0701	4128572.9496	1.000
332196.9438	4128573.2851	1.000
332196.8023	4128573.6024	1.000
332196.6605	4128573.9013	1.000
332196.5190	4128574.2186	1.000
332196.3473	4128574.4995	1.000
332196.1456	4128574.7626	1.000
332195.9436	4128575.0071	1.000
332195.7267	4128575.2519	1.000
332195.5103	4128575.5153	1.000
332195.2639	4128575.7607	1.000
332195.0323	4128576.0058	1.000
332194.7856	4128576.2328	1.000
332194.5540	4128576.4779	1.000
332194.2921	4128576.6867	1.000
332194.0000	4128576.8590	1.000
332193.7226	4128577.0311	1.000
332193.4304	4128577.2034	1.000
332193.1231	4128577.3576	1.000
332192.7862	4128577.5123	1.000
332192.4637	4128577.6483	1.000
332192.1261	4128577.7660	1.000
332191.7885	4128577.8838	1.000
332191.4354	4128577.9649	1.000
332191.0963	4128578.0086	1.000
332190.7576	4128578.0709	1.000
332190.4189	4128578.1332	1.000
332190.0650	4128578.1773	1.000
332189.6960	4128578.2032	1.000
332189.3418	4128578.2288	1.000
332189.0019	4128578.2356	1.000
332188.6617	4128578.2239	1.000
332188.3359	4128578.1934	1.000
332188.0105	4128578.1814	1.000
332187.6847	4128578.1510	1.000
332187.3441	4128578.1208	1.000
332187.0187	4128578.1088	1.000
332186.7077	4128578.0780	1.000
332186.3823	4128578.0660	1.000
332186.0424	4128578.0728	1.000
332185.7022	4128578.0612	1.000
332185.3768	4128578.0492	1.000
332185.0665	4128578.0554	1.000
332184.7418	4128578.0804	1.000
332184.4319	4128578.1051	1.000
332184.1220	4128578.1298	1.000
332183.7973	4128578.1548	1.000
332183.4882	4128578.2165	1.000
332183.1642	4128578.2785	1.000
332182.8550	4128578.3402	1.000
332182.5463	4128578.4204	1.000
332182.2378	4128578.5190	1.000
332181.9290	4128578.5992	1.000
332181.6501	4128578.6973	1.000
332181.3413	4128578.7775	1.000
332181.0628	4128578.8941	1.000
332180.7699	4128579.0294	1.000
332180.4918	4128579.1645	1.000
332180.2140	4128579.3181	1.000
332179.9514	4128579.4898	1.000
332179.7043	4128579.6983	1.000
332179.4572	4128579.9067	1.000
332179.2101	4128580.1152	1.000
332178.9925	4128580.3230	1.000
332178.7901	4128580.5491	1.000
332178.5733	4128580.7939	1.000
332178.3713	4128581.0385	1.000
332178.1692	4128581.2830	1.000
332177.9676	4128581.5460	1.000
332177.7814	4128581.8458	1.000
332177.6100	4128582.1452	1.000
332177.4534	4128582.4443	1.000
332177.3116	4128582.7432	1.000
332177.1845	4128583.0417	1.000
332177.0870	4128583.3397	1.000
332176.9899	4128583.6561	1.000
332176.8924	4128583.9541	1.000
332176.8097	4128584.2517	1.000
332176.7569	4128584.5673	1.000
332176.7037	4128584.8643	1.000
332176.6660	4128585.1981	1.000
332176.6432	4128585.5315	1.000
332176.6350	4128585.8647	1.000
332176.6417	4128586.1976	1.000
332176.6779	4128586.5298	1.000
332176.6994	4128586.8624	1.000
332176.7648	4128587.1756	1.000
332176.8601	4128587.5067	1.000
332176.9550	4128587.8193	1.000
332177.0503	4128588.1504	1.000
332177.1601	4128588.4627	1.000
332177.2993	4128588.7744	1.000
332177.4386	4128589.0861	1.000
332177.5927	4128589.3975	1.000
332177.7611	4128589.6901	1.000
332177.9591	4128589.9822	1.000
332178.1715	4128590.2554	1.000
332178.3836	4128590.5102	1.000
332178.6248	4128590.7458	1.000
332178.8656	4128590.9630	1.000
332179.1501	4128591.1423	1.000
332179.4194	4128591.3034	1.000
332179.7178	4128591.4454	1.000
332180.0015	4128591.5878	1.000
332180.3144	4128591.7110	1.000
332180.6117	4128591.7975	1.000
332180.9091	4128591.8841	1.000
332181.2212	4128591.9703	1.000
332181.5326	4128592.0196	1.000
332181.8584	4128592.0501	1.000
332182.1835	4128592.0436	1.000
332182.5089	4128592.0555	1.000
332182.8336	4128592.0305	1.000
332183.1583	4128592.0055	1.000
332183.4822	4128591.9435	1.000
332183.7917	4128591.9003	1.000
332184.1009	4128591.8387	1.000
332184.4101	4128591.7770	1.000
332184.7340	4128591.7150	1.000
332185.0432	4128591.6533	1.000
332185.3520	4128591.5731	1.000
332185.6608	4128591.4929	1.000
332185.9844	4128591.4124	1.000
332186.3076	4128591.3135	1.000
332186.6167	4128591.2518	1.000
332186.9407	4128591.1898	1.000
332187.2643	4128591.1093	1.000
332187.5882	4128591.0473	1.000
332187.9118	4128590.9668	1.000
332188.2509	4128590.9231	1.000
332188.5744	4128590.8426	1.000
332188.8984	4128590.7806	1.000
332189.2072	4128590.7004	1.000
332189.5160	4128590.6202	1.000
332189.8104	4128590.5588	1.000
332190.1044	4128590.4789	1.000
332190.4128	4128590.3803	1.000
332190.7069	4128590.3004	1.000
332191.0160	4128590.2387	1.000
332191.3248	4128590.1585	1.000
332191.6480	4128590.0595	1.000
332191.9417	4128589.9612	1.000
332192.2505	4128589.8810	1.000
332192.5438	4128589.7641	1.000
332192.8518	4128589.6469	1.000
332193.1447	4128589.5116	1.000
332193.4528	4128589.3944	1.000
332193.7464	4128589.2960	1.000
332194.0541	4128589.1604	1.000
332194.3474	4128589.0435	1.000
332194.6407	4128588.9266	1.000
332194.9491	4128588.8279	1.000
332195.2424	4128588.7111	1.000
332195.5357	4128588.5942	1.000
332195.8286	4128588.4588	1.000
332196.1367	4128588.3417	1.000
332196.4296	4128588.2063	1.000
332196.7373	4128588.0706	1.000
332197.0305	4128587.9538	1.000
332197.3534	4128587.8363	1.000
332197.6470	4128587.7379	1.000
332197.9399	4128587.6026	1.000
332198.2476	4128587.4669	1.000
332198.5557	4128587.3497	1.000
332198.8641	4128587.2511	1.000
332199.1722	4128587.1339	1.000
332199.4799	4128586.9982	1.000
332199.7735	4128586.8998	1.000
332200.0816	4128586.7827	1.000
332200.3749	4128586.6658	1.000
332200.6826	4128586.5301	1.000
332200.9607	4128586.3951	1.000
332201.2536	4128586.2597	1.000
332201.5469	4128586.1428	1.000
332201.8398	4128586.0075	1.000
332202.1327	4128585.8721	1.000
332202.4108	4128585.7370	1.000
332202.7185	4128585.6014	1.000
332203.0114	4128585.4660	1.000
332203.3191	4128585.3304	1.000
332203.6124	4128585.2135	1.000
332203.9205	4128585.0963	1.000
332204.2285	4128584.9792	1.000
332204.5215	4128584.8438	1.000
332204.8144	4128584.7084	1.000
332205.1221	4128584.5728	1.000
332205.4297	4128584.4371	1.000
332205.7227	4128584.3017	1.000
332206.0300	4128584.1476	1.000
332206.3085	4128584.0310	1.000
332206.6162	4128583.8954	1.000
332206.9239	4128583.7597	1.000
332207.2164	4128583.6058	1.000
332207.5089	4128583.4520	1.000
332207.8163	4128583.2978	1.000
332208.1092	4128583.1625	1.000
332208.4165	4128583.0083	1.000
332208.7090	4128582.8545	1.000
332209.0167	4128582.7188	1.000
332209.3244	4128582.5831	1.000
332209.6025	4128582.4481	1.000
332209.8951	4128582.2942	1.000
332210.2028	4128582.1585	1.000
332210.5105	4128582.0229	1.000
332210.8182	4128581.8872	1.000
332211.1258	4128581.7516	1.000
332211.4335	4128581.6159	1.000
332211.7560	4128581.4800	1.000
332212.0637	4128581.3443	1.000
332212.3710	4128581.1901	1.000
332212.6635	4128581.0363	1.000
332212.9709	4128580.8821	1.000
332213.2786	4128580.7465	1.000
332213.5718	4128580.6296	1.000
332213.8648	4128580.4942	1.000
332214.1429	4128580.3592	1.000
332214.4210	4128580.2241	1.000
332214.6848	4128580.1078	1.000
332214.9629	4128579.9728	1.000
332215.2410	4128579.8377	1.000
332215.5339	4128579.7023	1.000
332215.8276	4128579.6039	1.000
332216.1209	4128579.4871	1.000
332216.4138	4128579.3517	1.000
332216.7071	4128579.2348	1.000
332217.0151	4128579.1177	1.000
332217.3084	4128579.0008	1.000
332217.6017	4128578.8839	1.000
332217.8802	4128578.7674	1.000
332218.1883	4128578.6502	1.000
332218.4819	4128578.5518	1.000
332218.7604	4128578.4352	1.000
332219.0681	4128578.2996	1.000
332219.3614	4128578.1827	1.000
332219.6543	4128578.0473	1.000
332219.9476	4128577.9305	1.000
332220.2405	4128577.7951	1.000
332220.5334	4128577.6597	1.000
332220.8263	4128577.5244	1.000
332221.1041	4128577.3708	1.000
332221.3819	4128577.2173	1.000
332221.6449	4128577.0640	1.000
332221.9075	4128576.8922	1.000
332222.1553	4128576.7208	1.000
332222.3884	4128576.5496	1.000
332222.6211	4128576.3599	1.000
332222.8390	4128576.1706	1.000
332223.0566	4128575.9627	1.000
332223.2598	4128575.7737	1.000
332223.4474	4128575.5479	1.000
332223.6199	4128575.3040	1.000
332223.7776	4128575.0603	1.000
332223.9497	4128574.7979	1.000
332224.1071	4128574.5357	1.000
332224.2493	4128574.2554	1.000
332224.3911	4128573.9565	1.000
332224.5333	4128573.6762	1.000
332224.6607	4128573.3961	1.000
332224.7582	4128573.0982	1.000
332224.8406	4128572.7820	1.000
332224.9085	4128572.4847	1.000
332224.9322	4128572.1882	1.000
332224.9262	4128571.8923	1.000
332224.8904	4128571.5785	1.000
332224.8398	4128571.2651	1.000
332224.7740	4128570.9334	1.000
332224.7086	4128570.6202	1.000
332224.6284	4128570.3073	1.000
332224.5331	4128569.9762	1.000
332224.4529	4128569.6633	1.000
332224.3580	4128569.3507	1.000
332224.2634	4128569.0566	1.000
332224.1397	4128568.7816	1.000
332224.0155	4128568.4881	1.000
332223.9066	4128568.2128	1.000
332223.8271	4128567.9368	1.000
332223.7182	4128567.6615	1.000
332223.5944	4128567.3865	1.000
332223.4703	4128567.0930	1.000
332223.3465	4128566.8180	1.000
332223.2379	4128566.5612	1.000
332223.0994	4128566.2864	1.000
332222.9605	4128565.9932	1.000
332222.8068	4128565.7003	1.000
332222.6679	4128565.4071	1.000
332222.5286	4128565.0954	1.000
332222.3894	4128564.7837	1.000
332222.2649	4128564.4716	1.000
332222.1551	4128564.1593	1.000
332222.0458	4128563.8655	1.000
332221.8921	4128563.5726	1.000
332221.7532	4128563.2794	1.000
332221.6139	4128562.9677	1.000
332221.5190	4128562.6551	1.000
332221.4100	4128562.3798	1.000
332221.3007	4128562.0860	1.000
332221.1917	4128561.8106	1.000
332221.0679	4128561.5356	1.000
332220.9442	4128561.2606	1.000
332220.8053	4128560.9674	1.000
332220.6815	4128560.6924	1.000
332220.5722	4128560.3986	1.000
332220.4632	4128560.1232	1.000
332220.3686	4128559.8291	1.000
332220.2593	4128559.5353	1.000
332220.1355	4128559.2603	1.000
332220.0265	4128558.9850	1.000
332219.9175	4128558.7097	1.000
332219.8086	4128558.4344	1.000
332219.7144	4128558.1587	1.000
332219.6205	4128557.9016	1.000
332219.5263	4128557.6260	1.000
332219.4325	4128557.3689	1.000
332219.3386	4128557.1118	1.000
332219.2311	4128556.9104	1.000
332219.1240	4128556.7276	1.000
332218.8529	4128556.4740	1.000
332218.5105	4128556.3514	1.000
332218.3029	4128556.3185	1.000
332218.4702	4128556.5557	1.000
332218.7122	4128556.8283	1.000
332218.8780	4128556.9915	1.000
332219.0583	4128557.1359	1.000
332219.2681	4128557.2797	1.000
332219.4927	4128557.4232	1.000
332219.7165	4128557.5297	1.000
332219.9555	4128557.6544	1.000
332220.2252	4128557.8340	1.000
332220.4660	4128558.0512	1.000
332220.6773	4128558.2690	1.000
332220.8879	4128558.4497	1.000
332221.1132	4128558.6302	1.000
332221.3526	4128558.7734	1.000
332221.5920	4128558.9166	1.000
332221.8158	4128559.0232	1.000
332222.0692	4128559.1291	1.000
332222.3219	4128559.1980	1.000
332222.5889	4128559.2482	1.000
332222.8852	4128559.2793	1.000
332223.1814	4128559.3103	1.000
332223.4773	4128559.3229	1.000
332223.7728	4128559.3170	1.000
332224.0528	4128559.2744	1.000
332224.3324	4128559.2133	1.000
332224.5973	4128559.1525	1.000
332224.8617	4128559.0732	1.000
332225.0963	4128558.9760	1.000
332225.3453	4128558.8600	1.000
332225.5946	4128558.7625	1.000
332225.8291	4128558.6653	1.000
332226.0489	4128558.5684	1.000
332226.2687	4128558.4715	1.000
332226.5032	4128558.3743	1.000
332226.7234	4128558.2959	1.000
332226.9291	4128558.2363	1.000
332227.1489	4128558.1394	1.000
332227.3835	4128558.0422	1.000
332227.6184	4128557.9635	1.000
332227.8385	4128557.8851	1.000
332228.0439	4128557.8070	1.000
332228.2493	4128557.7289	1.000
332228.6017	4128557.6108	1.000
332228.9688	4128557.4925	1.000
332229.1742	4128557.4144	1.000
332229.5417	4128557.3145	1.000
332229.8214	4128557.2534	1.000
332230.0271	4128557.1938	1.000
332228.8422	4128557.8095	1.000
332228.5644	4128557.9631	1.000
332228.3010	4128558.0978	1.000
332228.0521	4128558.2138	1.000
332227.7743	4128558.3674	1.000
332227.5257	4128558.5019	1.000
332227.2771	4128558.6363	1.000
332227.0433	4128558.7705	1.000
332226.8095	4128558.9047	1.000
332226.5613	4128559.0577	1.000
332226.2831	4128559.1927	1.000
332226.0194	4128559.3090	1.000
332225.7409	4128559.4256	1.000
332225.4923	4128559.5601	1.000
332225.2736	4128559.7124	1.000
332225.0550	4128559.8648	1.000
332224.8363	4128560.0172	1.000
332224.6176	4128560.1696	1.000
332224.4141	4128560.3401	1.000
332224.2405	4128560.5286	1.000
332224.0824	4128560.7538	1.000
332223.9391	4128560.9786	1.000
332223.8257	4128561.2214	1.000
332223.7567	4128561.4633	1.000
332223.6887	4128561.7607	1.000
332223.6499	4128562.0389	1.000
332223.6407	4128562.3166	1.000
332223.6463	4128562.5940	1.000
332223.7102	4128562.8332	1.000
332223.7601	4128563.1097	1.000
332223.8099	4128563.3862	1.000
332223.8598	4128563.6627	1.000
332223.9245	4128563.9389	1.000
332224.0039	4128564.2148	1.000
332224.0689	4128564.5095	1.000
332224.1340	4128564.8042	1.000
332224.1986	4128565.0804	1.000
332224.3072	4128565.3373	1.000
332224.4166	4128565.6311	1.000
332224.5255	4128565.9064	1.000
332224.6201	4128566.2005	1.000
332224.7295	4128566.4943	1.000
332224.8388	4128566.7881	1.000
332224.9338	4128567.1007	1.000
332225.0139	4128567.4136	1.000
332225.0793	4128567.7268	1.000
332225.1887	4128568.0206	1.000
332225.2977	4128568.2959	1.000
332225.4214	4128568.5709	1.000
332225.5452	4128568.8459	1.000
332225.6833	4128569.1022	1.000
332225.8366	4128569.3766	1.000
332226.0047	4128569.6507	1.000
332226.1577	4128569.9067	1.000
332226.3106	4128570.1626	1.000
332226.4779	4128570.3998	1.000
332226.6745	4128570.6178	1.000
332226.8858	4128570.8356	1.000
332227.0826	4128571.0722	1.000
332227.2939	4128571.2899	1.000
332227.5196	4128571.4889	1.000
332227.7597	4128571.6691	1.000
332227.9851	4128571.8496	1.000
332228.2248	4128572.0113	1.000
332228.4786	4128572.1357	1.000
332228.7471	4128572.2598	1.000
332229.0445	4128572.3464	1.000
332229.3271	4128572.4332	1.000
332229.6241	4128572.5013	1.000
332229.9358	4128572.5690	1.000
332230.2472	4128572.6183	1.000
332230.5590	4128572.6860	1.000
332230.8707	4128572.7538	1.000
332231.1818	4128572.7846	1.000
332231.5072	4128572.7966	1.000
332231.8178	4128572.8088	1.000
332232.1429	4128572.8023	1.000
332232.4532	4128572.7961	1.000
332232.7623	4128572.7344	1.000
332233.0560	4128572.6361	1.000
332233.3496	4128572.5377	1.000
332233.6429	4128572.4208	1.000
332233.9366	4128572.3224	1.000
332234.2299	4128572.2056	1.000
332234.5379	4128572.0884	1.000
332234.8611	4128571.9894	1.000
332235.1836	4128571.8535	1.000
332235.5064	4128571.7360	1.000
332235.8289	4128571.6001	1.000
332236.1517	4128571.4826	1.000
332236.4602	4128571.3839	1.000
332236.7383	4128571.2489	1.000
332237.0161	4128571.0953	1.000
332237.2791	4128570.9420	1.000
332237.5417	4128570.7703	1.000
332237.7596	4128570.5809	1.000
332237.9768	4128570.3546	1.000
332238.1936	4128570.1097	1.000
332238.3960	4128569.8837	1.000
332238.5837	4128569.6579	1.000
332238.7558	4128569.3955	1.000
332238.9128	4128569.1148	1.000
332239.0406	4128568.8533	1.000
332239.1532	4128568.5735	1.000
332239.2363	4128568.2944	1.000
332239.2895	4128567.9973	1.000
332239.3279	4128567.7005	1.000
332239.3807	4128567.3850	1.000
332239.4339	4128567.0879	1.000
332239.4571	4128566.7729	1.000
332239.4508	4128566.4586	1.000
332239.4445	4128566.1442	1.000
332239.4523	4128565.7926	1.000
332239.4308	4128565.4600	1.000
332239.3798	4128565.1280	1.000
332239.3292	4128564.8145	1.000
332239.2638	4128564.5013	1.000
332239.1988	4128564.2066	1.000
332239.1190	4128563.9122	1.000
332239.0244	4128563.6181	1.000
332238.9295	4128563.3055	1.000
332238.8345	4128562.9929	1.000
332238.7252	4128562.6991	1.000
332238.6011	4128562.4056	1.000
332238.4622	4128562.1124	1.000
332238.3525	4128561.8001	1.000
332238.2287	4128561.5251	1.000
332238.1338	4128561.2125	1.000
332238.0240	4128560.9002	1.000
332237.9143	4128560.5879	1.000
332237.8046	4128560.2756	1.000
332237.6805	4128559.9821	1.000
332237.5412	4128559.6703	1.000
332237.4167	4128559.3583	1.000
332237.2922	4128559.0463	1.000
332237.1681	4128558.7528	1.000
332237.0436	4128558.4408	1.000
332236.9047	4128558.1476	1.000
332236.7510	4128557.8547	1.000
332236.6269	4128557.5612	1.000
332236.4880	4128557.2679	1.000
332236.3339	4128556.9565	1.000
332236.1950	4128556.6633	1.000
332236.0558	4128556.3516	1.000
332235.9320	4128556.0766	1.000
332235.7931	4128555.7834	1.000
332235.6394	4128555.4904	1.000
332235.5153	4128555.1969	1.000
332235.3912	4128554.9034	1.000
332235.2379	4128554.6290	1.000
332235.0990	4128554.3358	1.000
332234.9453	4128554.0428	1.000
332234.8359	4128553.7490	1.000
332234.7118	4128553.4555	1.000
332234.5873	4128553.1435	1.000
332234.4632	4128552.8500	1.000
332234.3387	4128552.5380	1.000
332234.2146	4128552.2445	1.000
332234.0757	4128551.9513	1.000
332233.9368	4128551.6580	1.000
332233.7831	4128551.3651	1.000
332233.6590	4128551.0716	1.000
332233.5197	4128550.7599	1.000
332233.3657	4128550.4485	1.000
332233.2412	4128550.1365	1.000
332233.1167	4128549.8245	1.000
332232.9925	4128549.5310	1.000
332232.8536	4128549.2377	1.000
332232.7291	4128548.9257	1.000
332232.5899	4128548.6140	1.000
332232.4657	4128548.3205	1.000
332232.3121	4128548.0276	1.000
332232.1588	4128547.7532	1.000
332231.9903	4128547.4605	1.000
332231.8370	4128547.1861	1.000
332231.6841	4128546.9302	1.000
332231.5012	4128546.6563	1.000
332231.3184	4128546.3825	1.000
332231.1503	4128546.1084	1.000
332230.9826	4128545.8527	1.000
332230.8001	4128545.5974	1.000
332230.5884	4128545.3611	1.000
332230.3767	4128545.1249	1.000
332230.1651	4128544.8886	1.000
332229.9538	4128544.6708	1.000
332229.7133	4128544.4721	1.000
332229.4580	4128544.2737	1.000
332229.2176	4128544.0751	1.000
332228.9771	4128543.8764	1.000
332228.7218	4128543.6780	1.000
332228.4817	4128543.4978	1.000
332228.2268	4128543.3179	1.000
332227.9727	4128543.1750	1.000
332227.7049	4128543.0879	1.000
332227.4371	4128543.0007	1.000
332227.1549	4128542.9324	1.000
332226.8579	4128542.8643	1.000
332226.5757	4128542.7960	1.000
332226.2794	4128542.7649	1.000
332225.9836	4128542.7523	1.000
332225.6877	4128542.7397	1.000
332225.3918	4128542.7272	1.000
332225.1111	4128542.7328	1.000
332224.8315	4128542.7939	1.000
332224.5223	4128542.8556	1.000
332224.2279	4128542.9170	1.000
332223.9479	4128542.9596	1.000
332223.6535	4128543.0210	1.000
332223.3595	4128543.1008	1.000
332223.0654	4128543.1807	1.000
332222.7711	4128543.2421	1.000
332222.4770	4128543.3220	1.000
332222.1978	4128543.4016	1.000
332221.8897	4128543.5188	1.000
332221.6112	4128543.6353	1.000
332221.3471	4128543.7331	1.000
332221.0834	4128543.8494	1.000
332220.8196	4128543.9657	1.000
332220.5263	4128544.0826	1.000
332220.2475	4128544.1806	1.000
332219.9830	4128544.2599	1.000
332219.7041	4128544.3580	1.000
332219.4112	4128544.4934	1.000
332219.1327	4128544.6100	1.000
332218.8542	4128544.7265	1.000
332218.5757	4128544.8431	1.000
332218.2975	4128544.9782	1.000
332218.0194	4128545.1132	1.000
332217.7416	4128545.2668	1.000
332217.4631	4128545.3834	1.000
332217.1997	4128545.5182	1.000
332216.9364	4128545.6529	1.000
332216.6579	4128545.7695	1.000
332216.3797	4128545.9046	1.000
332216.1012	4128546.0211	1.000
332215.8523	4128546.1371	1.000
332215.5741	4128546.2722	1.000
332215.3100	4128546.3700	1.000
332215.0755	4128546.4672	1.000
332214.8405	4128546.5459	1.000
332214.6204	4128546.6243	1.000
332214.3714	4128546.7403	1.000
332214.1369	4128546.8375	1.000
332213.9020	4128546.9162	1.000
332213.6526	4128547.0137	1.000
332213.4181	4128547.1109	1.000
332213.1687	4128547.2084	1.000
332212.9194	4128547.3058	1.000
332212.6845	4128547.3845	1.000
332212.4643	4128547.4630	1.000
332212.2302	4128547.5786	1.000
332211.9812	4128547.6946	1.000
332211.7470	4128547.8103	1.000
332211.4981	4128547.9263	1.000
332211.2491	4128548.0423	1.000
332210.9857	4128548.1771	1.000
332210.7519	4128548.3112	1.000
332210.5181	4128548.4454	1.000
332210.2991	4128548.5793	1.000
332210.0804	4128548.7317	1.000
332209.8769	4128548.9023	1.000
332209.6881	4128549.0725	1.000
332209.4998	4128549.2613	1.000
332209.3262	4128549.4498	1.000
332209.1829	4128549.6746	1.000
332209.0543	4128549.8992	1.000
332208.9409	4128550.1420	1.000
332208.8275	4128550.3848	1.000
332208.7293	4128550.6457	1.000
332208.6458	4128550.9064	1.000
332208.5771	4128551.1668	1.000
332208.5236	4128551.4453	1.000
332208.4700	4128551.7239	1.000
332208.4604	4128551.9831	1.000
332208.4512	4128552.2608	1.000
332208.4416	4128552.5200	1.000
332208.4468	4128552.7789	1.000
332208.4524	4128553.0563	1.000
332208.4723	4128553.3149	1.000
332208.4923	4128553.5735	1.000
332208.5270	4128553.8318	1.000
332208.5621	4128554.1086	1.000
332208.5825	4128554.3856	1.000
332208.6327	4128554.6806	1.000
332208.6974	4128554.9568	1.000
332208.7624	4128555.2515	1.000
332208.8270	4128555.5277	1.000
332208.8917	4128555.8039	1.000
332208.9859	4128556.0796	1.000
332209.0653	4128556.3555	1.000
332209.1595	4128556.6311	1.000
332209.2393	4128556.9255	1.000
332209.3487	4128557.2193	1.000
332209.4725	4128557.4943	1.000
332209.6110	4128557.7690	1.000
332209.7351	4128558.0625	1.000
332209.8589	4128558.3376	1.000
332209.9978	4128558.6308	1.000
332210.1514	4128558.9237	1.000
332210.2903	4128559.2169	1.000
332210.4148	4128559.5289	1.000
332210.5386	4128559.8039	1.000
332210.6775	4128560.0972	1.000
332210.8013	4128560.3722	1.000
332210.9102	4128560.6475	1.000
332211.0340	4128560.9225	1.000
332211.1430	4128561.1978	1.000
332211.2667	4128561.4729	1.000
332211.3909	4128561.7664	1.000
332211.5002	4128562.0602	1.000
332211.6240	4128562.3352	1.000
332211.7629	4128562.6284	1.000
332211.8866	4128562.9034	1.000
332211.9960	4128563.1972	1.000
332212.1046	4128563.4541	1.000
332212.2283	4128563.7291	1.000
332212.3525	4128564.0226	1.000
332212.4614	4128564.2979	1.000
332212.5708	4128564.5917	1.000
332212.6946	4128564.8668	1.000
332212.8331	4128565.1415	1.000
332212.9572	4128565.4350	1.000
332213.0662	4128565.7103	1.000
332213.1608	4128566.0044	1.000
332213.2993	4128566.2791	1.000
332213.4382	4128566.5724	1.000
332213.5620	4128566.8474	1.000
332213.6861	4128567.1409	1.000
332213.8095	4128567.3974	1.000
332213.9631	4128567.6903	1.000
332214.1161	4128567.9463	1.000
332214.2550	4128568.2395	1.000
332214.3791	4128568.5330	1.000
332214.5032	4128568.8265	1.000
332214.6274	4128569.1200	1.000
332214.7663	4128569.4132	1.000
332214.8900	4128569.6883	1.000
332215.0289	4128569.9815	1.000
332215.1822	4128570.2559	1.000
332215.3359	4128570.5488	1.000
332215.4744	4128570.8236	1.000
332215.6133	4128571.1168	1.000
332215.7519	4128571.3915	1.000
332215.8908	4128571.6847	1.000
332216.0297	4128571.9779	1.000
332216.1386	4128572.2533	1.000
332216.2772	4128572.5280	1.000
332216.4157	4128572.8027	1.000
332216.5395	4128573.0777	1.000
332216.6488	4128573.3715	1.000
332216.7582	4128573.6653	1.000
332216.8671	4128573.9407	1.000
332216.9913	4128574.2342	1.000
332217.0858	4128574.5283	1.000
332217.1808	4128574.8409	1.000
332217.2905	4128575.1532	1.000
332217.3858	4128575.4843	1.000
332217.4667	4128575.8341	1.000
332217.5185	4128576.2031	1.000
332217.5547	4128576.5354	1.000
332217.6208	4128576.8856	1.000
332217.6866	4128577.2172	1.000
332217.7376	4128577.5492	1.000
332217.8181	4128577.8806	1.000
332217.9127	4128578.1747	1.000
332217.9785	4128578.5064	1.000
332218.0291	4128578.8199	1.000
332218.0649	4128579.1337	1.000
332218.0708	4128579.4295	1.000
332218.0768	4128579.7254	1.000
332218.0535	4128580.0404	1.000
332218.0299	4128580.3368	1.000
332217.9915	4128580.6336	1.000
332217.9535	4128580.9489	1.000
332217.8859	4128581.2647	1.000
332217.8035	4128581.5809	1.000
332217.6621	4128581.8982	1.000
332217.4903	4128582.1791	1.000
332217.2742	4128582.4610	1.000
332217.0430	4128582.7246	1.000
332216.7819	4128582.9703	1.000
332216.5351	4128583.1973	1.000
332216.2592	4128583.4433	1.000
332215.9826	4128583.6523	1.000
332215.6908	4128583.8432	1.000
332215.3990	4128584.0340	1.000
332215.1068	4128584.2064	1.000
332214.8002	4128584.3975	1.000
332214.5224	4128584.5510	1.000
332214.2151	4128584.7052	1.000
332213.9226	4128584.8591	1.000
332213.6153	4128585.0132	1.000
332213.3227	4128585.1671	1.000
332213.0150	4128585.3027	1.000
332212.7073	4128585.4384	1.000
332212.4000	4128585.5925	1.000
332212.0927	4128585.7467	1.000
332211.7854	4128585.9008	1.000
332211.4777	4128586.0365	1.000
332211.1848	4128586.1719	1.000
332210.8775	4128586.3260	1.000
332210.5701	4128586.4802	1.000
332210.2325	4128586.5979	1.000
332209.9249	4128586.7336	1.000
332209.6175	4128586.8877	1.000
332209.3102	4128587.0419	1.000
332209.0025	4128587.1776	1.000
332208.7096	4128587.3129	1.000
332208.4171	4128587.4668	1.000
332208.1242	4128587.6021	1.000
332207.8460	4128587.7372	1.000
332207.5236	4128587.8732	1.000
332207.2303	4128587.9900	1.000
332206.9226	4128588.1257	1.000
332206.6149	4128588.2614	1.000
332206.3068	4128588.3785	1.000
332205.9992	4128588.5142	1.000
332205.6915	4128588.6498	1.000
332205.3986	4128588.7852	1.000
332205.0909	4128588.9209	1.000
332204.7832	4128589.0565	1.000
332204.4607	4128589.1925	1.000
332204.1530	4128589.3281	1.000
332203.8601	4128589.4635	1.000
332203.5521	4128589.5807	1.000
332203.2591	4128589.7160	1.000
332202.9662	4128589.8514	1.000
332202.6589	4128590.0056	1.000
332202.3509	4128590.1227	1.000
332202.0280	4128590.2402	1.000
332201.7203	4128590.3758	1.000
332201.3979	4128590.5118	1.000
332201.0750	4128590.6293	1.000
332200.7378	4128590.7655	1.000
332200.4150	4128590.8830	1.000
332200.1076	4128591.0371	1.000
332199.8003	4128591.1913	1.000
332199.4923	4128591.3085	1.000
332199.1846	4128591.4441	1.000
332198.8621	4128591.5801	1.000
332198.5400	4128591.7345	1.000
332198.2172	4128591.8520	1.000
332197.8947	4128591.9879	1.000
332197.5870	4128592.1236	1.000
332197.2797	4128592.2778	1.000
332196.9573	4128592.4137	1.000
332196.6344	4128592.5312	1.000
332196.3264	4128592.6483	1.000
332196.0187	4128592.7840	1.000
332195.6962	4128592.9200	1.000
332195.3586	4128593.0377	1.000
332195.0506	4128593.1549	1.000
332194.7425	4128593.2721	1.000
332194.4204	4128593.4265	1.000
332194.1123	4128593.5437	1.000
332193.7899	4128593.6796	1.000
332193.4970	4128593.8150	1.000
332193.1893	4128593.9507	1.000
332192.8668	4128594.0866	1.000
332192.5444	4128594.2226	1.000
332192.2219	4128594.3585	1.000
332191.9142	4128594.4942	1.000
332191.5917	4128594.6301	1.000
332191.2693	4128594.7661	1.000
332190.9612	4128594.8833	1.000
332190.6535	4128595.0189	1.000
332190.3314	4128595.1734	1.000
332190.0090	4128595.3093	1.000
332189.6861	4128595.4268	1.000
332189.3929	4128595.5437	1.000
332189.0855	4128595.6978	1.000
332188.7923	4128595.8147	1.000
332188.4550	4128595.9509	1.000
332188.1470	4128596.0681	1.000
332187.8245	4128596.2041	1.000
332187.5020	4128596.3400	1.000
332187.1648	4128596.4763	1.000
332186.8420	4128596.5937	1.000
332186.5343	4128596.7294	1.000
332186.2122	4128596.8839	1.000
332185.8897	4128597.0198	1.000
332185.5669	4128597.1373	1.000
332185.2592	4128597.2729	1.000
332184.9371	4128597.4274	1.000
332184.6150	4128597.5818	1.000
332184.2926	4128597.7178	1.000
332183.9852	4128597.8719	1.000
332183.6631	4128598.0264	1.000
332183.3259	4128598.1626	1.000
332182.9739	4128598.2992	1.000
332182.6511	4128598.4167	1.000
332182.3286	4128598.5526	1.000
332182.0061	4128598.6886	1.000
332181.6685	4128598.8063	1.000
332181.3158	4128598.9059	1.000
332180.9929	4128599.0234	1.000
332180.6553	4128599.1411	1.000
332180.3174	4128599.2404	1.000
332179.9790	4128599.3212	1.000
332179.6259	4128599.4022	1.000
332179.3027	4128599.5012	1.000
332178.9647	4128599.6005	1.000
332178.6264	4128599.6812	1.000
332178.2732	4128599.7623	1.000
332177.9046	4128599.8067	1.000
332177.5204	4128599.8144	1.000
332177.1503	4128599.7848	1.000
332176.7939	4128599.6994	1.000
332176.4669	4128599.6135	1.000
332176.1404	4128599.5460	1.000
332175.8131	4128599.4416	1.000
332175.5003	4128599.3184	1.000
332175.2022	4128599.1948	1.000
332174.8889	4128599.0531	1.000
332174.6056	4128598.9293	1.000
332174.2920	4128598.7691	1.000
332173.9932	4128598.6085	1.000
332173.6943	4128598.4480	1.000
332173.4099	4128598.2687	1.000
332173.1395	4128598.0521	1.000
332172.8687	4128597.8171	1.000
332172.6131	4128597.6002	1.000
332172.3571	4128597.3648	1.000
332172.1163	4128597.1476	1.000
332171.8898	4128596.9117	1.000
332171.6630	4128596.6572	1.000
332171.4366	4128596.4213	1.000
332171.2094	4128596.1483	1.000
332171.0117	4128595.8748	1.000
332170.8289	4128595.6009	1.000
332170.6316	4128595.3459	1.000
332170.4344	4128595.0908	1.000
332170.2515	4128594.8170	1.000
332170.0686	4128594.5432	1.000
332169.9006	4128594.2690	1.000
332169.7029	4128593.9955	1.000
332169.5348	4128593.7214	1.000
332169.3660	4128593.4102	1.000
332169.2123	4128593.1173	1.000
332169.0439	4128592.8247	1.000
332168.8751	4128592.5136	1.000
332168.7362	4128592.2204	1.000
332168.5973	4128591.9271	1.000
332168.4731	4128591.6336	1.000
332168.3346	4128591.3589	1.000
332168.1957	4128591.0657	1.000
332168.0568	4128590.7725	1.000
332167.9179	4128590.4793	1.000
332167.7642	4128590.1863	1.000
332167.6253	4128589.8931	1.000
332167.4860	4128589.5814	1.000
332167.3767	4128589.2876	1.000
332167.2529	4128589.0126	1.000
332167.1140	4128588.7194	1.000
332166.9603	4128588.4264	1.000
332166.8214	4128588.1332	1.000
332166.6678	4128587.8403	1.000
332166.5292	4128587.5656	1.000
332166.3755	4128587.2727	1.000
332166.2370	4128586.9979	1.000
332166.0981	4128586.7047	1.000
332165.9592	4128586.4115	1.000
332165.7911	4128586.1374	1.000
332165.6670	4128585.8439	1.000
332165.5429	4128585.5503	1.000
332165.4339	4128585.2750	1.000
332165.2946	4128584.9633	1.000
332165.1557	4128584.6701	1.000
332165.0316	4128584.3766	1.000
332164.8927	4128584.0834	1.000
332164.7538	4128583.7902	1.000
332164.5997	4128583.4787	1.000
332164.4608	4128583.1855	1.000
332164.3216	4128582.8738	1.000
332164.1823	4128582.5621	1.000
332164.0434	4128582.2689	1.000
332163.8893	4128581.9575	1.000
332163.7504	4128581.6643	1.000
332163.6270	4128581.4077	1.000
332163.5037	4128581.1512	1.000
332163.3651	4128580.8765	1.000
332163.2266	4128580.6018	1.000
332163.1028	4128580.3267	1.000
332162.9783	4128580.0147	1.000
332162.8538	4128579.7027	1.000
332162.7142	4128579.3725	1.000
332162.5897	4128579.0605	1.000
332162.4648	4128578.7300	1.000
332162.3407	4128578.4365	1.000
332162.2162	4128578.1245	1.000
332162.1061	4128577.7937	1.000
332161.9661	4128577.4450	1.000
332161.8257	4128577.0778	1.000
332161.6857	4128576.7291	1.000
332161.5460	4128576.3989	1.000
332161.4212	4128576.0684	1.000
332161.2963	4128575.7379	1.000
332161.1570	4128575.4262	1.000
332161.0174	4128575.0960	1.000
332160.9077	4128574.7837	1.000
332160.7972	4128574.4344	1.000
332160.6871	4128574.1037	1.000
332160.5918	4128573.7726	1.000
332160.5109	4128573.4227	1.000
332160.4300	4128573.0728	1.000
332160.3635	4128572.7041	1.000
332160.2973	4128572.3540	1.000
332160.2751	4128571.9844	1.000
332160.2681	4128571.6331	1.000
332160.2758	4128571.2814	1.000
332160.2843	4128570.9667	1.000
332160.3220	4128570.6330	1.000
332160.3896	4128570.3171	1.000
332160.4863	4128569.9822	1.000
332160.5539	4128569.6663	1.000
332160.6510	4128569.3499	1.000
332160.7334	4128569.0338	1.000
332160.8309	4128568.7358	1.000
332160.9579	4128568.4373	1.000
332161.0698	4128568.1205	1.000
332161.2120	4128567.8402	1.000
332161.3539	4128567.5413	1.000
332161.5404	4128567.2601	1.000
332161.7269	4128566.9789	1.000
332161.9426	4128566.6785	1.000
332162.1443	4128566.4155	1.000
332162.3755	4128566.1519	1.000
332162.5775	4128565.9073	1.000
332162.7947	4128565.6810	1.000
332163.0267	4128565.4543	1.000
332163.3030	4128565.2268	1.000
332163.5948	4128565.0360	1.000
332163.8714	4128564.8269	1.000
332164.1485	4128564.6364	1.000
332164.4251	4128564.4273	1.000
332164.7025	4128564.2553	1.000
332164.9795	4128564.0647	1.000
332165.2713	4128563.8739	1.000
332165.5783	4128563.7012	1.000
332165.8856	4128563.5471	1.000
332166.2081	4128563.4111	1.000
332166.5158	4128563.2755	1.000
332166.8234	4128563.1398	1.000
332167.1463	4128563.0223	1.000
332167.4392	4128562.8870	1.000
332167.7321	4128562.7516	1.000
332168.0398	4128562.6160	1.000
332168.3475	4128562.4803	1.000
332168.6408	4128562.3634	1.000
332168.9341	4128562.2465	1.000
332169.2565	4128562.1106	1.000
332169.5642	4128561.9749	1.000
332169.8874	4128561.8760	1.000
332170.1955	4128561.7588	1.000
332170.5035	4128561.6416	1.000
332170.7968	4128561.5247	1.000
332171.0897	4128561.3894	1.000
332171.3679	4128561.2543	1.000
332171.6608	4128561.1189	1.000
332171.9537	4128560.9836	1.000
332172.2614	4128560.8479	1.000
332172.5543	4128560.7126	1.000
332172.8476	4128560.5957	1.000
332173.1553	4128560.4600	1.000
332173.4630	4128560.3244	1.000
332173.7555	4128560.1705	1.000
332174.0484	4128560.0351	1.000
332174.3417	4128559.9183	1.000
332174.6494	4128559.7826	1.000
332174.9423	4128559.6472	1.000
332175.2504	4128559.5301	1.000
332175.5436	4128559.4132	1.000
332175.8366	4128559.2778	1.000
332176.1295	4128559.1425	1.000
332176.4519	4128559.0065	1.000
332176.7448	4128558.8711	1.000
332177.0374	4128558.7173	1.000
332177.3299	4128558.5634	1.000
332177.6380	4128558.4463	1.000
332177.9457	4128558.3106	1.000
332178.2390	4128558.1937	1.000
332178.5319	4128558.0584	1.000
332178.8255	4128557.9600	1.000
332179.1192	4128557.8616	1.000
332179.4276	4128557.7629	1.000
332179.7213	4128557.6645	1.000
332179.9998	4128557.5480	1.000
332180.2931	4128557.4311	1.000
332180.5860	4128557.2957	1.000
332180.8793	4128557.1789	1.000
332181.1722	4128557.0435	1.000
332181.4503	4128556.9084	1.000
332181.7580	4128556.7728	1.000
332182.0661	4128556.6556	1.000
332182.3590	4128556.5202	1.000
332182.6523	4128556.4034	1.000
332182.9452	4128556.2680	1.000
332183.2529	4128556.1323	1.000
332183.5461	4128556.0155	1.000
332183.8394	4128555.8986	1.000
332184.1179	4128555.7820	1.000
332184.3964	4128555.6654	1.000
332184.6750	4128555.5489	1.000
332184.9535	4128555.4323	1.000
332185.2320	4128555.3157	1.000
332185.5105	4128555.1991	1.000
332185.7890	4128555.0825	1.000
332186.0675	4128554.9660	1.000
332186.3460	4128554.8494	1.000
332186.6245	4128554.7328	1.000
332186.9034	4128554.6347	1.000
332187.1823	4128554.5366	1.000
332187.4756	4128554.4198	1.000
332187.7688	4128554.3029	1.000
332188.0477	4128554.2048	1.000
332188.3554	4128554.0692	1.000
332188.6483	4128553.9338	1.000
332188.9409	4128553.7799	1.000
332189.2338	4128553.6446	1.000
332189.5267	4128553.5092	1.000
332189.8200	4128553.3923	1.000
332190.0981	4128553.2573	1.000
332190.3763	4128553.1222	1.000
332190.6544	4128552.9871	1.000
332190.9473	4128552.8518	1.000
332191.2258	4128552.7352	1.000
332191.5335	4128552.5995	1.000
332191.8120	4128552.4830	1.000
332192.1049	4128552.3476	1.000
332192.3978	4128552.2122	1.000
332192.6760	4128552.0772	1.000
332192.9689	4128551.9418	1.000
332193.2622	4128551.8249	1.000
332193.5555	4128551.7080	1.000
332193.8488	4128551.5912	1.000
332194.1420	4128551.4743	1.000
332194.4353	4128551.3574	1.000
332194.7286	4128551.2406	1.000
332195.0219	4128551.1237	1.000
332195.3148	4128550.9883	1.000
332195.6081	4128550.8714	1.000
332195.8859	4128550.7179	1.000
332196.1788	4128550.5825	1.000
332196.4569	4128550.4475	1.000
332196.7495	4128550.2936	1.000
332197.0280	4128550.1770	1.000
332197.3356	4128550.0414	1.000
332197.6138	4128549.9063	1.000
332197.9067	4128549.7709	1.000
332198.1848	4128549.6359	1.000
332198.4630	4128549.5008	1.000
332198.7411	4128549.3657	1.000
332199.0049	4128549.2494	1.000
332199.2978	4128549.1141	1.000
332199.5911	4128548.9972	1.000
332199.8991	4128548.8800	1.000
332200.1931	4128548.8001	1.000
332200.4868	4128548.7018	1.000
332200.7949	4128548.5846	1.000
332201.1033	4128548.4859	1.000
332201.4261	4128548.3685	1.000
332201.7486	4128548.2325	1.000
332202.0710	4128548.0966	1.000
332202.3787	4128547.9609	1.000
332202.6864	4128547.8252	1.000
332202.9797	4128547.7084	1.000
332203.2870	4128547.5542	1.000
332203.5947	4128547.4185	1.000
332203.9024	4128547.2829	1.000
332204.2252	4128547.1654	1.000
332204.5333	4128547.0483	1.000
332204.8410	4128546.9126	1.000
332205.1491	4128546.7954	1.000
332205.4571	4128546.6783	1.000
332205.7504	4128546.5614	1.000
332206.0437	4128546.4445	1.000
332206.3514	4128546.3089	1.000
332206.6591	4128546.1732	1.000
332206.9520	4128546.0378	1.000
332207.2597	4128545.9022	1.000
332207.5670	4128545.7480	1.000
332207.8599	4128545.6127	1.000
332208.1827	4128545.4952	1.000
332208.4756	4128545.3598	1.000
332208.7837	4128545.2427	1.000
332209.0910	4128545.0885	1.000
332209.3991	4128544.9713	1.000
332209.7068	4128544.8357	1.000
332209.9997	4128544.7003	1.000
332210.2922	4128544.5465	1.000
332210.5852	4128544.4111	1.000
332210.8784	4128544.2942	1.000
332211.1865	4128544.1771	1.000
332211.4798	4128544.0602	1.000
332211.7875	4128543.9245	1.000
332212.0952	4128543.7889	1.000
332212.4029	4128543.6532	1.000
332212.6958	4128543.5178	1.000
332213.0035	4128543.3822	1.000
332213.3108	4128543.2280	1.000
332213.6188	4128543.1109	1.000
332213.9265	4128542.9752	1.000
332214.2346	4128542.8580	1.000
332214.5423	4128542.7224	1.000
332214.8500	4128542.5867	1.000
332215.1728	4128542.4693	1.000
332215.4657	4128542.3339	1.000
332215.7586	4128542.1985	1.000
332216.0364	4128542.0450	1.000
332216.3441	4128541.9093	1.000
332216.6366	4128541.7555	1.000
332216.9440	4128541.6013	1.000
332217.2365	4128541.4474	1.000
332217.5442	4128541.3118	1.000
332217.8674	4128541.2128	1.000
332218.1603	4128541.0775	1.000
332218.4676	4128540.9233	1.000
332218.7757	4128540.8061	1.000
332219.0982	4128540.6702	1.000
332219.4058	4128540.5345	1.000
332219.7135	4128540.3989	1.000
332220.0212	4128540.2632	1.000
332220.3285	4128540.1090	1.000
332220.6506	4128539.9546	1.000
332220.9879	4128539.8183	1.000
332221.3107	4128539.7009	1.000
332221.6328	4128539.5464	1.000
332221.9553	4128539.4105	1.000
332222.2777	4128539.2745	1.000
332222.5854	4128539.1389	1.000
332222.9079	4128539.0029	1.000
332223.2307	4128538.8854	1.000
332223.5381	4128538.7313	1.000
332223.8461	4128538.6141	1.000
332224.1538	4128538.4785	1.000
332224.4622	4128538.3798	1.000
332224.7854	4128538.2808	1.000
332225.1090	4128538.2003	1.000
332225.4474	4128538.1196	1.000
332225.7713	4128538.0576	1.000
332226.0960	4128538.0326	1.000
332226.4203	4128537.9891	1.000
332226.7594	4128537.9453	1.000
332227.0841	4128537.9203	1.000
332227.4391	4128537.9317	1.000
332227.7789	4128537.9249	1.000
332228.1191	4128537.9366	1.000
332228.4745	4128537.9665	1.000
332228.8158	4128538.0336	1.000
332229.1571	4128538.1008	1.000
332229.4844	4128538.2053	1.000
332229.8268	4128538.3279	1.000
332230.1397	4128538.4511	1.000
332230.4385	4128538.6117	1.000
332230.7229	4128538.7910	1.000
332231.0077	4128538.9888	1.000
332231.2929	4128539.2050	1.000
332231.5485	4128539.4219	1.000
332231.7750	4128539.6579	1.000
332232.0162	4128539.8936	1.000
332232.2578	4128540.1477	1.000
332232.4695	4128540.3840	1.000
332232.6671	4128540.6575	1.000
332232.8795	4128540.9308	1.000
332233.0923	4128541.2225	1.000
332233.2903	4128541.5145	1.000
332233.4587	4128541.8072	1.000
332233.5976	4128542.1004	1.000
332233.7513	4128542.3933	1.000
332233.9046	4128542.6677	1.000
332234.0287	4128542.9613	1.000
332234.1824	4128543.2542	1.000
332234.3357	4128543.5286	1.000
332234.4890	4128543.8030	1.000
332234.6427	4128544.0960	1.000
332234.7816	4128544.3892	1.000
332234.9205	4128544.6824	1.000
332235.0594	4128544.9756	1.000
332235.1979	4128545.2503	1.000
332235.3516	4128545.5433	1.000
332235.4754	4128545.8183	1.000
332235.6287	4128546.0927	1.000
332235.7528	4128546.3862	1.000
332235.8917	4128546.6794	1.000
332236.0014	4128546.9917	1.000
332236.1259	4128547.3037	1.000
332236.2500	4128547.5973	1.000
332236.3893	4128547.9090	1.000
332236.4990	4128548.2213	1.000
332236.5940	4128548.5339	1.000
332236.7329	4128548.8271	1.000
332236.8574	4128549.1391	1.000
332236.9815	4128549.4326	1.000
332237.0912	4128549.7449	1.000
332237.2153	4128550.0384	1.000
332237.3247	4128550.3322	1.000
332237.4492	4128550.6442	1.000
332237.5589	4128550.9565	1.000
332237.6683	4128551.2503	1.000
332237.8075	4128551.5621	1.000
332237.9320	4128551.8741	1.000
332238.0713	4128552.1858	1.000
332238.1810	4128552.4981	1.000
332238.3055	4128552.8101	1.000
332238.4448	4128553.1218	1.000
332238.5689	4128553.4153	1.000
332238.6934	4128553.7273	1.000
332238.8319	4128554.0020	1.000
332238.9856	4128554.2950	1.000
332239.1241	4128554.5697	1.000
332239.2475	4128554.8262	1.000
332239.3717	4128555.1197	1.000
332239.5106	4128555.4129	1.000
332239.6347	4128555.7065	1.000
332239.7740	4128556.0182	1.000
332239.8984	4128556.3302	1.000
332240.0078	4128556.6240	1.000
332240.1467	4128556.9172	1.000
332240.2708	4128557.2107	1.000
332240.4097	4128557.5039	1.000
332240.5342	4128557.8159	1.000
332240.6731	4128558.1092	1.000
332240.8120	4128558.4024	1.000
332240.9365	4128558.7144	1.000
332241.0614	4128559.0449	1.000
332241.1715	4128559.3757	1.000
332241.2956	4128559.6692	1.000
332241.4201	4128559.9812	1.000
332241.5446	4128560.2932	1.000
332241.6839	4128560.6049	1.000
332241.8224	4128560.8796	1.000
332241.9761	4128561.1726	1.000
332242.1150	4128561.4658	1.000
332242.2539	4128561.7590	1.000
332242.3928	4128562.0522	1.000
332242.5317	4128562.3454	1.000
332242.6706	4128562.6386	1.000
332242.7951	4128562.9506	1.000
332242.9192	4128563.2442	1.000
332243.0437	4128563.5562	1.000
332243.1830	4128563.8679	1.000
332243.3071	4128564.1614	1.000
332243.4319	4128564.4919	1.000
332243.5708	4128564.7851	1.000
332243.7245	4128565.0780	1.000
332243.8634	4128565.3712	1.000
332243.9879	4128565.6833	1.000
332244.0976	4128565.9956	1.000
332244.2221	4128566.3076	1.000
332244.3466	4128566.6196	1.000
332244.4563	4128566.9319	1.000
332244.5517	4128567.2630	1.000
332244.6614	4128567.5753	1.000
332244.7715	4128567.9061	1.000
332244.8816	4128568.2369	1.000
332244.9625	4128568.5867	1.000
332245.0578	4128568.9178	1.000
332245.1531	4128569.2489	1.000
332245.2333	4128569.5618	1.000
332245.3138	4128569.8932	1.000
332245.4088	4128570.2058	1.000
332245.4889	4128570.5187	1.000
332245.5839	4128570.8313	1.000
332245.6788	4128571.1439	1.000
332245.7154	4128571.4946	1.000
332245.7080	4128571.8648	1.000
332245.6563	4128572.2358	1.000
332245.5300	4128572.5713	1.000
332245.3742	4128572.9075	1.000
332245.2028	4128573.2069	1.000
332245.0170	4128573.5251	1.000
332244.8305	4128573.8063	1.000
332244.6140	4128574.0697	1.000
332244.3828	4128574.3333	1.000
332244.1364	4128574.5787	1.000
332243.8753	4128574.8245	1.000
332243.6134	4128575.0332	1.000
332243.3220	4128575.2425	1.000
332243.0302	4128575.4334	1.000
332242.7236	4128575.6245	1.000
332242.4163	4128575.7787	1.000
332242.0942	4128575.9331	1.000
332241.7721	4128576.0876	1.000
332241.4352	4128576.2423	1.000
332241.1127	4128576.3783	1.000
332240.7906	4128576.5327	1.000
332240.4830	4128576.6684	1.000
332240.1756	4128576.8225	1.000
332239.8687	4128576.9952	1.000
332239.5466	4128577.1496	1.000
332239.2241	4128577.2856	1.000
332238.9164	4128577.4212	1.000
332238.5944	4128577.5757	1.000
332238.2719	4128577.7116	1.000
332237.9343	4128577.8294	1.000
332237.6111	4128577.9283	1.000
332237.2587	4128578.0464	1.000
332236.9207	4128578.1457	1.000
332236.5528	4128578.2270	1.000
332236.1993	4128578.2896	1.000
332235.8303	4128578.3155	1.000
332235.4609	4128578.3229	1.000
332235.1207	4128578.3112	1.000
332234.7805	4128578.2995	1.000
332234.4403	4128578.2878	1.000
332234.1005	4128578.2946	1.000
332233.7751	4128578.2826	1.000
332233.4352	4128578.2894	1.000
332233.1253	4128578.3141	1.000
332232.7862	4128578.3579	1.000
332232.4619	4128578.4014	1.000
332232.1380	4128578.4634	1.000
332231.8140	4128578.5254	1.000
332231.4757	4128578.6062	1.000
332231.1521	4128578.6866	1.000
332230.8134	4128578.7489	1.000
332230.5046	4128578.8291	1.000
332230.1810	4128578.9096	1.000
332229.8430	4128579.0088	1.000
332229.5202	4128579.1263	1.000
332229.1970	4128579.2253	1.000
332228.8734	4128579.3058	1.000
332228.5354	4128579.4050	1.000
332228.2119	4128579.4855	1.000
332227.8887	4128579.5845	1.000
332227.5802	4128579.6831	1.000
332227.2574	4128579.8006	1.000
332226.9497	4128579.9363	1.000
332226.6420	4128580.0719	1.000
332226.3343	4128580.2076	1.000
332226.0418	4128580.3614	1.000
332225.7496	4128580.5338	1.000
332225.4718	4128580.6873	1.000
332225.1944	4128580.8594	1.000
332224.9167	4128581.0130	1.000
332224.6696	4128581.2214	1.000
332224.4221	4128581.4114	1.000
332224.1901	4128581.6380	1.000
332223.9729	4128581.8644	1.000
332223.7713	4128582.1274	1.000
332223.5995	4128582.4083	1.000
332223.4274	4128582.6708	1.000
332223.2704	4128582.9514	1.000
332223.1282	4128583.2318	1.000
332223.0012	4128583.5303	1.000
332222.9033	4128583.8098	1.000
332222.8058	4128584.1077	1.000
332222.7382	4128584.4236	1.000
332222.7002	4128584.7388	1.000
332222.6917	4128585.0535	1.000
332222.6984	4128585.3864	1.000
332222.7194	4128585.7004	1.000
332222.7557	4128586.0327	1.000
332222.8066	4128586.3647	1.000
332222.8576	4128586.6967	1.000
332222.9086	4128587.0286	1.000
332222.9596	4128587.3606	1.000
332223.0250	4128587.6738	1.000
332223.1055	4128588.0052	1.000
332223.1857	4128588.3181	1.000
332223.2807	4128588.6307	1.000
332223.3752	4128588.9248	1.000
332223.4994	4128589.2183	1.000
332223.6235	4128589.5118	1.000
332223.7624	4128589.8050	1.000
332223.8865	4128590.0985	1.000
332224.0398	4128590.3730	1.000
332224.1931	4128590.6474	1.000
332224.3608	4128590.9030	1.000
332224.5289	4128591.1772	1.000
332224.7258	4128591.4137	1.000
332224.9375	4128591.6500	1.000
332225.1488	4128591.8678	1.000
332225.3748	4128592.0852	1.000
332225.6009	4128592.3027	1.000
332225.8410	4128592.4829	1.000
332226.0811	4128592.6631	1.000
332226.3504	4128592.8242	1.000
332226.6190	4128592.9483	1.000
332226.8871	4128593.0539	1.000
332227.1690	4128593.1038	1.000
332227.4656	4128593.1534	1.000
332227.7770	4128593.2026	1.000
332228.0732	4128593.2337	1.000
332228.3835	4128593.2275	1.000
332228.6938	4128593.2213	1.000
332228.9889	4128593.1969	1.000
332229.2841	4128593.1725	1.000
332229.5489	4128593.1117	1.000
332229.8281	4128593.0321	1.000
332230.0922	4128592.9343	1.000
332230.3560	4128592.8180	1.000
332230.6049	4128592.7020	1.000
332230.8539	4128592.5860	1.000
332231.0733	4128592.4706	1.000
332231.2931	4128592.3737	1.000
332231.4981	4128592.2771	1.000
332231.8505	4128592.1591	1.000
332232.0562	4128592.0995	1.000
332232.2911	4128592.0208	1.000
332232.5704	4128591.9412	1.000
332232.8788	4128591.8425	1.000
332233.2016	4128591.7250	1.000
332233.5097	4128591.6079	1.000
332233.8034	4128591.5095	1.000
332234.0819	4128591.3929	1.000
332234.3611	4128591.3133	1.000
332234.6400	4128591.2152	1.000
332234.9189	4128591.1172	1.000
332235.2125	4128591.0188	1.000
332235.4914	4128590.9207	1.000
332235.7555	4128590.8229	1.000
332236.0340	4128590.7063	1.000
332236.2977	4128590.5901	1.000
332236.5763	4128590.4735	1.000
332236.8400	4128590.3572	1.000
332237.1033	4128590.2224	1.000
332237.3667	4128590.0877	1.000
332237.6308	4128589.9899	1.000
332237.9241	4128589.8730	1.000
332238.2174	4128589.7561	1.000
332238.5107	4128589.6393	1.000
332238.8331	4128589.5033	1.000
332239.1560	4128589.3859	1.000
332239.4788	4128589.2684	1.000
332239.8164	4128589.1506	1.000
332240.1392	4128589.0332	1.000
332240.4621	4128588.9157	1.000
332240.7853	4128588.8167	1.000
332241.1229	4128588.6990	1.000
332241.4457	4128588.5815	1.000
332241.7837	4128588.4823	1.000
332242.1217	4128588.3830	1.000
332242.4445	4128588.2655	1.000
332242.7821	4128588.1478	1.000
332243.1050	4128588.0303	1.000
332243.4274	4128587.8944	1.000
332243.7506	4128587.7954	1.000
332244.0735	4128587.6779	1.000
332244.3963	4128587.5605	1.000
332244.7195	4128587.4615	1.000
332245.0431	4128587.3810	1.000
332245.3666	4128587.3005	1.000
332245.6902	4128587.2201	1.000
332246.0138	4128587.1396	1.000
332246.3370	4128587.0406	1.000
332246.6458	4128586.9604	1.000
332246.9686	4128586.8430	1.000
332247.2918	4128586.7440	1.000
332247.5999	4128586.6268	1.000
332247.9227	4128586.5094	1.000
332248.2308	4128586.3922	1.000
332248.5684	4128586.2744	1.000
332248.8912	4128586.1570	1.000
332249.2440	4128586.0574	1.000
332249.5672	4128585.9585	1.000
332249.9044	4128585.8222	1.000
332250.2420	4128585.7044	1.000
332250.5797	4128585.5867	1.000
332250.9025	4128585.4692	1.000
332251.2401	4128585.3515	1.000
332251.5622	4128585.1970	1.000
332251.9002	4128585.0978	1.000
332252.2230	4128584.9803	1.000
332252.5311	4128584.8631	1.000
332252.8391	4128584.7460	1.000
332253.1472	4128584.6288	1.000
332253.4704	4128584.5298	1.000
332253.7936	4128584.4309	1.000
332254.1168	4128584.3319	1.000
332254.4551	4128584.2511	1.000
332254.7946	4128584.2258	1.000
332255.1640	4128584.2184	1.000
332255.5334	4128584.2110	1.000
332255.9035	4128584.2406	1.000
332256.2743	4128584.3072	1.000
332256.6308	4128584.3926	1.000
332256.9876	4128584.4964	1.000
332257.3441	4128584.5818	1.000
332257.6858	4128584.6675	1.000
332258.0127	4128584.7534	1.000
332258.3097	4128584.8215	1.000
332258.6355	4128584.8519	1.000
332258.9760	4128584.8821	1.000
332259.3026	4128584.9496	1.000
332259.6143	4128585.0173	1.000
332259.9261	4128585.0851	1.000
332260.2523	4128585.1341	1.000
332260.5784	4128585.1830	1.000
332260.8902	4128585.2508	1.000
332261.1868	4128585.3004	1.000
332261.4982	4128585.3496	1.000
332261.8099	4128585.4174	1.000
332262.1066	4128585.4670	1.000
332262.4179	4128585.5162	1.000
332262.7142	4128585.5473	1.000
332263.0248	4128585.5596	1.000
332263.3355	4128585.5719	1.000
332263.6465	4128585.6026	1.000
332263.9276	4128585.6155	1.000
332264.2231	4128585.6096	1.000
332264.5031	4128585.5670	1.000
332264.7986	4128585.5611	1.000
332265.0941	4128585.5552	1.000
332265.3896	4128585.5492	1.000
332265.6704	4128585.5436	1.000
332265.9659	4128585.5377	1.000
332266.2466	4128585.5321	1.000
332266.5421	4128585.5262	1.000
332266.8228	4128585.5206	1.000
332267.1039	4128585.5334	1.000
332267.3699	4128585.5281	1.000
332267.6506	4128585.5225	1.000
332267.9169	4128585.5357	1.000
332268.1977	4128585.5300	1.000
332268.4492	4128585.5435	1.000
332268.7152	4128585.5382	1.000
332268.9667	4128585.5516	1.000
332269.2179	4128585.5466	1.000
332269.5452	4128585.6511	1.000
