508014.9951	3881286.2730	1.000
508014.8433	3881286.1066	1.000
508014.7067	3881285.9401	1.000
508014.5549	3881285.6997	1.000
508014.4335	3881285.4963	1.000
508014.3274	3881285.2374	1.000
508014.2365	3881284.9231	1.000
508014.1760	3881284.6088	1.000
508014.1764	3881284.2207	1.000
508014.1917	3881284.0174	1.000
508014.2375	3881283.8141	1.000
508014.2833	3881283.5924	1.000
508014.3594	3881283.3891	1.000
508014.4508	3881283.1674	1.000
508014.5725	3881282.9642	1.000
508014.7095	3881282.7425	1.000
508014.8768	3881282.5579	1.000
508015.0593	3881282.3732	1.000
508015.2418	3881282.2255	1.000
508015.4546	3881282.0963	1.000
508015.6826	3881281.9671	1.000
508015.9258	3881281.8749	1.000
508016.1690	3881281.8012	1.000
508016.4122	3881281.7460	1.000
508016.6705	3881281.7092	1.000
508016.9137	3881281.6910	1.000
508017.1720	3881281.7097	1.000
508017.4150	3881281.7468	1.000
508017.6733	3881281.8210	1.000
508017.9011	3881281.9136	1.000
508018.1290	3881282.0247	1.000
508018.3416	3881282.1543	1.000
508018.5390	3881282.3023	1.000
508018.7212	3881282.4688	1.000
508018.8882	3881282.6538	1.000
508019.0247	3881282.8572	1.000
508019.1613	3881283.0607	1.000
508019.2523	3881283.3010	1.000
508019.3280	3881283.5229	1.000
508019.4038	3881283.7632	1.000
508019.4340	3881284.0035	1.000
508019.4490	3881284.2438	1.000
508019.4487	3881284.4841	1.000
508019.4030	3881284.7244	1.000
508019.3268	3881284.9646	1.000
508019.2506	3881285.2048	1.000
508019.1440	3881285.4265	1.000
508019.0071	3881285.6297	1.000
508018.8702	3881285.8329	1.000
508018.7180	3881286.0176	1.000
508018.5508	3881286.1653	1.000
508018.3531	3881286.3130	1.000
508018.1555	3881286.4422	1.000
508017.9274	3881286.5713	1.000
508017.7146	3881286.6636	1.000
508017.4714	3881286.7373	1.000
508017.2435	3881286.7741	1.000
508017.0003	3881286.8108	1.000
508016.7724	3881286.8106	1.000
508016.5293	3881286.8104	1.000
508016.3014	3881286.7732	1.000
508016.0735	3881286.7176	1.000
508015.8609	3881286.6250	1.000
508015.6482	3881286.5324	1.000
508015.4508	3881286.4028	1.000
508015.2534	3881286.2733	1.000
508015.0712	3881286.1068	1.000
508014.9042	3881285.9403	1.000
508014.7676	3881285.7553	1.000
508014.6462	3881285.5704	1.000
508014.5248	3881285.3670	1.000
508014.4338	3881285.1636	1.000
508014.3581	3881284.9417	1.000
508014.3127	3881284.7199	1.000
508014.2825	3881284.4980	1.000
508014.2827	3881284.2763	1.000
508014.2981	3881284.0360	1.000
508014.3135	3881283.7957	1.000
508014.3745	3881283.5740	1.000
508014.4354	3881283.3707	1.000
508014.5268	3881283.1675	1.000
508014.6181	3881282.9643	1.000
508014.7398	3881282.7795	1.000
508014.8768	3881282.5948	1.000
508015.0289	3881282.4286	1.000
508015.1961	3881282.2809	1.000
508015.3786	3881282.1332	1.000
508015.5762	3881282.0040	1.000
508015.7891	3881281.8748	1.000
508016.0019	3881281.7826	1.000
508016.2299	3881281.7088	1.000
508016.4427	3881281.6536	1.000
508016.6858	3881281.6353	1.000
508016.9137	3881281.5985	1.000
508017.1569	3881281.6172	1.000
508017.4000	3881281.6359	1.000
508017.6278	3881281.6916	1.000
508017.8405	3881281.7657	1.000
508018.0683	3881281.8583	1.000
508018.2658	3881281.9694	1.000
508018.4632	3881282.0805	1.000
508018.6454	3881282.2285	1.000
508018.8124	3881282.3765	1.000
508018.9794	3881282.5430	1.000
508019.1160	3881282.7279	1.000
508019.2374	3881282.9129	1.000
508019.3436	3881283.1348	1.000
508019.4194	3881283.3382	1.000
508019.4648	3881283.5600	1.000
508019.5253	3881283.8003	1.000
508019.5555	3881284.0221	1.000
508019.5553	3881284.2624	1.000
508019.5399	3881284.4842	1.000
508019.4941	3881284.7060	1.000
508019.4331	3881284.9462	1.000
508019.3418	3881285.1679	1.000
508019.2352	3881285.3896	1.000
508019.1135	3881285.5928	1.000
508018.9766	3881285.7775	1.000
508018.8093	3881285.9622	1.000
508018.6268	3881286.1284	1.000
508018.4443	3881286.2761	1.000
508018.2315	3881286.4053	1.000
508018.0186	3881286.5160	1.000
508017.8058	3881286.6082	1.000
508017.5778	3881286.6819	1.000
508017.3347	3881286.7372	1.000
508017.1067	3881286.7739	1.000
508016.8636	3881286.7737	1.000
508016.6357	3881286.7550	1.000
508016.4078	3881286.7364	1.000
508016.1799	3881286.6622	1.000
508015.9673	3881286.5881	1.000
508015.7546	3881286.4955	1.000
508015.5420	3881286.3659	1.000
508015.3598	3881286.2364	1.000
508015.1776	3881286.0884	1.000
508015.0106	3881285.9219	1.000
508014.8588	3881285.7554	1.000
508014.7374	3881285.5520	1.000
508014.6312	3881285.3486	1.000
508014.5402	3881285.1452	1.000
508014.4644	3881284.9418	1.000
508014.4039	3881284.7015	1.000
508014.3737	3881284.4796	1.000
508014.3587	3881284.2578	1.000
508014.3589	3881284.0360	1.000
508014.3894	3881283.8143	1.000
508014.4352	3881283.5925	1.000
508014.4962	3881283.3708	1.000
508014.5724	3881283.1675	1.000
508014.6637	3881282.9643	1.000
508014.7854	3881282.7611	1.000
508014.9072	3881282.5764	1.000
508015.0593	3881282.4102	1.000
508015.2114	3881282.2439	1.000
508015.3938	3881282.1147	1.000
508015.5915	3881281.9670	1.000
508015.8043	3881281.8378	1.000
508016.0171	3881281.7456	1.000
508016.2299	3881281.6719	1.000
508016.4579	3881281.6166	1.000
508016.6858	3881281.5799	1.000
508016.9138	3881281.5431	1.000
508017.1417	3881281.5248	1.000
508017.3696	3881281.5620	1.000
508017.5975	3881281.5991	1.000
508017.8254	3881281.6548	1.000
508018.0380	3881281.7474	1.000
508018.2355	3881281.8400	1.000
508018.4329	3881281.9695	1.000
508018.6151	3881282.0991	1.000
508018.7973	3881282.2471	1.000
508018.9492	3881282.3951	1.000
508019.0858	3881282.5801	1.000
508019.2223	3881282.7650	1.000
508019.3437	3881282.9499	1.000
508019.4347	3881283.1533	1.000
508019.5105	3881283.3752	1.000
508019.5559	3881283.5970	1.000
508019.6013	3881283.8189	1.000
508019.6011	3881284.0591	1.000
508019.6009	3881284.2809	1.000
508019.5703	3881284.5027	1.000
508019.5245	3881284.7245	1.000
508019.4483	3881284.9462	1.000
508019.3570	3881285.1679	1.000
508019.2352	3881285.3711	1.000
508019.1135	3881285.5743	1.000
508018.9614	3881285.7775	1.000
508018.7941	3881285.9437	1.000
508018.6116	3881286.1099	1.000
508018.4291	3881286.2391	1.000
508018.2315	3881286.3683	1.000
508018.0187	3881286.4605	1.000
508017.7907	3881286.5527	1.000
508017.5627	3881286.6080	1.000
508017.3348	3881286.6448	1.000
508017.1068	3881286.6815	1.000
508016.8637	3881286.6813	1.000
508016.6358	3881286.6626	1.000
508016.4079	3881286.6255	1.000
508016.2104	3881286.5698	1.000
508015.9977	3881286.4957	1.000
508015.8003	3881286.3846	1.000
508015.6180	3881286.2921	1.000
508015.3143	3881286.0700	1.000
508015.1018	3881285.8480	1.000
508014.9500	3881285.6446	1.000
508014.8286	3881285.4781	1.000
508014.7073	3881285.2747	1.000
508014.9200	3881285.2379	1.000
508015.2086	3881285.3121	1.000
508015.4516	3881285.5156	1.000
508015.5880	3881285.8485	1.000
508015.6181	3881286.1812	1.000
508015.7243	3881286.3661	1.000
508015.9370	3881286.4032	1.000
508016.2105	3881286.4220	1.000
508016.4385	3881286.4222	1.000
508016.6968	3881286.3854	1.000
508016.9552	3881286.3302	1.000
508017.1680	3881286.2565	1.000
508017.3960	3881286.1643	1.000
508017.6240	3881286.0536	1.000
508017.8216	3881285.9059	1.000
508017.9889	3881285.7582	1.000
508018.1714	3881285.5920	1.000
508018.3539	3881285.3703	1.000
508018.5213	3881285.1302	1.000
508018.6431	3881284.8900	1.000
508018.7345	3881284.6314	1.000
508018.8107	3881284.3357	1.000
508018.8718	3881284.0215	1.000
508018.8872	3881283.7073	1.000
508018.8571	3881283.4301	1.000
508018.7814	3881283.1158	1.000
508018.6601	3881282.8015	1.000
508018.4933	3881282.4317	1.000
508018.3719	3881282.2467	1.000
508018.2505	3881282.0803	1.000
508018.0987	3881281.9138	1.000
508017.9317	3881281.7658	1.000
508017.7646	3881281.6363	1.000
508017.5824	3881281.5067	1.000
508017.4001	3881281.4141	1.000
508017.2179	3881281.3216	1.000
508017.0204	3881281.2475	1.000
508016.8229	3881281.2103	1.000
508016.6254	3881281.1547	1.000
508016.4127	3881281.1360	1.000
508016.2000	3881281.1358	1.000
508015.9873	3881281.1541	1.000
508015.7745	3881281.1724	1.000
508015.5769	3881281.2277	1.000
508015.3793	3881281.2830	1.000
508015.1969	3881281.3752	1.000
508014.9993	3881281.4675	1.000
508014.8169	3881281.5597	1.000
508014.6496	3881281.6890	1.000
508014.3455	3881281.9844	1.000
508014.2086	3881282.1506	1.000
508014.0869	3881282.3354	1.000
508013.9955	3881282.5201	1.000
508013.9042	3881282.7049	1.000
508013.8128	3881282.9266	1.000
508013.7519	3881283.1298	1.000
508013.7213	3881283.3331	1.000
508013.6907	3881283.5364	1.000
508013.6905	3881283.7582	1.000
508013.7055	3881283.9615	1.000
508013.7205	3881284.1833	1.000
508013.7660	3881284.3867	1.000
508013.8114	3881284.5900	1.000
508013.9630	3881284.9783	1.000
508014.0692	3881285.1632	1.000
508014.2816	3881285.5146	1.000
508014.4182	3881285.6626	1.000
508014.5548	3881285.8106	1.000
508014.7219	3881285.9401	1.000
508014.8889	3881286.0511	1.000
508015.0863	3881286.1622	1.000
508015.2686	3881286.2548	1.000
508015.4661	3881286.3289	1.000
508015.6635	3881286.4030	1.000
508015.8762	3881286.4402	1.000
508016.2865	3881286.4775	1.000
508016.4992	3881286.4777	1.000
508016.7119	3881286.4594	1.000
508016.9247	3881286.4226	1.000
508017.1223	3881286.3673	1.000
508017.3199	3881286.2936	1.000
508017.5175	3881286.2198	1.000
508017.6999	3881286.1276	1.000
508017.8823	3881286.0168	1.000
508018.0496	3881285.8876	1.000
508018.3537	3881285.5921	1.000
508018.4906	3881285.4444	1.000
508018.6275	3881285.2597	1.000
508018.8254	3881284.9087	1.000
508018.9015	3881284.7054	1.000
508018.9625	3881284.5022	1.000
508019.0083	3881284.2804	1.000
508019.0541	3881284.0587	1.000
508019.0694	3881283.8369	1.000
508019.0696	3881283.6151	1.000
508019.0394	3881283.3933	1.000
508018.9941	3881283.1714	1.000
508018.9335	3881282.9681	1.000
508018.8577	3881282.7462	1.000
508018.7515	3881282.5428	1.000
508018.6453	3881282.3394	1.000
508018.5239	3881282.1545	1.000
508018.4025	3881281.9695	1.000
508018.2355	3881281.8030	1.000
508018.0685	3881281.6550	1.000
508017.9015	3881281.5070	1.000
508017.7193	3881281.3959	1.000
508017.5218	3881281.2849	1.000
508017.3092	3881281.1923	1.000
508017.1117	3881281.1366	1.000
508016.8990	3881281.0810	1.000
508016.6711	3881281.0438	1.000
508016.4584	3881281.0252	1.000
508016.2457	3881281.0250	1.000
508016.0330	3881281.0248	1.000
508015.8202	3881281.0801	1.000
508015.6074	3881281.1353	1.000
508015.3946	3881281.1906	1.000
508015.1970	3881281.3013	1.000
508015.0146	3881281.4120	1.000
508014.8169	3881281.5228	1.000
508014.6345	3881281.6520	1.000
508014.4824	3881281.8182	1.000
508014.3303	3881281.9659	1.000
508014.2086	3881282.1506	1.000
508014.0869	3881282.3354	1.000
508013.9803	3881282.5571	1.000
508013.9041	3881282.7603	1.000
508013.8280	3881282.9820	1.000
508013.7822	3881283.1853	1.000
508013.7516	3881283.4071	1.000
508013.7362	3881283.6289	1.000
508013.7512	3881283.8507	1.000
508013.7662	3881284.0725	1.000
508013.8116	3881284.2943	1.000
508013.8722	3881284.4977	1.000
508013.9480	3881284.7011	1.000
508014.0238	3881284.9044	1.000
508014.1300	3881285.1078	1.000
508014.2666	3881285.2928	1.000
508014.4032	3881285.4777	1.000
508014.5550	3881285.6442	1.000
508014.7068	3881285.7922	1.000
508014.8738	3881285.9402	1.000
508015.0409	3881286.0513	1.000
508015.2383	3881286.1624	1.000
508015.4205	3881286.2549	1.000
508015.6332	3881286.3290	1.000
508015.8459	3881286.3662	1.000
508016.0586	3881286.4034	1.000
508016.2713	3881286.4405	1.000
508016.4992	3881286.4407	1.000
508016.7271	3881286.4409	1.000
508016.9551	3881286.4041	1.000
508017.1679	3881286.3489	1.000
508017.3655	3881286.2751	1.000
508017.5783	3881286.1829	1.000
508017.7607	3881286.0906	1.000
508017.9431	3881285.9799	1.000
508018.1104	3881285.8507	1.000
508018.2777	3881285.7030	1.000
508018.4298	3881285.5367	1.000
508018.5667	3881285.3520	1.000
508018.6884	3881285.1673	1.000
508018.7949	3881284.9826	1.000
508018.8863	3881284.7793	1.000
508018.9472	3881284.5761	1.000
508018.9930	3881284.3543	1.000
508019.0388	3881284.1326	1.000
508019.0542	3881283.9108	1.000
508019.0544	3881283.6705	1.000
508019.0242	3881283.4487	1.000
508018.9788	3881283.2269	1.000
508018.9182	3881283.0050	1.000
508018.8272	3881282.8016	1.000
508018.7211	3881282.5797	1.000
508018.5997	3881282.3763	1.000
508018.4631	3881282.1914	1.000
508018.3113	3881282.0064	1.000
508018.1443	3881281.8584	1.000
508017.9621	3881281.7104	1.000
508017.7799	3881281.5808	1.000
508017.5824	3881281.4698	1.000
508017.3698	3881281.3771	1.000
508017.1571	3881281.3030	1.000
508016.9444	3881281.2659	1.000
508016.7165	3881281.2287	1.000
508016.4886	3881281.2100	1.000
508016.2759	3881281.2283	1.000
508016.0479	3881281.2651	1.000
508015.8352	3881281.3203	1.000
508015.6072	3881281.3756	1.000
508015.4096	3881281.4678	1.000
508015.2119	3881281.5786	1.000
508015.0143	3881281.6893	1.000
508014.8318	3881281.8555	1.000
508014.6646	3881282.0032	1.000
508014.5276	3881282.1879	1.000
508014.3907	3881282.3911	1.000
508014.2842	3881282.5943	1.000
508014.1928	3881282.7975	1.000
508014.1166	3881283.0193	1.000
508014.0557	3881283.2410	1.000
508014.0251	3881283.4628	1.000
508014.0097	3881283.6846	1.000
508014.0095	3881283.9248	1.000
508014.0245	3881284.1466	1.000
508014.0699	3881284.3685	1.000
508014.1456	3881284.5903	1.000
508014.2214	3881284.7937	1.000
508014.3124	3881284.9971	1.000
508014.4186	3881285.1820	1.000
508014.5400	3881285.3670	1.000
508014.6766	3881285.5150	1.000
508014.9347	3881285.7739	1.000
508015.1777	3881285.9405	1.000
508015.3903	3881286.0701	1.000
508015.5726	3881286.1626	1.000
508015.7700	3881286.2368	1.000
