508054.4867	3881303.2568	1.000
508055.1697	3881304.0522	1.000
508056.1417	3881304.6075	1.000
508057.0833	3881305.1629	1.000
508058.0857	3881305.6813	1.000
508058.9817	3881306.1996	1.000
508059.8778	3881306.6624	1.000
508060.8498	3881307.1808	1.000
508061.8522	3881307.7547	1.000
508062.8242	3881308.2361	1.000
508063.8114	3881308.7730	1.000
508064.7834	3881309.3283	1.000
508065.8010	3881309.8837	1.000
508066.6818	3881310.4020	1.000
508067.5626	3881310.9203	1.000
508068.4587	3881311.4202	1.000
508069.3395	3881311.9385	1.000
508070.2508	3881312.4383	1.000
508071.1468	3881312.9566	1.000
508072.0884	3881313.4565	1.000
508072.9996	3881314.0118	1.000
508073.8957	3881314.5486	1.000
508074.8525	3881315.0485	1.000
508075.7333	3881315.5668	1.000
508076.6901	3881316.0852	1.000
508077.5710	3881316.6035	1.000
508078.5126	3881317.1403	1.000
508079.5149	3881317.7327	1.000
508080.4261	3881318.2695	1.000
508081.3525	3881318.8248	1.000
508082.3094	3881319.2693	1.000
508083.2359	3881319.6582	1.000
508084.2234	3881319.8994	1.000
508085.2262	3881319.9003	1.000
508086.2293	3881319.6609	1.000
508087.1414	3881319.2181	1.000
508087.8866	3881318.4794	1.000
508088.4192	3881317.5743	1.000
508088.9063	3881316.5951	1.000
508089.4390	3881315.6345	1.000
508089.8957	3881314.6737	1.000
508090.4436	3881313.6577	1.000
508090.9459	3881312.6416	1.000
508091.2508	3881311.6068	1.000
508091.1605	3881310.6086	1.000
508090.8727	3881309.5918	1.000
508090.2657	3881308.7041	1.000
508089.4458	3881307.9825	1.000
508088.4434	3881307.4087	1.000
508087.3955	3881306.8348	1.000
508086.3933	3881306.1315	1.000
508085.4823	3881305.2990	1.000
508084.8907	3881304.2449	1.000
508084.7550	3881303.0249	1.000
508085.0752	3881301.8238	1.000
508085.5775	3881300.7522	1.000
508086.1407	3881299.7177	1.000
508086.6733	3881298.8310	1.000
508087.2972	3881297.7411	1.000
508087.8907	3881296.7250	1.000
508088.4083	3881295.7274	1.000
508088.9258	3881294.7298	1.000
508089.2458	3881293.6396	1.000
508089.3076	3881292.5122	1.000
508089.0047	3881291.4399	1.000
508088.4585	3881290.4968	1.000
508087.8059	3881289.6275	1.000
508086.9252	3881288.9613	1.000
508085.9077	3881288.3135	1.000
508084.8750	3881287.7211	1.000
508083.8119	3881287.1103	1.000
508082.9007	3881286.5919	1.000
508081.8527	3881285.9811	1.000
508080.9719	3881285.4997	1.000
508079.8784	3881284.9258	1.000
508078.7696	3881284.4257	1.000
508077.6455	3881284.0736	1.000
508076.5213	3881283.7399	1.000
508075.3973	3881283.3323	1.000
508074.2429	3881282.8507	1.000
508073.1797	3881282.3137	1.000
508072.1926	3881281.7584	1.000
508071.2357	3881281.2400	1.000
