508087.3140	3881295.9297	0.300
508087.7555	3881295.0060	0.300
508088.2427	3881293.9344	0.300
508088.6995	3881292.9183	0.300
508089.3383	3881292.1425	0.300
508090.2353	3881291.6443	0.300
508091.2535	3881291.4419	0.300
508092.2715	3881291.5352	0.300
508093.3350	3881291.7210	0.300
508094.3680	3881291.9622	0.300
508095.3554	3881292.2403	0.300
508096.3884	3881292.5185	0.300
508097.5582	3881292.7598	0.300
508098.6672	3881293.0011	0.300
508099.7762	3881293.2978	0.300
508100.8242	3881293.7423	0.300
508101.8266	3881294.2607	0.300
508102.7986	3881294.7606	0.300
508103.7099	3881295.2420	0.300
508102.9356	3881294.5759	0.300
508102.3893	3881293.6882	0.300
508101.9192	3881292.7082	0.300
508101.2361	3881291.8944	0.300
508100.3097	3881291.3760	0.300
508101.1601	3881291.9128	0.300
508101.8128	3881292.7451	0.300
508102.2221	3881293.8175	0.300
508102.6009	3881294.9453	0.300
508103.0862	3881296.0177	0.300
508103.7843	3881296.9610	0.300
508104.6348	3881297.4977	0.300
