508087.9973	3881296.4664	0.560
508088.4995	3881295.5981	0.560
508089.0322	3881294.6559	0.560
508089.5344	3881293.7507	0.560
508090.0519	3881292.8455	0.560
508090.7971	3881292.0699	0.560
508091.7699	3881291.6641	0.560
508092.8943	3881291.6836	0.560
508093.9576	3881292.0912	0.560
508094.9296	3881292.6096	0.560
508095.9168	3881293.1650	0.560
508096.9192	3881293.7203	0.560
508097.9064	3881294.2387	0.560
508097.4057	3881293.3696	0.560
508097.0877	3881292.2049	0.560
508096.9671	3881291.0958	0.560
508096.8009	3881290.0421	0.560
508096.3155	3881289.0621	0.560
508095.5260	3881288.4145	0.560
508094.5995	3881287.9331	0.560
508095.5106	3881288.6548	0.560
508096.0112	3881289.5424	0.560
508096.3598	3881290.4853	0.560
508096.7692	3881291.5207	0.560
508097.2392	3881292.6486	0.560
508097.6638	3881293.5916	0.560
508098.3013	3881294.3870	0.560
508099.2429	3881294.9423	0.560
508100.2301	3881295.4422	0.560
508101.1565	3881295.9421	0.560
508102.1589	3881296.4790	0.560
508103.1006	3881296.9788	0.560
