508033.4000	3881298.9501	2.778
508032.4889	3881298.3578	2.778
508031.5776	3881297.8580	2.778
508030.6208	3881297.3211	2.778
508029.6640	3881296.8213	2.778
508028.6768	3881296.3029	2.778
508027.7048	3881295.7660	2.778
508026.7936	3881295.2477	2.778
508025.8975	3881294.7478	2.778
508024.9863	3881294.2480	2.778
508024.0143	3881293.6927	2.778
508023.0271	3881293.1188	2.778
508022.0552	3881292.5450	2.778
508021.1136	3881291.9712	2.778
508020.1416	3881291.3789	2.778
508019.2760	3881290.8606	2.778
508018.3040	3881290.2683	2.778
508017.3473	3881289.6575	2.778
508016.4057	3881289.1022	2.778
508015.5705	3881288.5469	2.778
508014.5986	3881287.8807	2.778
508013.6571	3881287.2515	2.778
508012.6851	3881286.6222	2.778
508011.6676	3881286.0113	2.778
508010.6045	3881285.4744	2.778
508009.6779	3881285.0670	2.778
508008.5843	3881284.6409	2.778
508007.4144	3881284.5474	2.778
508006.2593	3881284.8237	2.778
508005.3623	3881285.3589	2.778
508004.4502	3881285.8941	2.778
508003.7050	3881286.6143	2.778
508003.2635	3881287.6120	2.778
508002.8676	3881288.5542	2.778
508002.4869	3881289.4965	2.778
508002.0149	3881290.5866	2.778
508001.6038	3881291.5474	2.778
508001.1774	3881292.5266	2.778
508000.7206	3881293.5982	2.778
508000.2639	3881294.6698	2.778
507999.8375	3881295.7230	2.778
507999.5630	3881296.7947	2.778
507999.5165	3881297.8482	2.778
507999.7891	3881298.9020	2.778
508000.0921	3881299.9003	2.778
508000.3040	3881300.8986	2.778
508000.5917	3881302.0448	2.778
508001.4874	3881302.8403	2.778
508002.3377	3881303.5804	2.778
508003.4161	3881304.0804	2.778
508004.3122	3881304.5248	2.778
508005.2235	3881304.9877	2.778
508006.1044	3881305.4690	2.778
508007.1675	3881306.0614	2.778
508008.2002	3881306.6537	2.778
508009.2329	3881307.2831	2.778
508010.3264	3881307.9125	2.778
508011.2376	3881308.3938	2.778
508012.1641	3881308.8752	2.778
508013.0906	3881309.3381	2.778
508014.0322	3881309.8379	2.778
508014.8521	3881310.5225	2.778
508015.5200	3881311.3733	2.778
508016.2791	3881312.0764	2.778
508017.0078	3881312.7978	2.778
508017.8579	3881313.7043	2.778
508018.6472	3881314.6661	2.778
508019.3605	3881315.6463	2.778
508019.9826	3881316.6449	2.778
508020.5743	3881317.6620	2.778
508021.1356	3881318.6975	2.778
508021.6513	3881319.7700	2.778
508022.1365	3881320.8425	2.778
508022.5914	3881321.9149	2.778
508023.0007	3881323.0242	2.778
508023.3948	3881324.1520	2.778
508023.7736	3881325.3168	2.778
508024.1373	3881326.5000	2.778
508024.4401	3881327.6647	2.778
508024.6974	3881328.7924	2.778
508024.8636	3881329.9570	2.778
508025.0449	3881331.1400	2.778
508025.0894	3881332.3045	2.778
508025.1340	3881333.4505	2.778
508025.0722	3881334.6333	2.778
508024.9495	3881335.8346	2.778
508024.7815	3881336.8880	2.778
508024.5221	3881338.1076	2.778
508024.1717	3881339.1239	2.778
508023.7758	3881340.0477	2.778
508023.0914	3881340.7864	2.778
508022.6195	3881341.7286	2.778
508021.7377	3881342.3378	2.778
508020.7347	3881342.4847	2.778
508019.7620	3881342.7427	2.778
508018.6830	3881342.9820	2.778
508017.7255	3881343.2769	2.778
508016.7678	3881343.7566	2.778
508016.7061	3881344.7916	2.778
508017.5869	3881345.3283	2.778
508018.2713	3881344.5896	2.778
508019.0013	3881343.8140	2.778
508019.4124	3881342.8902	2.778
508020.0362	3881341.9666	2.778
508020.6145	3881340.9506	2.778
508021.2231	3881340.0639	2.778
508021.6038	3881339.1216	2.778
508021.5895	3881338.0496	2.778
508022.0918	3881337.1259	2.778
508022.5941	3881336.1098	2.778
508022.8991	3881334.9086	2.778
508022.9608	3881333.8367	2.778
508023.4783	3881332.7836	2.778
508024.0414	3881331.8415	2.778
508024.5286	3881330.7699	2.778
508025.0005	3881329.6983	2.778
508025.4877	3881328.6082	2.778
508025.6103	3881327.4624	2.778
508025.7025	3881326.3166	2.778
508025.9769	3881325.3372	2.778
508026.3880	3881324.3764	2.778
508026.7384	3881323.3232	2.778
508027.1191	3881322.3625	2.778
508027.5605	3881321.4572	2.778
508028.0476	3881320.5519	2.778
508028.7018	3881319.6469	2.778
508028.8699	3881318.4641	2.778
508028.1266	3881317.1511	2.778
508027.5956	3881316.1341	2.778
508027.0950	3881315.2280	2.778
508026.5038	3881313.6934	2.778
508026.1858	3881312.4363	2.778
508026.0350	3881311.0869	2.778
508026.9321	3881310.4223	2.778
508027.2825	3881309.3506	2.778
508028.1340	3881308.7599	2.778
508028.3933	3881307.5957	2.778
508029.0324	3881306.6167	2.778
508030.0508	3881306.2109	2.778
508031.1753	3881306.1380	2.778
508032.3151	3881305.8803	2.778
508033.5309	3881305.6410	2.778
508034.5491	3881305.4571	2.778
508035.6737	3881305.2733	2.778
508036.7375	3881305.1079	2.778
508063.5850	3881341.3028	2.778
508064.5873	3881342.0060	2.778
508065.6809	3881342.4876	2.778
508066.7292	3881342.6363	2.778
508067.7471	3881342.7851	2.778
508068.5682	3881342.1020	2.778
508069.9508	3881342.2695	2.778
508070.7708	3881342.8617	2.778
508071.7582	3881343.1768	2.778
508072.7606	3881343.6213	2.778
