508037.4281	3881297.3641	2.778
508036.5473	3881296.8273	2.778
508035.5297	3881296.2165	2.778
508034.5122	3881295.6611	2.778
508033.6313	3881295.1798	2.778
508032.6593	3881294.6984	2.778
508031.6874	3881294.0506	2.778
508030.7761	3881293.5138	2.778
508029.8345	3881293.0694	2.778
508028.7105	3881292.5878	2.778
508027.6776	3881292.1064	2.778
508026.5993	3881291.5140	2.778
508025.7032	3881291.0696	2.778
508024.6856	3881290.5327	2.778
508023.8048	3881290.0328	2.778
508022.9391	3881289.4961	2.778
508022.0583	3881288.9593	2.778
508021.1927	3881288.4225	2.778
508020.3422	3881287.8858	2.778
508019.2639	3881287.2749	2.778
508018.3983	3881286.7196	2.778
508017.5327	3881286.1644	2.778
508016.5759	3881285.6275	2.778
508015.6495	3881285.1092	2.778
508014.6319	3881284.5353	2.778
508013.6143	3881284.0723	2.778
508012.5662	3881283.6833	2.778
508011.4419	3881283.4975	2.778
508010.3630	3881283.6074	2.778
508009.4054	3881283.9208	2.778
508008.5085	3881284.4190	2.778
508007.7785	3881285.1577	2.778
508007.1548	3881285.9889	2.778
508006.5766	3881286.8571	2.778
508006.0895	3881287.8362	2.778
508005.5872	3881288.7969	2.778
508005.0545	3881289.7760	2.778
508004.5977	3881290.9031	2.778
508004.2777	3881291.9933	2.778
508004.0184	3881293.0466	2.778
508003.7894	3881294.2663	2.778
508003.6669	3881295.3751	2.778
508003.6051	3881296.5026	2.778
508003.7561	3881297.5747	2.778
508004.1655	3881298.5547	2.778
508004.6965	3881299.4793	2.778
508005.3492	3881300.2561	2.778
508006.3666	3881300.9779	2.778
508007.3234	3881301.5147	2.778
508008.2649	3881302.1809	2.778
508009.2217	3881302.7363	2.778
508010.1329	3881303.2731	2.778
508011.0441	3881303.8099	2.778
508011.9705	3881304.4206	2.778
508012.9121	3881304.9944	2.778
508013.8992	3881305.5683	2.778
508014.9016	3881306.1606	2.778
508015.9039	3881306.7714	2.778
508016.8607	3881307.3452	2.778
508017.9086	3881307.9007	2.778
508018.9413	3881308.5854	2.778
508019.7914	3881309.3994	2.778
508020.2464	3881310.3979	2.778
508020.3974	3881311.4885	2.778
508020.2293	3881312.5974	2.778
508019.8484	3881313.7245	2.778
508019.3004	3881314.8700	2.778
508018.7220	3881315.9599	2.778
508018.0981	3881316.9760	2.778
508017.4742	3881318.0474	2.778
508016.8655	3881319.0634	2.778
508016.2568	3881320.0795	2.778
508015.6633	3881321.1510	2.778
508015.0090	3881322.1485	2.778
508014.3547	3881323.2384	2.778
508013.7916	3881324.2544	2.778
508013.1829	3881325.2520	2.778
508012.5438	3881326.3419	2.778
508011.9199	3881327.3579	2.778
508011.2809	3881328.3185	2.778
508010.6114	3881329.3529	2.778
508009.9723	3881330.3874	2.778
508009.3028	3881331.4034	2.778
508008.6182	3881332.4009	2.778
508007.9336	3881333.3244	2.778
508007.2338	3881334.2479	2.778
508006.3670	3881335.1159	2.778
508005.3028	3881335.6879	2.778
508004.1478	3881335.8902	2.778
508002.9020	3881335.7597	2.778
508001.6563	3881335.3705	2.778
508000.4869	3881334.7780	2.778
507999.6060	3881334.2412	2.778
507998.4823	3881333.5194	2.778
507997.4344	3881332.8531	2.778
507996.2954	3881332.1497	2.778
507995.1716	3881331.4464	2.778
507994.2908	3881330.9651	2.778
507993.2277	3881330.3172	2.778
507992.1798	3881329.6324	2.778
507991.3294	3881329.0957	2.778
507990.2663	3881328.4478	2.778
507989.2185	3881327.7261	2.778
507988.2012	3881326.9119	2.778
507987.1991	3881326.0793	2.778
507986.2881	3881325.2653	2.778
507985.5900	3881324.2666	2.778
507985.1656	3881323.1018	2.778
507985.0907	3881321.8818	2.778
507985.2589	3881320.6252	2.778
507985.5335	3881319.4055	2.778
507985.9449	3881318.1490	2.778
507986.5081	3881316.9481	2.778
507986.9344	3881316.0244	2.778
507987.5432	3881314.8605	2.778
507988.1520	3881313.7520	2.778
507988.7456	3881312.6436	2.778
507989.3847	3881311.5536	2.778
507990.0239	3881310.4083	2.778
507990.5413	3881309.5215	2.778
507991.0435	3881308.6533	2.778
507991.6979	3881307.5079	2.778
507992.3826	3881306.4365	2.778
507992.9151	3881305.5868	2.778
507993.4173	3881304.7185	2.778
507993.9347	3881303.8318	2.778
507994.6043	3881302.6679	2.778
507995.1369	3881301.8182	2.778
507995.7761	3881300.6728	2.778
507996.4153	3881299.5274	2.778
507997.0696	3881298.4190	2.778
507997.7240	3881297.2921	2.778
507998.3480	3881296.1283	2.778
507998.9720	3881295.0014	2.778
507999.5960	3881293.8744	2.778
508000.0830	3881292.9877	2.778
508000.6766	3881291.8053	2.778
508001.3006	3881290.7154	2.778
508001.9246	3881289.5700	2.778
508002.5486	3881288.4246	2.778
508003.2030	3881287.2977	2.778
508003.8117	3881286.1708	2.778
508004.4813	3881285.0439	2.778
508004.9380	3881284.1386	2.778
508005.4098	3881283.2334	2.778
508005.9272	3881282.3467	2.778
508006.7182	3881281.3308	2.778
508007.6611	3881280.4814	2.778
508008.7405	3881279.7985	2.778
508009.9108	3881279.4114	2.778
508011.1265	3881279.3570	2.778
508012.3874	3881279.6354	2.778
508013.6179	3881279.9322	2.778
508014.7875	3881280.3953	2.778
508015.9570	3881281.0062	2.778
508017.0809	3881281.6357	2.778
508017.9617	3881282.1170	2.778
508018.8426	3881282.5983	2.778
508019.7235	3881283.0797	2.778
508020.8322	3881283.6721	2.778
508021.8801	3881284.2460	2.778
508023.0192	3881284.8384	2.778
508024.1127	3881285.4309	2.778
508025.1911	3881286.0048	2.778
508026.2846	3881286.6157	2.778
508027.4388	3881287.2821	2.778
508028.5778	3881287.9115	2.778
508029.4587	3881288.3929	2.778
508030.5522	3881289.0222	2.778
508031.6457	3881289.5962	2.778
508032.7240	3881290.2256	2.778
508033.8327	3881290.8365	2.778
508034.9870	3881291.4105	2.778
508036.1412	3881292.0214	2.778
508037.2196	3881292.5953	2.778
508038.2068	3881293.0953	2.778
508039.2092	3881293.6137	2.778
