508046.3227	3881308.2215	2.778
508047.4466	3881308.7215	2.778
508048.4490	3881309.2769	2.778
508049.3754	3881309.8322	2.778
508050.3170	3881310.4060	2.778
508051.2130	3881310.9243	2.778
508052.2002	3881311.4797	2.778
508053.2025	3881312.0351	2.778
508054.2049	3881312.6089	2.778
508055.2225	3881313.1458	2.778
508056.2249	3881313.6642	2.778
508057.2425	3881314.1827	2.778
508058.2600	3881314.7381	2.778
508059.2624	3881315.2565	2.778
508060.2496	3881315.7564	2.778
508061.2216	3881316.2933	2.778
508062.2240	3881316.8856	2.778
508063.2719	3881317.4780	2.778
508064.2894	3881318.0519	2.778
508065.2462	3881318.5517	2.778
508066.2334	3881319.0886	2.778
508067.2510	3881319.6255	2.778
508068.2686	3881320.1809	2.778
508069.3013	3881320.7918	2.778
508070.3340	3881321.3657	2.778
508071.3972	3881321.9026	2.778
508072.4147	3881322.4395	2.778
508073.4172	3881322.9395	2.778
508074.4651	3881323.4579	2.778
508075.5131	3881324.0503	2.778
508076.5155	3881324.5687	2.778
508077.5789	3881324.7915	2.778
508078.5216	3881324.0715	2.778
508079.1302	3881323.1663	2.778
508079.6477	3881322.1687	2.778
508080.1197	3881321.1341	2.778
508080.5917	3881320.0255	2.778
508081.0333	3881318.9354	2.778
508081.4445	3881317.8638	2.778
508081.8861	3881316.8476	2.778
508082.2820	3881315.8868	2.778
508082.5262	3881314.7226	2.778
508082.0865	3881313.5948	2.778
508081.2362	3881312.9286	2.778
508080.3402	3881312.3918	2.778
508079.2314	3881311.8918	2.778
508078.3049	3881311.4104	2.778
508077.4850	3881310.7443	2.778
508076.8779	3881309.9305	2.778
508076.6661	3881308.9508	2.778
508076.6670	3881307.9342	2.778
508076.9111	3881306.8439	2.778
508077.2767	3881305.7537	2.778
508077.7031	3881304.7006	2.778
508078.1902	3881303.7029	2.778
508078.7078	3881302.6684	2.778
508079.2253	3881301.6153	2.778
508079.6973	3881300.6176	2.778
508080.1236	3881299.6384	2.778
508080.5499	3881298.6592	2.778
508080.9459	3881297.6615	2.778
508081.1291	3881296.6636	2.778
508080.8109	3881295.6467	2.778
508080.1735	3881294.8144	2.778
508079.3231	3881294.1668	2.778
508078.4120	3881293.5375	2.778
508077.5160	3881292.9453	2.778
508076.5441	3881292.3714	2.778
508075.5569	3881291.8346	2.778
508074.5393	3881291.2976	2.778
508073.5673	3881290.7423	2.778
508072.5497	3881290.2793	2.778
508071.4560	3881289.8717	2.778
508070.3013	3881289.7228	2.778
508069.2071	3881289.9991	2.778
508068.3554	3881290.7931	2.778
508067.6253	3881291.6242	2.778
508067.0016	3881292.5293	2.778
508066.4385	3881293.5084	2.778
508065.9057	3881294.5430	2.778
508065.4035	3881295.5036	2.778
508064.8708	3881296.4643	2.778
508064.3988	3881297.5174	2.778
508063.9724	3881298.6075	2.778
508063.5005	3881299.6052	2.778
508062.9374	3881300.6028	2.778
508062.3591	3881301.5818	2.778
508061.7200	3881302.6348	2.778
508061.1112	3881303.6878	2.778
508060.5785	3881304.7408	2.778
508060.1066	3881305.7385	2.778
508059.6954	3881306.7177	2.778
508059.3755	3881307.6970	2.778
508058.4482	3881308.1398	2.778
508057.5510	3881308.8968	2.778
508056.7602	3881309.7094	2.778
508055.9239	3881310.3925	2.778
508055.0572	3881311.0571	2.778
508054.2056	3881311.7587	2.778
508053.2174	3881312.3678	2.778
508052.1838	3881312.8474	2.778
508051.1197	3881313.2901	2.778
508049.9494	3881313.6772	2.778
508048.8095	3881313.9719	2.778
508047.6849	3881314.2297	2.778
508046.5449	3881314.5983	2.778
508045.5266	3881314.9116	2.778
508044.3872	3881314.6888	2.778
508043.3696	3881314.2074	2.778
508042.3369	3881313.5965	2.778
508041.1522	3881313.0410	2.778
508039.9826	3881312.4854	2.778
508038.9043	3881311.9670	2.778
508037.8562	3881311.5409	2.778
508036.7320	3881311.2627	2.778
508035.6077	3881311.1508	2.778
508034.4984	3881311.2792	2.778
508033.5105	3881311.4632	2.778
508032.4468	3881311.6286	2.778
508031.4439	3881311.6646	2.778
508030.4410	3881311.7192	2.778
508029.4380	3881311.7923	2.778
508028.4200	3881311.7359	2.778
