508092.7720	3881309.6305	1.000
508091.8608	3881309.1306	1.000
508090.8128	3881308.5937	1.000
508089.8104	3881308.0937	1.000
508088.8687	3881307.6308	1.000
508087.9270	3881307.1864	1.000
508086.9854	3881306.6865	1.000
508086.0285	3881306.2051	1.000
508084.9654	3881305.6497	1.000
508084.0390	3881305.1498	1.000
508083.1277	3881304.6869	1.000
508082.2164	3881304.2056	1.000
508081.3203	3881303.7612	1.000
508080.4242	3881303.3168	1.000
508081.2592	3881304.0938	1.000
508081.6838	3881305.0553	1.000
508081.6676	3881306.2012	1.000
508081.3021	3881307.1435	1.000
508080.7238	3881308.1781	1.000
508080.1911	3881309.1572	1.000
508079.6585	3881310.0439	1.000
508080.1759	3881309.1757	1.000
508080.7542	3881308.1781	1.000
508081.3629	3881307.1621	1.000
508082.1081	3881306.4234	1.000
508083.2481	3881306.0178	1.000
508084.5245	3881305.9820	1.000
508085.6031	3881306.1678	1.000
508086.6664	3881306.5569	1.000
508087.6841	3881306.9829	1.000
508088.5954	3881307.4273	1.000
508089.5674	3881307.9087	1.000
508090.4939	3881308.4086	1.000
508091.4203	3881308.9269	1.000
