508092.7263	3881309.7044	1.000
508091.8151	3881309.2045	1.000
508090.7823	3881308.6491	1.000
508089.7951	3881308.1307	1.000
508088.8687	3881307.6678	1.000
508087.7903	3881307.1678	1.000
508086.6208	3881306.5753	1.000
508085.7247	3881306.0939	1.000
508084.7072	3881305.5201	1.000
508083.6896	3881304.9647	1.000
508082.6265	3881304.4462	1.000
508081.6089	3881303.9278	1.000
508080.6672	3881303.4279	1.000
508081.5784	3881303.9647	1.000
508082.5352	3881304.5385	1.000
508083.3247	3881305.3155	1.000
508083.7036	3881306.3694	1.000
508083.5962	3881307.5522	1.000
508083.1547	3881308.4575	1.000
508082.6372	3881309.4366	1.000
508082.1350	3881310.3418	1.000
508081.6175	3881311.3025	1.000
508082.1198	3881310.3788	1.000
508082.6373	3881309.3996	1.000
508083.3067	3881308.4576	1.000
508084.1430	3881307.8115	1.000
508085.2981	3881307.4428	1.000
508086.6353	3881307.3516	1.000
508087.7140	3881307.5189	1.000
508088.8534	3881307.7787	1.000
508090.0078	3881308.2233	1.000
508091.0557	3881308.7787	1.000
508092.0430	3881309.2602	1.000
