508096.8983	3881300.1339	1.000
508096.0327	3881299.5602	1.000
508094.9999	3881298.9678	1.000
508094.0583	3881298.4494	1.000
508093.0711	3881297.9310	1.000
508092.0991	3881297.4311	1.000
508091.0662	3881297.0421	1.000
508089.9418	3881297.0595	1.000
508088.9537	3881297.4468	1.000
508088.1175	3881298.0190	1.000
508087.3267	3881298.8316	1.000
508086.5356	3881299.8289	1.000
508085.8967	3881300.6971	1.000
508085.1968	3881301.7685	1.000
508084.6642	3881302.6367	1.000
508084.1164	3881303.5234	1.000
508083.5838	3881304.4101	1.000
508083.0663	3881305.3338	1.000
508082.5793	3881306.2390	1.000
508082.0770	3881307.1442	1.000
508081.5444	3881308.0864	1.000
508081.0422	3881308.9916	1.000
508080.5703	3881309.8784	1.000
508081.0422	3881308.9731	1.000
508081.4988	3881308.0679	1.000
508081.8492	3881307.0331	1.000
508082.0325	3881306.0167	1.000
508081.9726	3881304.9447	1.000
508081.6241	3881303.8723	1.000
508081.0779	3881302.9847	1.000
508080.1821	3881302.2446	1.000
508079.2253	3881301.6523	1.000
508078.3141	3881301.1524	1.000
508079.3165	3881301.6708	1.000
508080.3341	3881302.0784	1.000
508081.3520	3881302.3195	1.000
508082.4005	3881302.2835	1.000
508083.4036	3881301.9702	1.000
508084.3158	3881301.3980	1.000
508085.0610	3881300.6963	1.000
508085.7608	3881299.7358	1.000
508086.3846	3881298.7938	1.000
508086.9477	3881297.8147	1.000
508087.4804	3881296.7801	1.000
508087.9980	3881295.7455	1.000
508088.4851	3881294.7294	1.000
508089.0330	3881293.7688	1.000
508089.5656	3881292.8266	1.000
508090.1894	3881291.9954	1.000
508090.9649	3881291.2938	1.000
508091.8467	3881290.7585	1.000
508092.8195	3881290.4267	1.000
508093.8225	3881290.2982	1.000
508094.8556	3881290.4285	1.000
508095.7821	3881290.8175	1.000
508096.8149	3881291.3914	1.000
508096.3750	3881290.4669	1.000
508096.0112	3881289.4869	1.000
508095.2370	3881288.6545	1.000
508095.9353	3881289.4129	1.000
508096.3598	3881290.5038	1.000
508096.7843	3881291.6501	1.000
508097.2240	3881292.6671	1.000
508097.8006	3881293.5917	1.000
508098.5141	3881294.3317	1.000
508099.3797	3881294.9054	1.000
508100.3213	3881295.4053	1.000
