508096.7309	3881300.3186	1.000
508095.8045	3881299.8002	1.000
508094.7718	3881299.2079	1.000
508093.7998	3881298.6525	1.000
508092.8886	3881298.1342	1.000
508091.9925	3881297.6343	1.000
508091.0509	3881297.1529	1.000
508089.9874	3881296.9487	1.000
508088.9844	3881297.0957	1.000
508087.9507	3881297.6677	1.000
508087.1446	3881298.4987	1.000
508086.4904	3881299.4593	1.000
508085.9882	3881300.3275	1.000
508085.4860	3881301.1958	1.000
508084.9230	3881302.1009	1.000
508084.3903	3881303.0431	1.000
508083.7815	3881304.1330	1.000
508083.2489	3881305.0382	1.000
508082.7467	3881305.9434	1.000
508082.2292	3881306.8671	1.000
508081.7574	3881307.7539	1.000
508081.2703	3881308.6961	1.000
508080.7529	3881309.6013	1.000
508081.2399	3881308.7145	1.000
508081.8335	3881307.6615	1.000
508082.3965	3881306.7009	1.000
508082.9139	3881305.8142	1.000
508083.2492	3881304.7610	1.000
508083.4325	3881303.6522	1.000
508083.3728	3881302.4692	1.000
508082.9483	3881301.3783	1.000
508082.1133	3881300.5643	1.000
508081.2173	3881300.0090	1.000
508080.2301	3881299.4352	1.000
508079.3037	3881298.9353	1.000
508080.2150	3881299.4167	1.000
508081.1110	3881299.8981	1.000
508082.0983	3881300.3610	1.000
508083.1161	3881300.6207	1.000
508084.2102	3881300.5662	1.000
508085.2438	3881300.1420	1.000
508086.0649	3881299.4404	1.000
508086.5975	3881298.5722	1.000
508087.1302	3881297.5746	1.000
508087.6021	3881296.6139	1.000
508088.0893	3881295.5608	1.000
508088.5156	3881294.6000	1.000
508089.0331	3881293.6209	1.000
508089.8089	3881292.7159	1.000
508090.7515	3881292.1438	1.000
508091.7393	3881291.9044	1.000
508092.9548	3881292.0164	1.000
508094.0637	3881292.3501	1.000
508095.0511	3881292.7391	1.000
508096.0384	3881293.1466	1.000
508097.2385	3881293.4988	1.000
508098.4236	3881293.6108	1.000
508099.6239	3881293.7043	1.000
508100.7481	3881293.8901	1.000
508101.7810	3881294.2607	1.000
508102.7835	3881294.7421	1.000
508103.8466	3881295.3160	1.000
508103.3155	3881294.4654	1.000
508102.7389	3881293.5592	1.000
508101.9950	3881292.8562	1.000
508101.0990	3881292.3194	1.000
508101.7668	3881293.1517	1.000
508102.2977	3881294.1872	1.000
508102.7527	3881295.1487	1.000
508103.3292	3881296.1288	1.000
508104.1035	3881296.9428	1.000
508104.9691	3881297.4795	1.000
