508096.7157	3881300.4110	1.000
508095.7588	3881299.9296	1.000
508094.8476	3881299.4297	1.000
508093.9515	3881298.9484	1.000
508092.9643	3881298.4115	1.000
508091.9924	3881297.8376	1.000
508091.0507	3881297.3747	1.000
508090.0024	3881297.2444	1.000
508088.9234	3881297.4283	1.000
508087.9504	3881297.9634	1.000
508087.0684	3881298.7574	1.000
508086.3534	3881299.6809	1.000
508085.8360	3881300.5492	1.000
508085.2577	3881301.5467	1.000
508084.6947	3881302.5443	1.000
508084.1316	3881303.5049	1.000
508083.6142	3881304.4101	1.000
508083.1120	3881305.2784	1.000
508082.6097	3881306.1836	1.000
508082.0618	3881307.1997	1.000
508081.5291	3881308.1603	1.000
508081.0117	3881309.1025	1.000
508080.5094	3881310.0077	1.000
508081.0269	3881309.0655	1.000
508081.4836	3881308.1233	1.000
508081.8036	3881307.0331	1.000
508081.8806	3881305.9796	1.000
508081.7904	3881304.8706	1.000
508081.4418	3881303.8167	1.000
508080.8044	3881302.9290	1.000
508079.9845	3881302.3183	1.000
508079.0429	3881301.6891	1.000
508078.1469	3881301.1707	1.000
508079.0429	3881301.6706	1.000
508080.0302	3881302.1520	1.000
508081.0783	3881302.5226	1.000
508082.1419	3881302.5975	1.000
508083.3577	3881302.3583	1.000
508084.4523	3881301.7124	1.000
508085.1823	3881300.9367	1.000
508085.8518	3881299.9023	1.000
508086.4150	3881298.8492	1.000
508086.9781	3881297.8147	1.000
508087.5564	3881296.7432	1.000
508088.1196	3881295.6902	1.000
508088.5762	3881294.7849	1.000
508089.2306	3881293.7320	1.000
508089.9302	3881292.9748	1.000
508090.7665	3881292.3656	1.000
508091.9519	3881292.0340	1.000
508092.9548	3881292.0718	1.000
508093.9270	3881292.3130	1.000
508094.8839	3881292.7204	1.000
508095.7952	3881293.1648	1.000
508096.7370	3881293.5538	1.000
508097.8156	3881293.7766	1.000
508098.9096	3881293.8145	1.000
508099.9580	3881293.8524	1.000
508100.9911	3881294.0567	1.000
508101.9936	3881294.3902	1.000
508103.0872	3881294.9087	1.000
508104.0136	3881295.4271	1.000
508103.3458	3881294.5763	1.000
508102.6933	3881293.5776	1.000
508101.7975	3881292.8190	1.000
508102.4501	3881293.7437	1.000
508102.8443	3881294.7052	1.000
508103.2688	3881295.7776	1.000
508103.8454	3881296.7023	1.000
508104.6045	3881297.3683	1.000
