508096.8221	3881300.3741	1.000
508095.8804	3881299.8558	1.000
508094.9692	3881299.3744	1.000
508093.9820	3881298.8745	1.000
508093.0100	3881298.3006	1.000
508092.0685	3881297.6899	1.000
508091.0965	3881297.1160	1.000
508090.0787	3881296.8933	1.000
508089.0149	3881297.0217	1.000
508088.0421	3881297.4460	1.000
508087.2361	3881298.1107	1.000
508086.6427	3881298.9973	1.000
508086.0949	3881299.9579	1.000
508085.5774	3881300.9001	1.000
508085.0447	3881301.8607	1.000
508084.5121	3881302.8029	1.000
508083.9186	3881303.8005	1.000
508083.4012	3881304.7057	1.000
508082.8837	3881305.6663	1.000
508082.4118	3881306.5716	1.000
508081.8792	3881307.5137	1.000
508081.3922	3881308.4005	1.000
508080.8747	3881309.3426	1.000
508081.3769	3881308.4559	1.000
508081.9400	3881307.4768	1.000
508082.4574	3881306.6086	1.000
508082.8837	3881305.6109	1.000
508083.1278	3881304.5391	1.000
508083.2352	3881303.4117	1.000
508083.0994	3881302.2841	1.000
508082.7052	3881301.3227	1.000
508082.0525	3881300.5273	1.000
508081.2173	3881299.9721	1.000
508080.3364	3881299.4907	1.000
508079.4251	3881299.0648	1.000
508080.3820	3881299.5278	1.000
508081.3237	3881299.9907	1.000
508082.2198	3881300.4350	1.000
508083.2072	3881300.7132	1.000
508084.2101	3881300.6956	1.000
508085.1981	3881300.2898	1.000
508085.9737	3881299.5697	1.000
508086.5367	3881298.6276	1.000
508087.0086	3881297.7038	1.000
508087.4500	3881296.7801	1.000
508088.0436	3881295.6716	1.000
508088.5459	3881294.7294	1.000
508089.1547	3881293.6395	1.000
508089.7786	3881292.5865	1.000
508090.5695	3881291.7370	1.000
508091.4209	3881291.1463	1.000
508092.3786	3881290.7405	1.000
508093.3664	3881290.5751	1.000
508094.3692	3881290.5944	1.000
508095.4782	3881290.8357	1.000
508096.4047	3881291.2432	1.000
508095.9498	3881290.2447	1.000
508095.3731	3881289.3939	1.000
508094.5684	3881288.7278	1.000
508095.3884	3881289.3200	1.000
508096.0105	3881290.3002	1.000
508096.4350	3881291.3541	1.000
508096.8444	3881292.3710	1.000
508097.3754	3881293.3326	1.000
508098.2103	3881294.1836	1.000
508099.1823	3881294.7389	1.000
508100.1087	3881295.2203	1.000
508101.1111	3881295.7387	1.000
508102.1591	3881296.2757	1.000
508103.2223	3881296.7941	1.000
508104.2247	3881297.2756	1.000
508105.1360	3881297.7200	1.000
508106.1537	3881298.1830	1.000
