508106.2289	3881299.0517	2.778
508105.3176	3881298.5519	2.778
508104.2849	3881297.9780	2.778
508103.2977	3881297.4411	2.778
508102.2953	3881296.9227	2.778
508101.3537	3881296.4228	2.778
508100.3513	3881295.8489	2.778
508099.3034	3881295.2750	2.778
508098.3314	3881294.7012	2.778
508097.4051	3881294.1089	2.778
508097.5408	3881295.2550	2.778
508097.4030	3881296.4193	2.778
508096.9917	3881297.5464	2.778
508096.5199	3881298.4331	2.778
508096.0480	3881299.3753	2.778
508096.5502	3881298.4886	2.778
508097.0526	3881297.4725	2.778
508097.1902	3881296.4376	2.778
508096.9632	3881295.4578	2.778
508096.3258	3881294.5515	2.778
508095.3692	3881293.8668	2.778
508094.4731	3881293.3485	2.778
