508091.9821	3881309.3525	1.000
508091.0861	3881308.7603	1.000
508090.0990	3881308.1494	1.000
508089.1270	3881307.6311	1.000
508088.2006	3881307.1497	1.000
508087.2134	3881306.6313	1.000
508086.2413	3881306.1314	1.000
508085.2845	3881305.6500	1.000
508084.3125	3881305.1501	1.000
508083.3708	3881304.6687	1.000
508082.4443	3881304.2243	1.000
508081.3811	3881303.7058	1.000
508080.4395	3881303.2244	1.000
508079.5282	3881302.7800	1.000
508080.4242	3881303.3168	1.000
508081.1986	3881303.9829	1.000
508081.8664	3881304.8152	1.000
508082.2605	3881305.9060	1.000
508082.2139	3881306.9965	1.000
508081.7876	3881307.9387	1.000
508081.2094	3881308.8624	1.000
508080.5856	3881309.8229	1.000
508081.1182	3881308.8993	1.000
508081.6052	3881308.0125	1.000
508082.1988	3881306.9595	1.000
508082.5492	3881305.9248	1.000
508082.7327	3881304.6311	1.000
508082.9615	3881303.5778	1.000
508083.4183	3881302.5247	1.000
508084.0422	3881301.5272	1.000
508084.6204	3881300.5666	1.000
508085.1227	3881299.6798	1.000
508085.7162	3881298.6453	1.000
